*KEYWORD
*DEFINE_CURVE_TITLE
SYNTHETIC screenshot reconstruction absolute pressure
$ LCID SIDR SFA SFO OFFA OFFO DATTYP
26 0 1.0 1.0 0.0 0.0 0
$ Not a CFD solver result; screenshot anchors plus interpolated rows.
$ X in metres; ordinate in metres or absolute pressure in Pa.
$ ABSCISSA ORDINATE
1.4791 109676.0013191347
1.479851735675113 109734.9225392987
1.480724157317516 109791.6574419391
1.481711671244822 109846.2824135524
1.482808683774642 109898.873840635
1.48400960122459 109949.5081096834
1.485308829912277 109998.2616071941
1.486700776155315 110045.2107196635
1.488179846271316 110090.431833588
1.489740446577894 110134.0013354641
1.491376983392658 110175.9956117884
1.493083863033223 110216.4910490571
1.4948554918172 110255.5640337668
1.496686276062202 110293.290952414
1.498570622085839 110329.7481914951
1.500502936205726 110365.0121375065
1.502477624739473 110399.1591769448
1.504489094004693 110432.2656963063
1.506531750318998 110464.4080820876
1.5086 110495.662720785
1.51071234126088 110525.2247748493
1.512911411375217 110552.2052022808
1.515227825251226 110576.5540829009
1.517692197797119 110598.2214965307
1.52033514392111 110617.1575229915
1.523187278531413 110633.3122421046
1.52627921653624 110646.635733691
1.529641572843804 110657.0780775721
1.53330496236232 110664.589353569
1.5373 110669.1196415031
1.542224457603239 110667.287520494
1.548474587033738 110656.13061618
1.555778723222672 110636.2275781602
1.563865201101215 110608.1570560339
1.57246235560054 110572.4976994001
1.581298521651822 110529.828157858
1.590102034186235 110480.7270810068
1.598601228134953 110425.7731184455
1.60652443842915 110365.5449197734
1.6136 110300.6211345897
1.619711731351954 110238.4134003826
1.625241775432379 110181.8059520059
1.630665953836827 110124.586335106
1.63646008816085 110060.5420953294
1.6431 109983.4607783229
1.651076798471014 109881.6367361879
1.660411382713937 109750.4479328607
1.670874259359286 109594.3073317405
1.682235935037575 109417.6278962263
1.694266916379319 109224.822589717
1.706737710015032 109020.3043756118
1.719418822575228 108808.4862173096
1.732080760690424 108593.7810782095
1.744494030991133 108380.6019217105
1.756429140107871 108173.3617112116
1.767656594671152 107976.4734101119
1.77794690131149 107794.3499818103
1.787070566659402 107631.404389706
1.7947980973454 107492.0495971979
1.8009 107380.6985676851
1.8060604877428 107285.4664075227
1.811114687291474 107191.5899130577
1.816059475673645 107099.1645826767
1.820891729916942 107008.2859147662
1.825608327048989 106919.0494077129
1.830206144097412 106831.5505599035
1.834682058089838 106745.8848697244
1.839032946053892 106662.1478355624
1.843255685017201 106580.434955804
1.847347152007389 106500.8417288359
1.851304224052085 106423.4636530446
1.855123778178912 106348.3962268169
1.858802691415497 106275.7349485392
1.862337840789467 106205.5753165982
1.865726103328447 106138.0128293806
1.868964356060062 106073.1429852729
1.87204947601194 106011.0612826617
1.874978340211706 105951.8632199338
1.877747825686985 105895.6442954755
1.880354809465405 105842.5000076737
1.88279616857459 105792.5258549149
1.885068780042167 105745.8173355857
1.887169520895762 105702.4699480727
1.889095268163 105662.5791907626
1.890842898871508 105626.2405620419
1.892409290048911 105593.5495602973
1.893791318722836 105564.6016839153
1.894985861920909 105539.4924312827
1.895989796670755 105518.317300786
1.8968 105501.1717908118
1.897504777027824 105486.8170497204
1.898189300872436 105473.8456153078
1.898845750560009 105462.1000701144
1.899466305116718 105451.4229966806
1.900043143568734 105441.6569775465
1.90056844494223 105432.6445952526
1.901034388263381 105424.2284323392
1.901433152558359 105416.2510713466
1.901756916853336 105408.5550948152
1.901997860174487 105400.9830852851
1.902148161547984 105393.3776252969
1.9022 105385.5812973907
1.9022 105368.8640458356
1.9022 105340.4884156513
1.9022 105309.2858905041
1.9022 105284.0879540604
1.9022 105273.7260899866
1.902063682752588 105275.8844274556
1.901674558973611 105282.0454998672
1.90106237060796 105291.738397228
1.900256859600525 105304.4922095449
1.899287767896195 105319.8360268245
1.89818483743986 105337.2989390738
1.896977810176411 105356.4100362994
1.895696428050736 105376.6984085081
1.894370433007727 105397.6931457066
1.893029566992273 105418.9233379018
1.891703571949264 105439.9180751003
1.890422189823589 105460.206447309
1.88921516256014 105479.3175445346
1.888112232103805 105496.7804567838
1.887143140399475 105512.1242740635
1.88633762939204 105524.8780863804
1.885725441026389 105534.5709837412
1.885336317247412 105540.7320561528
1.8852 105542.8903936218
1.8852 105530.8946145126
1.8852 105496.1220396266
1.8852 105440.394812626
1.8852 105365.5350771727
1.8852 105273.3649769291
1.8852 105165.7066555572
1.8852 105044.3822567192
1.8852 104911.2139240773
1.8852 104768.0238012935
1.8852 104616.6340320301
1.8852 104458.8667599491
1.8852 104296.5441287128
1.8852 104131.4882819833
1.8852 103965.5213634226
1.8852 103800.4655166931
1.8852 103638.1428854568
1.8852 103480.3756133758
1.8852 103328.9858441124
1.8852 103185.7957213286
1.8852 103052.6273886867
1.8852 102931.3029898487
1.8852 102823.6446684768
1.8852 102731.4745682332
1.8852 102656.6148327799
1.8852 102600.8876057793
1.8852 102566.1150308933
1.8852 102554.1192517841
1.885336317247412 102553.0432087115
1.885725441026389 102549.9715948496
1.88633762939204 102545.1391832325
1.887143140399475 102538.7807468942
1.888112232103805 102531.1310588687
1.88921516256014 102522.4248921901
1.890422189823589 102512.8970198924
1.891703571949264 102502.7822150096
1.893029566992273 102492.3152505758
1.894370433007727 102481.7308996249
1.895696428050736 102471.2639351911
1.89697781017641 102461.1491303083
1.89818483743986 102451.6212580106
1.899287767896195 102442.915091332
1.900256859600525 102435.2654033065
1.90106237060796 102428.9069669682
1.901674558973611 102424.0745553511
1.902063682752588 102421.0029414892
1.9022 102419.9268984166
1.9022 102397.5558569358
1.9022 102375.184815455
1.9022 102352.8137739741
1.9022 102330.4427324933
1.9022 102308.0716910125
1.9019 102308.7224849465
1.901473764201487 102309.669026021
1.901008443436166 102310.7002092689
1.900502608569841 102311.8229254424
1.899954830468316 102313.0440652936
1.899363679997394 102314.3705195747
1.89872772802288 102315.8091790379
1.898045545410577 102317.3669344353
1.897315703026289 102319.0506765192
1.896536771735819 102320.8672960416
1.895707322404973 102322.8236837548
1.894825925899552 102324.926730411
1.893891153085361 102327.1833267623
1.892901574828205 102329.6003635608
1.891855761993886 102332.1847315588
1.890752285448208 102334.9433215085
1.889589716056975 102337.8830241619
1.888366624685991 102341.0107302713
1.887081582201061 102344.3333305889
1.885733159467986 102347.8577158667
1.884319927352572 102351.5907768571
1.882840456720623 102355.5394043121
1.881293318437941 102359.7104889839
1.87967708337033 102364.1109216248
1.877990322383595 102368.7475929868
1.876231606343539 102373.6273938222
1.874399506115967 102378.7572148831
1.872492592566681 102384.1439469217
1.870509436561485 102389.7944806902
1.868448608966184 102395.7157069406
1.866308680646582 102401.9145164253
1.864088222468481 102408.3977998964
1.861785805297686 102415.1724481061
1.8594 102422.2453518064
1.856310890119993 102431.8657463074
1.852026077680947 102445.9774633724
1.846735411266738 102464.1292884343
1.840628739461238 102485.8700069256
1.833895910848323 102510.748404279
1.826726774011868 102538.3132659273
1.819311177535746 102568.1133773031
1.811838970003832 102599.6975238391
1.8045 102632.6144909679
1.796983102179752 102667.9623380433
1.788917853248729 102707.1929423931
1.780405214866018 102750.3858164104
1.771546148690704 102797.6204724889
1.762441616381872 102848.9764230218
1.753192579598609 102904.5331804027
1.7439 102964.370257025
1.734381113316402 103028.0743751069
1.72449617649311 103096.000827728
1.714410683011617 103169.3819835741
1.704290126353417 103249.4502113307
1.6943 103337.4378796833
1.684454536143907 103429.3916900159
1.674643304480354 103522.3002726511
1.664844804744847 103618.808889683
1.655037536672894 103721.5628032054
1.6452 103833.2072753122
1.635255526638766 103955.913857137
1.62521838519013 104087.979466768
1.615203480422112 104226.2374167309
1.605325717102729 104367.5210195518
1.5957 104508.6635877565
1.585985082163669 104665.3527076417
1.576096917377082 104845.2485242385
1.566536211508661 105033.1431881741
1.557803670426827 105213.8288500758
1.5504 105372.0976605709
1.54442447289398 105507.2244366533
1.5395 105627.7308736619
1.535374266078023 105733.7789557535
1.531751600927163 105830.8454972659
1.528353135312721 105925.5652116162
1.5249 106024.5728122212
1.521196349991472 106133.4628548233
1.517430359884018 106247.7699986597
1.513899189834556 106359.0391123902
1.5109 106458.8150646744
1.508439481056489 106545.2932607811
1.506263418779224 106624.4995749563
1.504277615973714 106699.7245793253
1.502387875445469 106774.2588460132
1.5005 106851.3929471454
1.498551553226227 106934.3576833529
1.496600670041376 107021.0822614271
1.494734010243411 107106.9048627333
1.493038233630298 107187.1636686371
1.4916 107257.196860504
1.49041576012183 107315.9847188544
1.489383971012971 107367.9380139252
1.488444301843197 107416.5406616561
1.487536421782282 107465.2765779871
1.4866 107517.6296788582
1.485657573693783 107573.5366977763
1.4847 107634.0540020071
1.483690195420343 107700.5091654409
1.482636678192802 107773.1696516885
1.4815 107855.608661909
1.4802 107958.9493153434
1.4791 108056.5616263381
1.4782 108147.8937758698
1.4774 108234.0351658675
1.4767 108314.8217420272
1.4762 108389.06716124
1.4757 108459.0844536128
1.4754 108522.5233039697
1.4751 108581.7936835972
1.4748 108636.9999906891
1.4746 108687.0080812333
1.4745 108732.1386068243
1.4744 108773.5853675847
1.4743 108811.6019019848
1.4743 108848.7467792596
1.4742 108887.1674838091
1.4742 108924.3750000321
1.4742 108961.5847532951
1.4743 108997.6305345227
1.4743 109034.7754117975
1.4744 109070.4267169938
1.4745 109109.4933345227
1.4746 109152.2735449376
1.4748 109197.5362630464
1.475 109246.8033975803
1.4754 109297.7544614184
1.4757 109354.0454250669
1.4762 109412.1843723238
1.4767 109474.5738174621
1.4774 109538.7814181534
1.4782 109606.0084315343
1.4791 109676.0013191347
2.0347 90888.24547496655
2.0347 90888.24547496655
2.0347 90863.47327503345
2.0347 90837.34769251908
2.0347 90813.92887516726
2.034635632747493 90796.18620377108
2.03444496925611 90781.53773866278
2.034131666925053 90769.7767946388
2.033699383153529 90760.69668649552
2.033151775340742 90754.09072902937
2.032492500885897 90749.75223703678
2.031725217188197 90747.47452531414
2.030853581646848 90747.0509086579
2.029881251661056 90748.27470186444
2.028811884630023 90750.93921973019
2.027649137952956 90754.83777705157
2.026396669029058 90759.76368862497
2.025058135257534 90765.51026924685
2.023637194037589 90771.87083371358
2.022137502768426 90778.63869682161
2.020562718849253 90785.60717336733
2.018916499679273 90792.56957814717
2.017202502657689 90799.31922595756
2.015424385183709 90805.64943159487
2.013585804656535 90811.35350985554
2.011690418475372 90816.22477553601
2.009741884039426 90820.05654343267
2.0077438587479 90822.64212834193
2.0057 90823.77484506021
2.003103877714197 90823.48949159772
1.999598236677489 90822.20162090199
1.995410496591872 90820.2756801755
1.990768077159341 90818.07611662066
1.985898398081893 90815.96737743994
1.981028879061524 90814.31390983575
1.976386939800227 90813.48016101056
1.9722 90813.83057816682
1.968160196731171 90815.28143479704
1.963901278945489 90817.40238160803
1.959563084167073 90820.03793162356
1.955285449920046 90823.03259786745
1.95120821372853 90826.23089336349
1.947471213116645 90829.47733113549
1.944214285608514 90832.61642420726
1.941577268728259 90835.49268560256
1.9397 90837.95062834522
1.938276718263103 90840.12021680905
1.936907728237056 90842.23496094579
1.935591966266167 90844.29469214614
1.934328368694742 90846.29924180082
1.933115871867089 90848.24844130051
1.931953412127515 90850.14212203596
1.930839925820327 90851.98011539786
1.929774349289832 90853.76225277693
1.928755618880337 90855.48836556386
1.92778267093615 90857.15828514937
1.926854441801578 90858.77184292418
1.925969867820927 90860.32887027897
1.925127885338506 90861.82919860448
1.92432743069862 90863.2726592914
1.923567440245578 90864.65908373044
1.922846850323686 90865.98830331232
1.922164597277252 90867.26014942775
1.921519617450582 90868.47445346741
1.920910847187985 90869.63104682205
1.920337222833766 90870.72976088236
1.919797680732234 90871.77042703905
1.919291157227694 90872.75287668282
1.918816588664456 90873.67694120439
1.918372911386825 90874.54245199448
1.917959061739109 90875.34924044379
1.917573976065614 90876.09713794301
1.91721659071065 90876.78597588286
1.91688584201852 90877.41558565407
1.916580666333535 90877.98579864732
1.9163 90878.49644625335
1.9161 90878.85573873774
1.915864195949796 90881.89643490108
1.915617820906621 90885.53891316797
1.915360538639739 90889.77196998365
1.915092012918413 90894.5844017934
1.914811907511907 90899.9650050425
1.914519886189487 90905.90257617619
1.914215612720413 90912.38591163978
1.913898750873951 90919.40380787851
1.913568964419365 90926.94506133767
1.913225917125917 90934.99846846252
1.912869272762873 90943.55282569832
1.912498695099495 90952.59692949036
1.912113847905048 90962.11957628391
1.911714394948795 90972.10956252422
1.9113 90982.55568465656
1.910821607866402 90996.80586324792
1.910249939023384 91017.23367063321
1.909614320741679 91042.36638090957
1.908944080292019 91070.73126817416
1.908268544945134 91100.85560652411
1.907617041971759 91131.2666700566
1.907018898642623 91160.49173286877
1.906503442228459 91187.05806905779
1.9061 91209.49295272079
1.90577300818716 91228.76969060559
1.905466362996439 91246.94055553706
1.905178581663439 91264.15127072795
1.904908181423763 91280.54755939098
1.904653679513015 91296.27514473887
1.904413593166798 91311.47974998437
1.904186439620715 91326.3070983402
1.903970736110369 91340.9029130191
1.903764999871365 91355.4129172338
1.903567748139305 91369.98283419703
1.903377498149792 91384.75838712153
1.903192767138431 91399.88529922003
1.903012072340823 91415.50929370525
1.902833930992573 91431.77609378993
1.902656860329283 91448.83142268681
1.902479377586558 91466.82100360861
1.9023 91485.89055976807
1.902117113763451 91506.06674202943
1.901930454753602 91527.25009892069
1.90174056473033 91549.39720015015
1.90154798545351 91572.46461542616
1.90135325868302 91596.40891445699
1.901156926178737 91621.18666695099
1.900959529700537 91646.75444261647
1.900761611008296 91673.06881116173
1.900563711861892 91700.08634229511
1.900366374021201 91727.76360572493
1.900170139246101 91756.05717115948
1.899975549296466 91784.9236083071
1.899783145932175 91814.31948687609
1.899593470913103 91844.2013765748
1.899407065999129 91874.52584711151
1.899224472950128 91905.24946819455
1.899046233525976 91936.32880953225
1.898872889486551 91967.7204408329
1.898704982591729 91999.38093180484
1.898543054601388 92031.26685215639
1.898387647275402 92063.33477159585
1.898239302373651 92095.54125983155
1.898098561656009 92127.8428865718
1.897965966882354 92160.19622152492
1.897842059812562 92192.55783439922
1.897727382206511 92224.88429490304
1.897622475824076 92257.13217274466
1.897527882425134 92289.25803763243
1.897444143769563 92321.21845927466
1.897371801617238 92352.97000737966
1.897311397728037 92384.46925165574
1.897263473861836 92415.67276181123
1.897228571778511 92446.53710755447
1.897207233237941 92477.01885859373
1.8972 92507.07458463735
1.897209217885099 92537.42195809534
1.897236192296123 92568.72065596419
1.897279904366657 92600.84025483191
1.897339335230292 92633.65033128652
1.897413466020613 92667.02046191604
1.89750127787121 92700.82022330844
1.897601751915669 92734.91919205179
1.897713869287579 92769.18694473406
1.897836611120528 92803.49305794327
1.897968958548102 92837.70710826745
1.898109892703891 92871.6986722946
1.898258394721481 92905.33732661273
1.898413445734461 92938.49264780986
1.898574026876418 92971.03421247401
1.898739119280941 93002.83159719317
1.898907704081616 93033.75437855537
1.899078762412032 93063.67213314862
1.899251275405777 93092.45443756094
1.899424224196437 93119.97086838032
1.899596589917603 93146.09100219479
1.899767353702859 93170.68441559236
1.899935496685796 93193.62068516105
1.9001 93214.76938748885
1.900262143651123 93234.54741300878
1.900424256217856 93253.48834548482
1.900586891693345 93271.63680150139
1.900750604070738 93289.03739764293
1.900915947343182 93305.73475049387
1.901083475503822 93321.77347663869
1.901253742545806 93337.1981926618
1.901427302462281 93352.05351514765
1.901604709246394 93366.38406068069
1.90178651689129 93380.23444584534
1.901973279390118 93393.64928722607
1.902165550736024 93406.67320140731
1.902363884922154 93419.3508049735
1.902568835941656 93431.72671450907
1.902780957787676 93443.84554659847
1.903000804453361 93455.75191782616
1.903228929931859 93467.49044477656
1.903465888216314 93479.10574403411
1.903712233299876 93490.64243218326
1.903968519175689 93502.14512580846
1.904235299836902 93513.65844149413
1.904513129276661 93525.22699582473
1.904802561488112 93536.89540538471
1.905104150464403 93548.70828675848
1.90541845019868 93560.71025653051
1.905746014684091 93572.94593128521
1.906087397913781 93585.45992760707
1.906443153880898 93598.29686208047
1.906813836578589 93611.50135128992
1.9072 93625.11801181981
1.907711782764759 93639.90124617555
1.908403364694802 93655.57121004452
1.909191361586739 93670.62114978416
1.909992389237178 93683.54431175186
1.910723063442729 93692.83394230502
1.9113 93696.98328780106
1.911759714077242 93698.00977742788
1.912195065555691 93698.91395952093
1.912607187301437 93699.66375915897
1.91299721218057 93700.22710142078
1.91336627305918 93700.57191138515
1.913715502803356 93700.66611413087
1.914046034279189 93700.4776347367
1.914359000352768 93699.97439828143
1.914655533890183 93699.12432984382
1.914936767757524 93697.89535450266
1.915203834820881 93696.25539733673
1.915457867946343 93694.17238342481
1.9157 93691.61423784567
1.915886546549907 93689.35528600715
1.9161 93686.71972513381
1.916464068489228 93681.34713668936
1.91697173603144 93672.44133559444
1.917617314558897 93660.1414048383
1.918395116003857 93644.58642741022
1.91929945229858 93625.91548629945
1.920324635375326 93604.26766449527
1.921464977166355 93579.78204498695
1.922714789603927 93552.59771076374
1.9240683846203 93522.85374481494
1.925520074147736 93490.68923012979
1.927064170118493 93456.24324969758
1.928694984464831 93419.65488650756
1.93040682911901 93381.06322354899
1.932194016013291 93340.60734381116
1.934050857079931 93298.42633028333
1.935971664251191 93254.65926595478
1.937950749459332 93209.44523381474
1.939982424636612 93162.92331685251
1.942061001715292 93115.23259805735
1.94418079262763 93066.51216041853
1.946336109305887 93016.90108692531
1.948521263682322 92966.53846056698
1.950730567689196 92915.56336433277
1.952958333258767 92864.11488121198
1.955198872323296 92812.33209419386
1.957446496815043 92760.3540862677
1.959695518666266 92708.31994042273
1.961940249809226 92656.36873964826
1.964175002176182 92604.63956693353
1.966394087699395 92553.27150526781
1.968591818311123 92502.40363764038
1.970762505943627 92452.17504704049
1.972900462529166 92402.72481645744
1.975 92354.19202888047
1.977193702523292 92303.27651057107
1.979599758004526 92247.03368053726
1.982190883983444 92186.13601088802
1.984939797999789 92121.25597373233
1.987819217593302 92053.06604117923
1.990801860303726 91982.23868533768
1.993860443670803 91909.44637831672
1.996967685234276 91835.36159222529
2.000096302533886 91760.65679917244
2.003219013109375 91686.00447126715
2.006308534500485 91612.07708061842
2.00933758424696 91539.54709933525
2.012278879888541 91469.08699952663
2.01510513896497 91401.36925330156
2.017789079015989 91337.06633276904
2.020303417581342 91276.85071003808
2.022620872200769 91221.39485721766
2.024714160414012 91171.37124641679
2.026555999760815 91127.45234974448
2.028119107780919 91090.3106393097
2.029376202014067 91060.61858722146
2.0303 91039.04866558877
2.031041947994966 91022.98301972583
2.031760336262354 91009.08116041498
2.032438148352616 90996.93160796736
2.033058367816209 90986.12288269409
2.033603978203584 90976.24350490631
2.034057963065197 90966.88199491514
2.034403305951502 90957.62687303174
2.034622990412951 90948.06665956722
2.0347 90937.78987483274
2.0347 90913.01767489965
2.0347 90888.24547496655
*END
