*KEYWORD
*DEFINE_CURVE_TITLE
SYNTHETIC screenshot reconstruction absolute pressure
$ LCID SIDR SFA SFO OFFA OFFO DATTYP
26 0 1.0 1.0 0.0 0.0 0
$ Not a CFD solver result; screenshot anchors plus interpolated rows.
$ X in metres; ordinate in metres or absolute pressure in Pa.
$ ABSCISSA ORDINATE
1.4791 104236.7496797502
1.479851735675113 103968.1251569208
1.480724157317516 103701.2637505094
1.481711671244822 103436.1799021656
1.482808683774642 103172.8880535392
1.48400960122459 102911.4026462796
1.485308829912277 102651.7381220365
1.486700776155315 102393.9089224596
1.488179846271316 102137.9294891983
1.489740446577894 101883.8142639024
1.491376983392658 101631.5776882215
1.493083863033223 101381.2342038052
1.4948554918172 101132.7982523031
1.496686276062202 100886.2842753648
1.498570622085839 100641.7067146399
1.500502936205726 100399.0800117781
1.502477624739473 100158.4186084289
1.504489094004693 99919.73694624206
1.506531750318998 99683.04946686709
1.5086 99448.37061195361
1.51071234126088 99217.78121381934
1.512911411375217 98992.35374280112
1.515227825251226 98770.59009757734
1.517692197797119 98550.99217682636
1.52033514392111 98332.06187922659
1.523187278531413 98112.30110345641
1.52627921653624 97890.21174819417
1.529641572843804 97664.29571211828
1.53330496236232 97433.05489390713
1.5373 97194.99119223907
1.542224457603239 96930.13015619465
1.548474587033738 96628.00980870149
1.555778723222672 96301.40075920869
1.563865201101215 95963.0736171653
1.57246235560054 95625.7989920204
1.581298521651822 95302.34749322306
1.590102034186235 95005.48973022234
1.598601228134953 94747.99631246731
1.60652443842915 94542.63784940705
1.6136 94402.18495049063
1.619711731351954 94304.48453409958
1.625241775432379 94217.3176806237
1.630665953836827 94138.35624252442
1.63646008816085 94065.27207226321
1.6431 93995.73702230152
1.651076798471014 93947.75254952467
1.660411382713937 93937.98047494162
1.670874259359286 93962.08319719927
1.682235935037575 94015.72311494453
1.694266916379319 94094.56262682426
1.706737710015032 94194.26413148537
1.719418822575228 94310.49002757475
1.732080760690424 94438.90271373928
1.744494030991133 94575.16458862588
1.756429140107871 94714.93805088142
1.767656594671152 94853.88549915279
1.77794690131149 94987.66933208691
1.787070566659402 95111.95194833064
1.7947980973454 95222.39574653088
1.8009 95314.66312533453
1.8060604877428 95396.78346588738
1.811114687291474 95479.54744634556
1.816059475673645 95562.75941087147
1.820891729916942 95646.22370362747
1.825608327048989 95729.74466877594
1.830206144097412 95813.12665047927
1.834682058089838 95896.17399289981
1.839032946053892 95978.69104019998
1.843255685017201 96060.48213654212
1.847347152007389 96141.35162608864
1.851304224052085 96221.1038530019
1.855123778178912 96299.54316144429
1.858802691415497 96376.47389557819
1.862337840789467 96451.70039956596
1.865726103328447 96525.02701757001
1.868964356060062 96596.25809375269
1.87204947601194 96665.19797227639
1.874978340211706 96731.6509973035
1.877747825686985 96795.42151299638
1.880354809465405 96856.31386351743
1.88279616857459 96914.13239302901
1.885068780042167 96968.68144569351
1.887169520895762 97019.7653656733
1.889095268163 97067.18849713077
1.890842898871508 97110.7551842283
1.892409290048911 97150.26977112825
1.893791318722836 97185.53660199302
1.894985861920909 97216.36002098498
1.895989796670755 97242.54437226652
1.8968 97263.894
1.897504777027824 97280.30800442936
1.898189300872436 97292.50834846559
1.898845750560009 97301.53367027173
1.899466305116718 97308.42260801078
1.900043143568734 97314.21379984572
1.90056844494223 97319.9458839396
1.901034388263381 97326.6574984554
1.901433152558359 97335.38728155615
1.901756916853336 97347.17387140484
1.901997860174487 97363.05590616449
1.902148161547984 97384.0720239981
1.9022 97411.26086306869
1.9022 97475.69826906288
1.9022 97585.07342540984
1.9022 97705.34497688636
1.9022 97802.47156826929
1.9022 97842.41184433541
1.902063682752588 97841.61972007906
1.901674558973611 97839.35856538366
1.90106237060796 97835.80120735969
1.900256859600525 97831.12047311761
1.899287767896195 97825.48918976792
1.89818483743986 97819.08018442109
1.896977810176411 97812.06628418759
1.895696428050736 97804.6203161779
1.894370433007727 97796.91510750249
1.893029566992273 97789.12348527183
1.891703571949264 97781.41827659642
1.890422189823589 97773.97230858673
1.88921516256014 97766.95840835322
1.888112232103805 97760.54940300639
1.887143140399475 97754.91811965669
1.88633762939204 97750.23738541463
1.885725441026389 97746.68002739064
1.885336317247412 97744.41887269524
1.8852 97743.6267484389
1.8852 97789.86502427775
1.8852 97923.89749474736
1.8852 98138.70062427726
1.8852 98427.25087729699
1.8852 98782.52471823609
1.8852 99197.4986115241
1.8852 99665.14902159057
1.8852 100178.452412865
1.8852 100730.385249777
1.8852 101313.923996756
1.8852 101922.0451182317
1.8852 102547.7250786335
1.8852 103183.940342391
1.8852 103823.6673739337
1.8852 104459.8826376912
1.8852 105085.562598093
1.8852 105693.6837195687
1.8852 106277.2224665477
1.8852 106829.1553034597
1.8852 107342.4586947341
1.8852 107810.1091048006
1.8852 108225.0829980886
1.8852 108580.3568390277
1.8852 108868.9070920474
1.8852 109083.7102215773
1.8852 109217.742692047
1.8852 109263.9809678858
1.885336317247412 109260.6013391961
1.885725441026389 109250.954035482
1.88633762939204 109235.7764302757
1.887143140399475 109215.8058971095
1.888112232103805 109191.7798095157
1.88921516256014 109164.4355410265
1.890422189823589 109134.5104651744
1.891703571949264 109102.7419554915
1.893029566992273 109069.8673855102
1.894370433007727 109036.6241287628
1.895696428050736 109003.7495587814
1.89697781017641 108971.9810490986
1.89818483743986 108942.0559732464
1.899287767896195 108914.7117047573
1.900256859600525 108890.6856171635
1.90106237060796 108870.7150839973
1.901674558973611 108855.537478791
1.902063682752588 108845.8901750768
1.9022 108842.5105463872
1.9022 108928.7407426405
1.9022 109014.9709388938
1.9022 109101.2011351472
1.9022 109187.4313314005
1.9022 109273.6615276539
1.9019 109287.718676628
1.901473764201487 109307.6064541207
1.901008443436166 109329.3262025713
1.900502608569841 109352.9302764508
1.899954830468316 109378.4710302305
1.899363679997394 109406.0008183814
1.89872772802288 109435.5719953748
1.898045545410577 109467.2369156818
1.897315703026289 109501.0479337735
1.896536771735819 109537.057404121
1.895707322404973 109575.3176811956
1.894825925899552 109615.8811194683
1.893891153085361 109658.8000734104
1.892901574828205 109704.1268974929
1.891855761993886 109751.9139461869
1.890752285448208 109802.2135739638
1.889589716056975 109855.0781352945
1.888366624685991 109910.5599846502
1.887081582201061 109968.7114765021
1.885733159467986 110029.5849653214
1.884319927352572 110093.2328055791
1.882840456720623 110159.7073517464
1.881293318437941 110229.0609582945
1.87967708337033 110301.3459796945
1.877990322383595 110376.6147704176
1.876231606343539 110454.9196849349
1.874399506115967 110536.3130777175
1.872492592566681 110620.8473032366
1.870509436561485 110708.5747159633
1.868448608966184 110799.5476703688
1.866308680646582 110893.8185209243
1.864088222468481 110991.4396221008
1.861785805297686 111092.4633283695
1.8594 111196.9419942016
1.856310890119993 111330.4369317532
1.852026077680947 111512.6452175538
1.846735411266738 111734.8228526346
1.840628739461238 111988.2258380269
1.833895910848323 112264.1101747619
1.826726774011868 112553.7318638709
1.819311177535746 112848.346906385
1.811838970003832 113139.2113033356
1.8045 113417.5810557538
1.796983102179752 113696.4058455326
1.788917853248729 113990.54370468
1.780405214866018 114294.1131593995
1.771546148690704 114601.2327358949
1.762441616381872 114906.0209603699
1.753192579598609 115202.5963590281
1.7439 115485.0774580732
1.734381113316402 115765.1492936364
1.72449617649311 116049.1588272557
1.714410683011617 116323.2174732451
1.704290126353417 116573.4366459185
1.6943 116785.9277595897
1.684454536143907 116975.1430977486
1.674643304480354 117158.787959362
1.664844804744847 117327.8532819582
1.655037536672894 117473.3300030661
1.6452 117586.2090602141
1.635255526638766 117662.3536367117
1.62521838519013 117707.5404430485
1.615203480422112 117727.6307075237
1.605325717102729 117728.4856584364
1.5957 117715.9665240856
1.585985082163669 117648.4480641582
1.576096917377082 117501.0448393325
1.566536211508661 117304.7277793946
1.557803670426827 117090.4678141308
1.5504 116889.2358733274
1.54442447289398 116698.3454824989
1.5395 116505.7718175736
1.535374266078023 116324.8230680289
1.531751600927163 116150.7151811728
1.528353135312721 115973.2731991586
1.5249 115782.3221641392
1.521196349991472 115567.1119479778
1.517430359884018 115334.4636192715
1.513899189834556 115100.5590152737
1.5109 114881.5799732382
1.508439481056489 114684.1129339454
1.506263418779224 114498.9683157932
1.504277615973714 114318.6639224614
1.502387875445469 114135.7175576296
1.5005 113942.6470249777
1.498551553226227 113730.4467252624
1.496600670041376 113503.8884800595
1.494734010243411 113276.1562242771
1.493038233630298 113060.4338928234
1.4916 112869.9054206066
1.49041576012183 112708.6973472522
1.489383971012971 112565.4152480995
1.488444301843197 112429.9616116277
1.487536421782282 112292.2389263156
1.4866 112142.1496806423
1.485657573693783 111978.6932593968
1.4847 111798.30270562
1.483690195420343 111597.908534623
1.482636678192802 111376.0094282048
1.4815 111121.0106119536
1.4802 110794.4639090098
1.4791 110478.9535865299
1.4782 110176.6066560214
1.4774 109888.7458561552
1.4767 109616.0035417038
1.4762 109357.4306381802
1.4757 109115.1552417484
1.4754 108887.1929732382
1.4751 108675.2982646298
1.4748 108479.0687083408
1.4746 108297.3540260928
1.4745 108128.9182517395
1.4744 107974.6817163693
1.4743 107833.6671444246
1.4743 107690.4905265656
1.4742 107547.9180624086
1.4742 107404.4999998763
1.4742 107261.0733145718
1.4743 107116.6113244603
1.4743 106973.4347066013
1.4744 106830.4932422837
1.4745 106674.3873013381
1.4746 106503.9671478145
1.4748 106318.4561676182
1.475 106117.5099822926
1.4754 105899.0292390723
1.4757 105665.4874972346
1.4762 105413.7788427297
1.4767 105145.6864509367
1.4774 104859.5421200714
1.4782 104556.2374378234
1.4791 104236.7496797502
2.0347 92917.94471467441
2.0347 92917.94471467441
2.0347 93013.43028532561
2.0347 93114.13253065373
2.0347 93204.40142662801
2.034635632747493 93276.34564755332
2.03444496925611 93343.33704646016
2.034131666925053 93405.97034337555
2.033699383153529 93464.84025832638
2.033151775340742 93520.54151133966
2.032492500885897 93573.66882244233
2.031725217188197 93624.81691166134
2.030853581646848 93674.58049902365
2.029881251661056 93723.55430455622
2.028811884630023 93772.33304828602
2.027649137952956 93821.51145023998
2.026396669029058 93871.68423044507
2.025058135257534 93923.44610892824
2.023637194037589 93977.39180571647
2.022137502768426 94034.11604083671
2.020562718849253 94094.2135343159
2.018916499679273 94158.27900618101
2.017202502657689 94226.90717645899
2.015424385183709 94300.69276517681
2.013585804656535 94380.23049236141
2.011690418475372 94466.11507803976
2.009741884039426 94558.94124223881
2.0077438587479 94659.30370498553
2.0057 94767.79718630687
2.003103877714197 94912.25205720997
1.999598236677489 95110.79378243699
1.995410496591872 95349.45972261732
1.990768077159341 95614.28723838041
1.985898398081893 95891.31369035562
1.981028879061524 96166.57643917241
1.976386939800227 96426.11284546019
1.9722 96655.96026984835
1.968160196731171 96873.44128590391
1.963901278945489 97100.43866694665
1.959563084167073 97329.83007323518
1.955285449920046 97554.49316502814
1.95120821372853 97767.30560258415
1.947471213116645 97961.14504616182
1.944214285608514 98128.88915601978
1.941577268728259 98263.41559241666
1.9397 98357.60201561106
1.938276718263103 98427.83126062436
1.936907728237056 98495.27397816379
1.935591966266167 98559.98955201679
1.934328368694742 98622.0373659708
1.933115871867089 98681.47680381326
1.931953412127515 98738.36724933161
1.930839925820327 98792.76808631328
1.929774349289832 98844.73869854574
1.928755618880337 98894.3384698164
1.92778267093615 98941.62678391271
1.926854441801578 98986.6630246221
1.925969867820927 99029.50657573203
1.925127885338506 99070.21682102991
1.92432743069862 99108.85314430321
1.923567440245578 99145.47492933935
1.922846850323686 99180.14155992577
1.922164597277252 99212.91241984995
1.921519617450582 99243.84689289927
1.920910847187985 99273.0043628612
1.920337222833766 99300.44421352318
1.919797680732234 99326.22582867264
1.919291157227694 99350.40859209702
1.918816588664456 99373.05188758379
1.918372911386825 99394.21509892035
1.917959061739109 99413.95760989416
1.917573976065614 99432.33880429264
1.91721659071065 99449.41806590326
1.91688584201852 99465.25477851344
1.916580666333535 99479.90832591063
1.9163 99493.43809188224
1.9161 99503.09695851918
1.915864195949796 99504.39729231836
1.915617820906621 99503.96174803014
1.915360538639739 99501.85207654988
1.915092012918413 99498.13002877301
1.914811907511907 99492.85735559488
1.914519886189487 99486.09580791087
1.914215612720413 99477.90713661638
1.913898750873951 99468.35309260679
1.913568964419365 99457.49542677746
1.913225917125917 99445.39589002381
1.912869272762873 99432.11623324119
1.912498695099495 99417.718207325
1.912113847905048 99402.26356317062
1.911714394948795 99385.81405167343
1.9113 99368.43142372882
1.910821607866402 99339.91974007108
1.910249939023384 99292.7467407799
1.909614320741679 99230.96969576868
1.908944080292019 99158.64587495083
1.908268544945134 99079.83254823976
1.907617041971759 98998.58698554887
1.907018898642623 98918.9664567916
1.906503442228459 98845.02823188133
1.9061 98780.82958073149
1.90577300818716 98724.58263976722
1.905466362996439 98671.47481869868
1.905178581663439 98621.0262973668
1.904908181423763 98572.75725561247
1.904653679513015 98526.18787327661
1.904413593166798 98480.83833020013
1.904186439620715 98436.22880622397
1.903970736110369 98391.87948118903
1.903764999871365 98347.31053493622
1.903567748139305 98302.04214730646
1.903377498149792 98255.59449814066
1.903192767138431 98207.48776727974
1.903012072340823 98157.24213456463
1.902833930992573 98104.37777983621
1.902656860329283 98048.41488293542
1.902479377586558 97988.87362370317
1.9023 97925.27418198038
1.902117113763451 97857.60294336674
1.901930454753602 97786.25783267482
1.90174056473033 97711.37633856479
1.90154798545351 97633.09594969686
1.90135325868302 97551.55415473117
1.901156926178737 97466.88844232795
1.900959529700537 97379.23630114736
1.900761611008296 97288.73521984959
1.900563711861892 97195.52268709484
1.900366374021201 97099.73619154326
1.900170139246101 97001.51322185504
1.899975549296466 96900.9912666904
1.899783145932175 96798.30781470948
1.899593470913103 96693.6003545725
1.899407065999129 96587.00637493961
1.899224472950128 96478.66336447102
1.899046233525976 96368.7088118269
1.898872889486551 96257.28020566746
1.898704982591729 96144.51503465284
1.898543054601388 96030.55078744325
1.898387647275402 95915.52495269888
1.898239302373651 95799.5750190799
1.898098561656009 95682.83847524651
1.897965966882354 95565.45280985886
1.897842059812562 95447.55551157719
1.897727382206511 95329.28406906163
1.897622475824076 95210.77597097238
1.897527882425134 95092.16870596964
1.897444143769563 94973.59976271359
1.897371801617238 94855.20662986441
1.897311397728037 94737.12679608227
1.897263473861836 94619.49775002737
1.897228571778511 94502.4569803599
1.897207233237941 94386.14197574001
1.8972 94270.69022482794
1.897209217885099 94153.2058931238
1.897236192296123 94031.07414277515
1.897279904366657 93904.85395741322
1.897339335230292 93775.10432066923
1.897413466020613 93642.3842161744
1.89750127787121 93507.25262755995
1.897601751915669 93370.26853845714
1.897713869287579 93231.99093249717
1.897836611120528 93092.97879331127
1.897968958548102 92953.79110453068
1.898109892703891 92814.98684978661
1.898258394721481 92677.1250127103
1.898413445734461 92540.76457693297
1.898574026876418 92406.46452608585
1.898739119280941 92274.78384380016
1.898907704081616 92146.28151370716
1.899078762412032 92021.51651943802
1.899251275405777 91901.04784462402
1.899424224196437 91785.43447289635
1.899596589917603 91675.23538788626
1.899767353702859 91571.00957322496
1.899935496685796 91473.3160125437
1.9001 91382.71368947369
1.900262143651123 91297.52500041382
1.900424256217856 91215.56464098659
1.900586891693345 91136.63004365852
1.900750604070738 91060.51864089619
1.900915947343182 90987.02786516619
1.901083475503822 90915.95514893506
1.901253742545806 90847.09792466938
1.901427302462281 90780.25362483571
1.901604709246394 90715.21968190061
1.90178651689129 90651.79352833064
1.901973279390118 90589.7725965924
1.902165550736024 90528.95431915243
1.902363884922154 90469.13612847729
1.902568835941656 90410.11545703356
1.902780957787676 90351.68973728782
1.903000804453361 90293.6564017066
1.903228929931859 90235.81288275648
1.903465888216314 90177.95661290405
1.903712233299876 90119.88502461584
1.903968519175689 90061.39555035844
1.904235299836902 90002.28562259841
1.904513129276661 89942.35267380231
1.904802561488112 89881.39413643672
1.905104150464403 89819.20744296818
1.90541845019868 89755.59002586329
1.905746014684091 89690.3393175886
1.906087397913781 89623.25275061066
1.906443153880898 89554.12775739605
1.906813836578589 89482.76177041135
1.9072 89408.9522221231
1.907711782764759 89323.70950264554
1.908403364694802 89225.12053555669
1.909191361586739 89123.59755351892
1.909992389237178 89029.55278919457
1.910723063442729 88953.39847524594
1.9113 88905.54684433542
1.911759714077242 88876.20529729068
1.912195065555691 88848.68046559521
1.912607187301437 88823.03342789499
1.91299721218057 88799.32526283601
1.91336627305918 88777.61704906423
1.913715502803356 88757.96986522565
1.914046034279189 88740.44478996625
1.914359000352768 88725.102901932
1.914655533890183 88712.0052797689
1.914936767757524 88701.21300212292
1.915203834820881 88692.78714764005
1.915457867946343 88686.78879496625
1.9157 88683.27902274755
1.915886546549907 88681.68536387543
1.9161 88680.0575927743
1.916464068489228 88680.66302519749
1.91697173603144 88686.95800761576
1.917617314558897 88698.72052705073
1.918395116003857 88715.72857052399
1.91929945229858 88737.7601250572
1.920324635375326 88764.59317767195
1.921464977166355 88796.00571538987
1.922714789603927 88831.77572523255
1.9240683846203 88871.68119422163
1.925520074147736 88915.50010937871
1.927064170118493 88963.01045772541
1.928694984464831 89013.99022628335
1.93040682911901 89068.21740207414
1.932194016013291 89125.46997211939
1.934050857079931 89185.52592344073
1.935971664251191 89248.16324305977
1.937950749459332 89313.15991799813
1.939982424636612 89380.2939352774
1.942061001715292 89449.34328191922
1.94418079262763 89520.08594494521
1.946336109305887 89592.29991137696
1.948521263682322 89665.76316823611
1.950730567689196 89740.25370254426
1.952958333258767 89815.54950132302
1.955198872323296 89891.42855159403
1.957446496815043 89967.66884037889
1.959695518666266 90044.04835469922
1.961940249809226 90120.34508157661
1.964175002176182 90196.33700803271
1.966394087699395 90271.80212108913
1.968591818311123 90346.51840776748
1.970762505943627 90420.26385508936
1.972900462529166 90492.81645007641
1.975 90563.95417975022
1.977193702523292 90639.07656467707
1.979599758004526 90723.00742245384
1.982190883983444 90814.66118564799
1.984939797999789 90912.95228682704
1.987819217593302 91016.79515855851
1.990801860303726 91125.10423340986
1.993860443670803 91236.79394394864
1.996967685234276 91350.77872274231
2.000096302533886 91465.97300235838
2.003219013109375 91581.29121536437
2.006308534500485 91695.64779432776
2.00933758424696 91807.95717181606
2.012278879888541 91917.13378039676
2.01510513896497 92022.0920526374
2.017789079015989 92121.74642110542
2.020303417581342 92215.01131836836
2.022620872200769 92300.80117699371
2.024714160414012 92378.03042954899
2.026555999760815 92445.61350860169
2.028119107780919 92502.46484671929
2.029376202014067 92547.49887646933
2.0303 92579.63003041927
2.031041947994966 92600.58625591265
2.031760336262354 92614.50300953936
2.032438148352616 92623.90598773645
2.033058367816209 92631.32088694096
2.033603978203584 92639.27340358996
2.034057963065197 92650.28923412052
2.034403305951502 92666.89407496966
2.034622990412951 92691.61362257447
2.0347 92726.97357337199
2.0347 92822.45914402319
2.0347 92917.94471467441
*END
