*KEYWORD
*DEFINE_CURVE_TITLE
SYNTHETIC screenshot reconstruction absolute pressure
$ LCID SIDR SFA SFO OFFA OFFO DATTYP
26 0 1.0 1.0 0.0 0.0 0
$ Not a CFD solver result; screenshot anchors plus interpolated rows.
$ X in metres; ordinate in metres or absolute pressure in Pa.
$ ABSCISSA ORDINATE
1.4791 105179.0125236396
1.479851735675113 104989.3283755503
1.480724157317516 104800.5293012699
1.481711671244822 104612.6414093347
1.482808683774642 104425.6908082814
1.48400960122459 104239.7036066464
1.485308829912277 104054.7059129662
1.486700776155315 103870.7238357774
1.488179846271316 103687.7834836163
1.489740446577894 103505.9109650197
1.491376983392658 103325.1323885238
1.493083863033223 103145.4738626653
1.4948554918172 102966.9614959807
1.496686276062202 102789.6213970064
1.498570622085839 102613.479674279
1.500502936205726 102438.5624363349
1.502477624739473 102264.8957917107
1.504489094004693 102092.5058489428
1.506531750318998 101921.4187165678
1.5086 101751.6605031222
1.51071234126088 101584.6308653344
1.512911411375217 101420.956347557
1.515227825251226 101259.5033897632
1.517692197797119 101099.1384319259
1.52033514392111 100938.7279140183
1.523187278531413 100777.1382760132
1.52627921653624 100613.2359578838
1.529641572843804 100445.8873996031
1.53330496236232 100273.9590411442
1.5373 100096.3173224799
1.542224457603239 99897.30512124479
1.548474587033738 99668.48347976212
1.555778723222672 99419.54608503856
1.563865201101215 99160.18662408076
1.57246235560054 98900.09878389533
1.581298521651822 98648.9762514889
1.590102034186235 98416.51271386811
1.598601228134953 98212.40185803959
1.60652443842915 98046.33737100998
1.6136 97928.01293978591
1.619711731351954 97842.29608065121
1.625241775432379 97765.59945086895
1.630665953836827 97694.93444891452
1.63646008816085 97627.3124732633
1.6431 97559.74492239072
1.651076798471014 97503.39175938108
1.660411382713937 97469.82494277836
1.670874259359286 97456.67386424757
1.682235935037575 97461.56791545365
1.694266916379319 97482.1364880616
1.706737710015032 97516.00897373639
1.719418822575228 97560.81476414298
1.732080760690424 97614.18325094636
1.744494030991133 97673.74382581151
1.756429140107871 97737.12588040339
1.767656594671152 97801.95880638697
1.77794690131149 97865.87199542724
1.787070566659402 97926.49483918917
1.7947980973454 97981.45672933773
1.8009 98028.38705753791
1.8060604877428 98070.93088092009
1.811114687291474 98114.22856737072
1.816059475673645 98158.15247468895
1.820891729916942 98202.57496067385
1.825608327048989 98247.36838312454
1.830206144097412 98292.40509984015
1.834682058089838 98337.55746861975
1.839032946053892 98382.69784726246
1.843255685017201 98427.6985935674
1.847347152007389 98472.43206533366
1.851304224052085 98516.77062036036
1.855123778178912 98560.5866164466
1.858802691415497 98603.75241139148
1.862337840789467 98646.14036299412
1.865726103328447 98687.62282905362
1.868964356060062 98728.0721673691
1.87204947601194 98767.36073573964
1.874978340211706 98805.36089196437
1.877747825686985 98841.94499384239
1.880354809465405 98876.98539917282
1.88279616857459 98910.35446575473
1.885068780042167 98941.92455138727
1.887169520895762 98971.56801386952
1.889095268163 98999.15721100059
1.890842898871508 99024.5645005796
1.892409290048911 99047.66224040565
1.893791318722836 99068.32278827783
1.894985861920909 99086.41850199529
1.895989796670755 99101.82173935708
1.8968 99114.40485816235
1.897504777027824 99123.8444132661
1.898189300872436 99130.40038441075
1.898845750560009 99134.82026672669
1.899466305116718 99137.8515553442
1.900043143568734 99140.24174539359
1.90056844494223 99142.73833200523
1.901034388263381 99146.0888103094
1.901433152558359 99151.04067543644
1.901756916853336 99158.34142251666
1.901997860174487 99168.7385466804
1.902148161547984 99182.97954305795
1.9022 99201.81190677967
1.9022 99246.79651096428
1.9022 99323.15275218763
1.9022 99407.11591076558
1.9022 99474.92126701404
1.9022 99502.80410124888
1.902063682752588 99502.64167555042
1.901674558973611 99502.17802401118
1.90106237060796 99501.44858496536
1.900256859600525 99500.48879674719
1.899287767896195 99499.33409769085
1.89818483743986 99498.01992613058
1.896977810176411 99496.58172040057
1.895696428050736 99495.05491883503
1.894370433007727 99493.47495976818
1.893029566992273 99491.87728153422
1.891703571949264 99490.29732246738
1.890422189823589 99488.77052090185
1.88921516256014 99487.33231517184
1.888112232103805 99486.01814361155
1.887143140399475 99484.86344455523
1.88633762939204 99483.90365633705
1.885725441026389 99483.17421729122
1.885336317247412 99482.71056575199
1.8852 99482.54814005352
1.8852 99514.82769111084
1.8852 99608.39752898585
1.8852 99758.35443073315
1.8852 99959.79517340728
1.8852 100207.8165340629
1.8852 100497.5152897545
1.8852 100823.9882175368
1.8852 101182.3320944642
1.8852 101567.6436975914
1.8852 101975.019803973
1.8852 102399.5571906636
1.8852 102836.3526347177
1.8852 103280.5029131899
1.8852 103727.1048031348
1.8852 104171.255081607
1.8852 104608.0505256611
1.8852 105032.5879123517
1.8852 105439.9640187333
1.8852 105825.2756218605
1.8852 106183.6194987879
1.8852 106510.0924265702
1.8852 106799.7911822618
1.8852 107047.8125429174
1.8852 107249.2532855916
1.8852 107399.2101873389
1.8852 107492.7800252139
1.8852 107525.0595762712
1.885336317247412 107522.3096461394
1.885725441026389 107514.4598455814
1.88633762939204 107502.1101593533
1.887143140399475 107485.8605722109
1.888112232103805 107466.3110689105
1.88921516256014 107444.0616342079
1.890422189823589 107419.7122528593
1.891703571949264 107393.8629096206
1.893029566992273 107367.1135892478
1.894370433007727 107340.0642764971
1.895696428050736 107313.3149561243
1.89697781017641 107287.4656128856
1.89818483743986 107263.116231537
1.899287767896195 107240.8667968344
1.900256859600525 107221.3172935339
1.90106237060796 107205.0677063916
1.901674558973611 107192.7180201634
1.902063682752588 107184.8682196055
1.9022 107182.1182894737
1.9022 107242.3167283675
1.9022 107302.5151672614
1.9022 107362.7136061552
1.9022 107422.9120450491
1.9022 107483.1104839429
1.9019 107493.7835044603
1.901473764201487 107508.8886457947
1.901008443436166 107525.3846937822
1.900502608569841 107543.3122924266
1.899954830468316 107562.7120857316
1.899363679997394 107583.624717701
1.89872772802288 107606.0908323387
1.898045545410577 107630.1510736484
1.897315703026289 107655.846085634
1.896536771735819 107683.2165122991
1.895707322404973 107712.3029976477
1.894825925899552 107743.1461856835
1.893891153085361 107775.7867204102
1.892901574828205 107810.2652458318
1.891855761993886 107846.622405952
1.890752285448208 107884.8988447745
1.889589716056975 107925.1352063032
1.888366624685991 107967.3721345419
1.887081582201061 108011.6502734944
1.885733159467986 108058.0102671644
1.884319927352572 108106.4927595558
1.882840456720623 108157.1383946722
1.881293318437941 108209.9878165177
1.87967708337033 108265.0816690959
1.877990322383595 108322.4605964106
1.876231606343539 108382.1652424656
1.874399506115967 108444.2362512647
1.872492592566681 108508.7142668118
1.870509436561485 108575.6399331105
1.868448608966184 108645.0538941647
1.866308680646582 108716.9967939783
1.864088222468481 108791.5092765549
1.861785805297686 108868.6319858983
1.8594 108948.4055660125
1.856310890119993 109050.4508480764
1.852026077680947 109189.9294058398
1.846735411266738 109360.1929971628
1.840628739461238 109554.5933799053
1.833895910848323 109766.4823119272
1.826726774011868 109989.2115510886
1.819311177535746 110216.1328552494
1.811838970003832 110440.5979822695
1.8045 110655.9586900089
1.796983102179752 110872.1468517581
1.788917853248729 111100.5963669886
1.780405214866018 111336.9120328317
1.771546148690704 111576.698646419
1.762441616381872 111815.5610048818
1.753192579598609 112049.1039053516
1.7439 112272.9321449599
1.734381113316402 112495.7268452486
1.72449617649311 112722.3192859874
1.714410683011617 112942.5395016487
1.704290126353417 113146.217526705
1.6943 113323.1833956289
1.684454536143907 113483.4856613147
1.674643304480354 113639.8010240517
1.664844804744847 113785.9017394053
1.655037536672894 113915.5600629406
1.6452 114022.548250223
1.635255526638766 114104.1979989612
1.62521838519013 114164.50122564
1.615203480422112 114207.220513989
1.605325717102729 114236.1184477377
1.5957 114254.9576106155
1.585985082163669 114235.656589647
1.576096917377082 114161.0833343471
1.566536211508661 114051.4244721808
1.557803670426827 113926.8666306133
1.5504 113807.5964371097
1.54442447289398 113691.4539992048
1.5395 113571.1250379126
1.535374266078023 113456.6230921724
1.531751600927163 113345.4554853328
1.528353135312721 113231.3179416922
1.5249 113107.9061855486
1.521196349991472 112968.276531948
1.517430359884018 112816.6517141855
1.513899189834556 112663.4770839333
1.5109 112519.1979928635
1.508439481056489 112388.3933526153
1.506263418779224 112265.3761518362
1.504277615973714 112145.1928577111
1.502387875445469 112022.8899374249
1.5005 111893.5138581624
1.498551553226227 111750.9565806174
1.496600670041376 111598.38281233
1.494734010243411 111444.7481407545
1.493038233630298 111299.008153345
1.4916 111170.1184375557
1.49041576012183 111060.96995421
1.489383971012971 110963.8990388597
1.488444301843197 110872.029341052
1.487536421782282 110778.4845103341
1.4866 110676.3881962533
1.485657573693783 110564.9772841029
1.4847 110441.7878296164
1.483690195420343 110304.7832340554
1.482636678192802 110152.8910014913
1.4815 109978.129691347
1.4802 109753.887794826
1.4791 109536.777515165
1.4782 109328.28374719
1.4774 109129.6164252899
1.4767 108941.2170046833
1.4762 108762.1364108831
1.4757 108594.4333220339
1.4754 108436.1493907226
1.4751 108289.0824351918
1.4748 108152.9515293934
1.4746 108026.6671358162
1.4745 107909.3664101695
1.4744 107801.9783607939
1.4743 107703.8207387154
1.4743 107603.8672507761
1.4742 107504.6220435682
1.4742 107404.4999999137
1.4742 107304.3719365879
1.4743 107203.2346002498
1.4743 107103.2811123104
1.4744 107003.2052751115
1.4745 106893.9391429081
1.4746 106774.6800698484
1.4748 106644.5993783229
1.475 106503.7431662355
1.4754 106350.0728215879
1.4757 106186.1747079393
1.4762 106009.021006512
1.4767 105820.4296016949
1.4774 105618.6628736842
1.4782 105404.6297646744
1.4791 105179.0125236396
2.0347 92932.3576309991
2.0347 92932.3576309991
2.0347 92999.0173690009
2.0347 93069.31893649412
2.0347 93132.33684500447
2.034635632747493 93182.7464764192
2.03444496925611 93230.06033257768
2.034131666925053 93274.68311645942
2.033699383153529 93317.01953104389
2.033151775340742 93357.47427931063
2.032492500885897 93396.4520642391
2.031725217188197 93434.35758880884
2.030853581646848 93471.59555599932
2.029881251661056 93508.57066879005
2.028811884630023 93545.68763016055
2.027649137952956 93583.35114309029
2.026396669029058 93621.96591055879
2.025058135257534 93661.93663554556
2.023637194037589 93703.66802103007
2.022137502768426 93747.56476999185
2.020562718849253 93794.03158541038
2.018916499679273 93843.47317026519
2.017202502657689 93896.29422753575
2.015424385183709 93952.89946020157
2.013585804656535 94013.69357124217
2.011690418475372 94079.08126363702
2.009741884039426 94149.46724036564
2.0077438587479 94225.25620440753
2.0057 94306.85285874219
2.003103877714197 94415.13694122703
1.999598236677489 94563.78566100815
1.995410496591872 94742.39992799809
1.990768077159341 94940.58065210943
1.985898398081893 95147.9287432547
1.981028879061524 95354.04511134645
1.976386939800227 95548.53066629724
1.9722 95720.98631801963
1.968160196731171 95884.38725138734
1.963901278945489 96055.05947653159
1.959563084167073 96227.63014125109
1.955285449920046 96396.72639334459
1.95120821372853 96556.97538061081
1.947471213116645 96703.00425084846
1.944214285608514 96829.44015185628
1.941577268728259 96930.91023143299
1.9397 97002.04163737735
1.938276718263103 97055.14748883009
1.936907728237056 97106.15247581201
1.935591966266167 97155.10110244183
1.934328368694742 97202.03787283826
1.933115871867089 97247.00729112006
1.931953412127515 97290.0538614059
1.930839925820327 97331.22208781455
1.929774349289832 97370.55647446468
1.928755618880337 97408.10152547507
1.92778267093615 97443.9017449644
1.926854441801578 97478.00163705141
1.925969867820927 97510.44570585481
1.925127885338506 97541.27845549333
1.92432743069862 97570.54439008568
1.923567440245578 97598.2880137506
1.922846850323686 97624.5538306068
1.922164597277252 97649.38634477301
1.921519617450582 97672.83006036794
1.920910847187985 97694.92948151031
1.920337222833766 97715.72911231886
1.919797680732234 97735.27345691228
1.919291157227694 97753.60701940933
1.918816588664456 97770.77430392872
1.918372911386825 97786.81981458915
1.917959061739109 97801.78805550937
1.917573976065614 97815.72353080809
1.91721659071065 97828.67074460401
1.91688584201852 97840.67420101589
1.916580666333535 97851.77840416243
1.9163 97862.02785816236
1.9161 97869.34386663693
1.915864195949796 97870.92725621899
1.915617820906621 97871.3290936562
1.915360538639739 97870.59345140915
1.915092012918413 97868.76440193845
1.914811907511907 97865.88601770466
1.914519886189487 97862.00237116839
1.914215612720413 97857.15753479024
1.913898750873951 97851.3955810308
1.913568964419365 97844.76058235063
1.913225917125917 97837.29661121036
1.912869272762873 97829.04774007056
1.912498695099495 97820.05804139182
1.912113847905048 97810.37158763474
1.911714394948795 97800.03245125992
1.9113 97789.08470472792
1.910821607866402 97770.55097770289
1.910249939023384 97739.25678971157
1.909614320741679 97697.95054800842
1.908944080292019 97649.38065984794
1.908268544945134 97596.29553248464
1.907617041971759 97541.44357317298
1.907018898642623 97487.57318916745
1.906503442228459 97437.43278772256
1.9061 97393.77077609277
1.90577300818716 97355.44091794654
1.905466362996439 97319.24422513142
1.905178581663439 97284.84997717068
1.904908181423763 97251.92745358754
1.904653679513015 97220.14593390522
1.904413593166798 97189.17469764697
1.904186439620715 97158.68302433602
1.903970736110369 97128.34019349559
1.903764999871365 97097.81548464892
1.903567748139305 97066.77817731925
1.903377498149792 97034.8975510298
1.903192767138431 97001.84288530382
1.903012072340823 96967.28345966451
1.902833930992573 96930.88855363514
1.902656860329283 96892.32744673893
1.902479377586558 96851.2694184991
1.9023 96807.38374843889
1.902117113763451 96760.66555593094
1.901930454753602 96711.39339429025
1.90174056473033 96659.66169395362
1.90154798545351 96605.56488535788
1.90135325868302 96549.19739893978
1.901156926178737 96490.65366513617
1.900959529700537 96430.02811438382
1.900761611008296 96367.41517711955
1.900563711861892 96302.90928378014
1.900366374021201 96236.60486480243
1.900170139246101 96168.59635062318
1.899975549296466 96098.97817167922
1.899783145932175 96027.84475840733
1.899593470913103 95955.29054124434
1.899407065999129 95881.40995062701
1.899224472950128 95806.29741699218
1.899046233525976 95730.04737077664
1.898872889486551 95652.75424241717
1.898704982591729 95574.5124623506
1.898543054601388 95495.41646101372
1.898387647275402 95415.56066884333
1.898239302373651 95335.03951627623
1.898098561656009 95253.94743374924
1.897965966882354 95172.37885169913
1.897842059812562 95090.42820056273
1.897727382206511 95008.18991077683
1.897622475824076 94925.75841277822
1.897527882425134 94843.22813700372
1.897444143769563 94760.69351389012
1.897371801617238 94678.24897387423
1.897311397728037 94595.98894739285
1.897263473861836 94514.00786488278
1.897228571778511 94432.40015678082
1.897207233237941 94351.26025352375
1.8972 94270.68258554842
1.897209217885099 94188.63881146192
1.897236192296123 94103.2997382742
1.897279904366657 94015.05851902629
1.897339335230292 93924.30830675922
1.897413466020613 93831.44225451401
1.89750127787121 93736.85351533166
1.897601751915669 93640.93524225321
1.897713869287579 93544.08058831969
1.897836611120528 93446.68270657212
1.897968958548102 93349.1347500515
1.898109892703891 93251.82987179888
1.898258394721481 93155.16122485527
1.898413445734461 93059.5219622617
1.898574026876418 92965.30523705919
1.898739119280941 92872.90420228876
1.898907704081616 92782.71201099144
1.899078762412032 92695.12181620824
1.899251275405777 92610.5267709802
1.899424224196437 92529.32002834833
1.899596589917603 92451.89474135365
1.899767353702859 92378.64406303719
1.899935496685796 92309.96114643998
1.9001 92246.23914460304
1.900262143651123 92186.30323291212
1.900424256217856 92128.62114983689
1.900586891693345 92073.04989304417
1.900750604070738 92019.44646020074
1.900915947343182 91967.66784897342
1.901083475503822 91917.57105702904
1.901253742545806 91869.01308203439
1.901427302462281 91821.8509216563
1.901604709246394 91775.94157356159
1.90178651689129 91731.14203541706
1.901973279390118 91687.30930488951
1.902165550736024 91644.30037964578
1.902363884922154 91601.97225735267
1.902568835941656 91560.18193567698
1.902780957787676 91518.78641228555
1.903000804453361 91477.64268484518
1.903228929931859 91436.60775102268
1.903465888216314 91395.53860848486
1.903712233299876 91354.29225489854
1.903968519175689 91312.72568793052
1.904235299836902 91270.69590524763
1.904513129276661 91228.05990451667
1.904802561488112 91184.67468340448
1.905104150464403 91140.39723957784
1.90541845019868 91095.08457070356
1.905746014684091 91048.59367444849
1.906087397913781 91000.7815484794
1.906443153880898 90951.50519046314
1.906813836578589 90900.62159806649
1.9072 90847.98776895629
1.907711782764759 90787.01237621925
1.908403364694802 90716.20464367642
1.909191361586739 90643.07239509602
1.909992389237178 90575.12345424629
1.910723063442729 90519.86564489546
1.9113 90484.80679081178
1.911759714077242 90463.00592845358
1.912195065555691 90442.54314110058
1.912607187301437 90423.45782275303
1.91299721218057 90405.78936741115
1.91336627305918 90389.5771690752
1.913715502803356 90374.86062174541
1.914046034279189 90361.67911942203
1.914359000352768 90350.07205610529
1.914655533890183 90340.07882579544
1.914936767757524 90331.73882249271
1.915203834820881 90325.09144019739
1.915457867946343 90320.17607290966
1.9157 90317.03211462979
1.915886546549907 90315.385080108
1.9161 90313.6371396075
1.916464068489228 90313.01669623599
1.91697173603144 90315.9567728307
1.917617314558897 90322.3186762557
1.918395116003857 90331.96371337504
1.91929945229858 90344.75319105279
1.920324635375326 90360.54841615302
1.921464977166355 90379.21069553979
1.922714789603927 90400.60133607716
1.9240683846203 90424.58164462922
1.925520074147736 90451.01292805999
1.927064170118493 90479.75649323358
1.928694984464831 90510.67364701402
1.93040682911901 90543.6256962654
1.932194016013291 90578.47394785177
1.934050857079931 90615.07970863722
1.935971664251191 90653.30428548578
1.937950749459332 90693.00898526153
1.939982424636612 90734.05511482854
1.942061001715292 90776.30398105089
1.94418079262763 90819.6168907926
1.946336109305887 90863.85515091778
1.948521263682322 90908.88006829047
1.950730567689196 90954.55294977475
1.952958333258767 91000.73510223467
1.955198872323296 91047.28783253429
1.957446496815043 91094.07244753771
1.959695518666266 91140.95025410896
1.961940249809226 91187.78255911211
1.964175002176182 91234.43066941125
1.966394087699395 91280.75589187042
1.968591818311123 91326.61953335369
1.970762505943627 91371.88290072512
1.972900462529166 91416.40730084879
1.975 91460.05404058876
1.977193702523292 91506.21272562203
1.979599758004526 91557.91230294784
1.982190883983444 91614.4730914136
1.984939797999789 91675.21540986675
1.987819217593302 91739.45957715473
1.990801860303726 91806.52591212494
1.993860443670803 91875.73473362482
1.996967685234276 91946.40636050179
2.000096302533886 92017.86111160327
2.003219013109375 92089.41930577671
2.006308534500485 92160.4012618695
2.00933758424696 92230.12729872909
2.012278879888541 92297.91773520289
2.01510513896497 92363.09289013836
2.017789079015989 92424.97308238287
2.020303417581342 92482.87863078389
2.022620872200769 92536.12985418882
2.024714160414012 92584.04707144511
2.026555999760815 92625.95060140015
2.028119107780919 92661.16076290142
2.029376202014067 92688.99787479627
2.0303 92708.78225593219
2.031041947994966 92721.28629587965
2.031760336262354 92728.94348923751
2.032438148352616 92733.5658123958
2.033058367816209 92736.96524174453
2.033603978203584 92740.95375367373
2.034057963065197 92747.34332457342
2.034403305951502 92757.94593083359
2.034622990412951 92774.5735488443
2.0347 92799.03815499553
2.0347 92865.69789299733
2.0347 92932.3576309991
*END
