*KEYWORD
*DEFINE_CURVE_TITLE
SYNTHETIC screenshot reconstruction absolute pressure
$ LCID SIDR SFA SFO OFFA OFFO DATTYP
26 0 1.0 1.0 0.0 0.0 0
$ Not a CFD solver result; screenshot anchors plus interpolated rows.
$ X in metres; ordinate in metres or absolute pressure in Pa.
$ ABSCISSA ORDINATE
1.4791 107320.3442094112
1.479851735675113 107181.9144927248
1.480724157317516 107043.4935650379
1.481711671244822 106905.1286456297
1.482808683774642 106766.8669537795
1.48400960122459 106628.7557087665
1.485308829912277 106490.8421298699
1.486700776155315 106353.173436369
1.488179846271316 106215.796847543
1.489740446577894 106078.7595826711
1.491376983392658 105942.1088610326
1.493083863033223 105805.8919019068
1.4948554918172 105670.1559245729
1.496686276062202 105534.94814831
1.498570622085839 105400.3157923975
1.500502936205726 105266.3060761146
1.502477624739473 105132.9662187405
1.504489094004693 105000.3434395544
1.506531750318998 104868.4849578357
1.5086 104737.4379928635
1.51071234126088 104608.1006460617
1.512911411375217 104480.6986903911
1.515227825251226 104354.2708524363
1.517692197797119 104227.8558587818
1.52033514392111 104100.4924360124
1.523187278531413 103971.2193107125
1.52627921653624 103839.0752094669
1.529641572843804 103703.09885886
1.53330496236232 103562.3289854765
1.5373 103415.804315901
1.542224457603239 103249.3501078687
1.548474587033738 103054.9464385284
1.555778723222672 102840.8642635856
1.563865201101215 102615.3745387453
1.57246235560054 102386.7482197128
1.581298521651822 102163.2562621934
1.590102034186235 101953.1696218923
1.598601228134953 101764.7592545148
1.60652443842915 101606.2961157661
1.6136 101486.0511613515
1.619711731351954 101393.8845340036
1.625241775432379 101311.1015263928
1.630665953836827 101233.1408191307
1.63646008816085 101155.4410928292
1.6431 101073.4410280999
1.651076798471014 100992.5387115468
1.660411382713937 100920.8367632689
1.670874259359286 100857.8306641198
1.682235935037575 100803.0158949535
1.694266916379319 100755.8879366237
1.706737710015032 100715.9422699843
1.719418822575228 100682.674375889
1.732080760690424 100655.5797351918
1.744494030991133 100634.1538287464
1.756429140107871 100617.8921374067
1.767656594671152 100606.2901420264
1.77794690131149 100598.8433234595
1.787070566659402 100595.0471625596
1.7947980973454 100594.3971401808
1.8009 100596.3887371766
1.8060604877428 100600.097869941
1.811114687291474 100604.8871104948
1.816059475673645 100610.681923133
1.820891729916942 100617.4077721503
1.825608327048989 100624.9901218414
1.830206144097412 100633.3544365013
1.834682058089838 100642.4261804246
1.839032946053892 100652.1308179062
1.843255685017201 100662.3938132408
1.847347152007389 100673.1406307234
1.851304224052085 100684.2967346485
1.855123778178912 100695.7875893111
1.858802691415497 100707.538659006
1.862337840789467 100719.4754080279
1.865726103328447 100731.5233006716
1.868964356060062 100743.6078012319
1.87204947601194 100755.6543740036
1.874978340211706 100767.5884832816
1.877747825686985 100779.3355933605
1.880354809465405 100790.8211685352
1.88279616857459 100801.9706731006
1.885068780042167 100812.7095713513
1.887169520895762 100822.9633275822
1.889095268163 100832.657406088
1.890842898871508 100841.7172711636
1.892409290048911 100850.0683871038
1.893791318722836 100857.6362182033
1.894985861920909 100864.346228757
1.895989796670755 100870.1238830596
1.8968 100874.8946454059
1.897504777027824 100877.9760276285
1.898189300872436 100879.1155254449
1.898845750560009 100878.883578977
1.899466305116718 100877.850628347
1.900043143568734 100876.5871136768
1.90056844494223 100875.6634750886
1.901034388263381 100875.6501527042
1.901433152558359 100877.1175866459
1.901756916853336 100880.6362170356
1.901997860174487 100886.7764839954
1.902148161547984 100896.1088276473
1.9022 100909.2036881133
1.9022 100941.1184410821
1.9022 100995.2900987068
1.9022 101054.858555806
1.9022 101102.9637071985
1.9022 101122.7454477029
1.902063682752588 101123.3295387772
1.901674558973611 101124.9968532984
1.90106237060796 101127.6199532138
1.900256859600525 101131.0714004709
1.899287767896195 101135.2237570172
1.89818483743986 101139.9495848001
1.896977810176411 101145.1214457669
1.895696428050736 101150.6119018652
1.894370433007727 101156.2935150424
1.893029566992273 101162.0388472458
1.891703571949264 101167.7204604229
1.890422189823589 101173.2109165212
1.88921516256014 101178.3827774881
1.888112232103805 101183.1086052709
1.887143140399475 101187.2609618172
1.88633762939204 101190.7124090743
1.885725441026389 101193.3355089898
1.885336317247412 101195.0028235109
1.8852 101195.5869145852
1.8852 101218.4879474299
1.8852 101284.8719540304
1.8852 101391.2602964863
1.8852 101534.174336897
1.8852 101710.1354373621
1.8852 101915.6649599812
1.8852 102147.2842668537
1.8852 102401.5147200793
1.8852 102674.8776817574
1.8852 102963.8945139875
1.8852 103265.0865788694
1.8852 103574.9752385023
1.8852 103890.081854986
1.8852 104206.9277904199
1.8852 104522.0344069036
1.8852 104831.9230665365
1.8852 105133.1151314183
1.8852 105422.1319636485
1.8852 105695.4949253266
1.8852 105949.7253785522
1.8852 106181.3446854247
1.8852 106386.8742080438
1.8852 106562.8353085089
1.8852 106705.7493489196
1.8852 106812.1376913755
1.8852 106878.521697976
1.8852 106901.4227308207
1.885336317247412 106898.7724413533
1.885725441026389 106891.207069601
1.88633762939204 106879.3048605385
1.887143140399475 106863.6440591405
1.888112232103805 106844.8029103816
1.88921516256014 106823.3596592366
1.890422189823589 106799.8925506802
1.891703571949264 106774.979829687
1.893029566992273 106749.1997412318
1.894370433007727 106723.1305302892
1.895696428050736 106697.350441834
1.89697781017641 106672.4377208408
1.89818483743986 106648.9706122843
1.899287767896195 106627.5273611393
1.900256859600525 106608.6862123805
1.90106237060796 106593.0254109824
1.901674558973611 106581.1232019199
1.902063682752588 106573.5578301676
1.9022 106570.9075407003
1.9022 106613.6158926182
1.9022 106656.3242445361
1.9022 106699.0325964541
1.9022 106741.740948372
1.9022 106784.4493002899
1.9019 106793.5604153657
1.901473764201487 106806.4635468359
1.901008443436166 106820.5539812415
1.900502608569841 106835.8678855029
1.899954830468316 106852.4414265408
1.899363679997394 106870.3107712757
1.89872772802288 106889.5120866282
1.898045545410577 106910.0815395188
1.897315703026289 106932.055296868
1.896536771735819 106955.4695255965
1.895707322404973 106980.3603926247
1.894825925899552 107006.7640648732
1.893891153085361 107034.7167092626
1.892901574828205 107064.2544927135
1.891855761993886 107095.4135821463
1.890752285448208 107128.2301444816
1.889589716056975 107162.74034664
1.888366624685991 107198.9803555421
1.887081582201061 107236.9863381083
1.885733159467986 107276.7944612592
1.884319927352572 107318.4408919155
1.882840456720623 107361.9617969976
1.881293318437941 107407.3933434261
1.87967708337033 107454.7716981215
1.877990322383595 107504.1330280044
1.876231606343539 107555.5134999954
1.874399506115967 107608.949281015
1.872492592566681 107664.4765379837
1.870509436561485 107722.1314378221
1.868448608966184 107781.9501474508
1.866308680646582 107843.9688337903
1.864088222468481 107908.2236637612
1.861785805297686 107974.750804284
1.8594 108043.5864222792
1.856310890119993 108131.8309554994
1.852026077680947 108252.7669926573
1.846735411266738 108400.7039271138
1.840628739461238 108569.9511522296
1.833895910848323 108754.8180613657
1.826726774011868 108949.614047883
1.819311177535746 109148.6485051422
1.811838970003832 109346.2308265043
1.8045 109536.6704053301
1.796983102179752 109728.6098224796
1.788917853248729 109932.0612866215
1.780405214866018 110143.3886328299
1.771546148690704 110358.9556961788
1.762441616381872 110575.1263117421
1.753192579598609 110788.2643145939
1.7439 110994.7335398082
1.734381113316402 111201.6304960761
1.72449617649311 111413.0996808989
1.714410683011617 111621.0769125653
1.704290126353417 111817.4980093644
1.6943 111994.2987895852
1.684454536143907 112158.5352811008
1.674643304480354 112319.7676109268
1.664844804744847 112473.6877460654
1.655037536672894 112615.987653519
1.6452 112742.3593002899
1.635255526638766 112851.3029515133
1.62521838519013 112945.5775102893
1.615203480422112 113027.2629005678
1.605325717102729 113098.4390462986
1.5957 113161.1858714317
1.585985082163669 113197.3313939198
1.576096917377082 113195.1522867021
1.566536211508661 113166.4014562087
1.557803670426827 113122.8318088697
1.5504 113076.1962511151
1.54442447289398 113024.4531448884
1.5395 112964.3478228145
1.535374266078023 112904.2788953948
1.531751600927163 112843.994736866
1.528353135312721 112780.4533552822
1.5249 112710.6127586976
1.521196349991472 112630.5513948978
1.517430359884018 112542.2997613745
1.513899189834556 112451.7439407412
1.5109 112364.7700156111
1.508439481056489 112284.5922141064
1.506263418779224 112208.4799848489
1.504277615973714 112133.402241201
1.502387875445469 112056.3278965251
1.5005 111974.2258641838
1.498551553226227 111883.0830449655
1.496600670041376 111784.8464307507
1.494734010243411 111685.4250715398
1.493038233630298 111590.7280173332
1.4916 111506.6643181311
1.49041576012183 111435.3032014598
1.489383971012971 111371.7285370248
1.488444301843197 111311.3713380954
1.487536421782282 111249.6626179408
1.4866 111182.0333898305
1.485657573693783 111107.8266360112
1.4847 111025.3411920161
1.483690195420343 110933.3224168598
1.482636678192802 110830.9657184722
1.4815 110712.8109634255
1.4802 110560.3896008029
1.4791 110412.0018047502
1.4782 110268.7010479483
1.4774 110131.8587430308
1.4767 110001.7880845785
1.4762 109877.3027294826
1.4757 109760.8892528992
1.4754 109650.1322602587
1.4751 109547.3332571922
1.4748 109452.2929380575
1.4746 109363.7253069246
1.4745 109281.0182107493
1.4744 109205.3437565232
1.4743 109136.2179162578
1.4743 109065.3049687333
1.4742 108995.4075309099
1.4742 108924.3749999388
1.4742 108853.3381982549
1.4743 108781.0723450491
1.4743 108710.1593975245
1.4744 108638.6466349242
1.4745 108560.6137305977
1.4746 108475.4912398528
1.4748 108382.1782362846
1.475 108281.220437723
1.4754 108170.1455051293
1.4757 108052.3273983051
1.4762 107924.078962868
1.4767 107787.7159405665
1.4774 107640.9795341213
1.4782 107485.0276144068
1.4791 107320.3442094112
2.0347 90852.21318415477
2.0347 90852.21318415477
2.0347 90899.50556584523
2.0347 90949.38167791812
2.0347 90994.09032922614
2.034635632747493 91030.18413160637
2.03444496925611 91064.72952336899
2.034131666925053 91097.99486192911
2.033699383153529 91130.24850470175
2.033151775340742 91161.75880910197
2.032492500885897 91192.79413254485
2.031725217188197 91223.62283244541
2.030853581646848 91254.51326621874
2.029881251661056 91285.73379127985
2.028811884630023 91317.55276504386
2.027649137952956 91350.23854492577
2.026396669029058 91384.05948834066
2.025058135257534 91419.28395270357
2.023637194037589 91456.18029542959
2.022137502768426 91495.01687393375
2.020562718849253 91536.0620456311
2.018916499679273 91579.58416793671
2.017202502657689 91625.85159826564
2.015424385183709 91675.13269403293
2.013585804656535 91727.69581265366
2.011690418475372 91783.80931154286
2.009741884039426 91843.74154811559
2.0077438587479 91907.76087978692
2.0057 91976.1356639719
2.003103877714197 92066.2772815551
1.999598236677489 92189.72192447411
1.995410496591872 92337.92516672358
1.990768077159341 92502.34258229808
1.985898398081893 92674.42974519223
1.981028879061524 92845.64222940063
1.976386939800227 93007.43560891791
1.9722 93151.26545773863
1.968160196731171 93287.91652108847
1.963901278945489 93430.85035764566
1.959563084167073 93575.53776158376
1.955285449920046 93717.44952707631
1.95120821372853 93852.05644829683
1.947471213116645 93974.82931941889
1.944214285608514 94081.23893461599
1.941577268728259 94166.75608806169
1.9397 94226.85157392953
1.938276718263103 94271.82964629475
1.936907728237056 94315.03871682526
1.935591966266167 94356.51581608357
1.934328368694742 94396.29797463217
1.933115871867089 94434.42222303354
1.931953412127515 94470.92559185025
1.930839925820327 94505.84511164474
1.929774349289832 94539.21781297955
1.928755618880337 94571.08072641717
1.92778267093615 94601.47088252012
1.926854441801578 94630.42531185091
1.925969867820927 94657.981044972
1.925127885338506 94684.17511244593
1.92432743069862 94709.0445448352
1.923567440245578 94732.62637270232
1.922846850323686 94754.95762660977
1.922164597277252 94776.07533712008
1.921519617450582 94796.01653479575
1.920910847187985 94814.81825019927
1.920337222833766 94832.51751389317
1.919797680732234 94849.15135643992
1.919291157227694 94864.75680840206
1.918816588664456 94879.37090034207
1.918372911386825 94893.03066282246
1.917959061739109 94905.77312640574
1.917573976065614 94917.63532165441
1.91721659071065 94928.65427913096
1.91688584201852 94938.86702939794
1.916580666333535 94948.3106030178
1.9163 94957.02203055308
1.9161 94963.23846844335
1.915864195949796 94965.57152514951
1.915617820906621 94967.12054910282
1.915360538639739 94967.91853283551
1.915092012918413 94967.99846887983
1.914811907511907 94967.39334976806
1.914519886189487 94966.13616803239
1.914215612720413 94964.25991620513
1.913898750873951 94961.7975868185
1.913568964419365 94958.78217240475
1.913225917125917 94955.24666549615
1.912869272762873 94951.22405862491
1.912498695099495 94946.74734432332
1.912113847905048 94941.84951512358
1.911714394948795 94936.563563558
1.9113 94930.92248215878
1.910821607866402 94920.22776916838
1.910249939023384 94900.95854830404
1.909614320741679 94874.9142503102
1.908944080292019 94843.89430593135
1.908268544945134 94809.6981459119
1.907617041971759 94774.12520099635
1.907018898642623 94738.97490192915
1.906503442228459 94706.04667945472
1.9061 94677.13996431757
1.90577300818716 94651.62399515731
1.905466362996439 94627.51703945521
1.905178581663439 94604.59207121823
1.904908181423763 94582.62206445327
1.904653679513015 94561.37999316731
1.904413593166798 94540.63883136727
1.904186439620715 94520.17155306008
1.903970736110369 94499.75113225268
1.903764999871365 94479.15054295203
1.903567748139305 94458.14275916506
1.903377498149792 94436.50075489868
1.903192767138431 94413.99750415985
1.903012072340823 94390.40598095552
1.902833930992573 94365.49915929259
1.902656860329283 94339.05001317804
1.902479377586558 94310.83151661878
1.9023 94280.61664362176
1.902117113763451 94248.41021061892
1.901930454753602 94214.41119488211
1.90174056473033 94178.68381167807
1.90154798545351 94141.29227627361
1.90135325868302 94102.30080393549
1.901156926178737 94061.77360993047
1.900959529700537 94019.77490952534
1.900761611008296 93976.36891798687
1.900563711861892 93931.61985058183
1.900366374021201 93885.591922577
1.900170139246101 93838.34934923914
1.899975549296466 93789.95634583505
1.899783145932175 93740.47712763147
1.899593470913103 93689.97590989521
1.899407065999129 93638.516907893
1.899224472950128 93586.16433689166
1.899046233525976 93532.98241215794
1.898872889486551 93479.03534895861
1.898704982591729 93424.38736256045
1.898543054601388 93369.10266823023
1.898387647275402 93313.24548123473
1.898239302373651 93256.88001684072
1.898098561656009 93200.07049031496
1.897965966882354 93142.88111692425
1.897842059812562 93085.37611193534
1.897727382206511 93027.61969061503
1.897622475824076 92969.67606823007
1.897527882425134 92911.60946004724
1.897444143769563 92853.48408133333
1.897371801617238 92795.36414735508
1.897311397728037 92737.31387337929
1.897263473861836 92679.39747467273
1.897228571778511 92621.67916650217
1.897207233237941 92564.22316413437
1.8972 92507.09368283613
1.897209217885099 92448.83966225004
1.897236192296123 92388.15666721656
1.897279904366657 92325.32885079923
1.897339335230292 92260.64036606153
1.897413466020613 92194.37536606702
1.89750127787121 92126.81800387921
1.897601751915669 92058.25243256161
1.897713869287579 91988.96280517777
1.897836611120528 91919.23327479119
1.897968958548102 91849.3479944654
1.898109892703891 91779.59111726393
1.898258394721481 91710.2467962503
1.898413445734461 91641.59918448803
1.898574026876418 91573.93243504067
1.898739119280941 91507.53070097169
1.898907704081616 91442.67813534466
1.899078762412032 91379.65889122308
1.899251275405777 91318.75712167048
1.899424224196437 91260.25697975038
1.899596589917603 91204.4426185263
1.899767353702859 91151.59819106178
1.899935496685796 91102.00785042034
1.9001 91055.95574966547
1.900262143651123 91012.60183176304
1.900424256217856 90970.84707335902
1.900586891693345 90930.58717803727
1.900750604070738 90891.71784938159
1.900915947343182 90854.1347909758
1.901083475503822 90817.73370640376
1.901253742545806 90782.41029924926
1.901427302462281 90748.06027309614
1.901604709246394 90714.57933152822
1.90178651689129 90681.86317812934
1.901973279390118 90649.80751648328
1.902165550736024 90618.30805017392
1.902363884922154 90587.26048278506
1.902568835941656 90556.56051790051
1.902780957787676 90526.10385910413
1.903000804453361 90495.78620997971
1.903228929931859 90465.50327411108
1.903465888216314 90435.15075508208
1.903712233299876 90404.62435647653
1.903968519175689 90373.81978187826
1.904235299836902 90342.63273487108
1.904513129276661 90310.95891903882
1.904802561488112 90278.6940379653
1.905104150464403 90245.73379523435
1.90541845019868 90211.9738944298
1.905746014684091 90177.31003913548
1.906087397913781 90141.63793293519
1.906443153880898 90104.85327941277
1.906813836578589 90066.85178215205
1.9072 90027.52914473685
1.907711782764759 89981.64406224123
1.908403364694802 89927.86093974519
1.909191361586739 89871.93404584141
1.909992389237178 89819.61764912253
1.910723063442729 89776.66601818122
1.9113 89748.83342161016
1.911759714077242 89731.00819952061
1.912195065555691 89714.25727075747
1.912607187301437 89698.60277201385
1.91299721218057 89684.06683998289
1.91336627305918 89670.67161135771
1.913715502803356 89658.43922283147
1.914046034279189 89647.39181109724
1.914359000352768 89637.55151284821
1.914655533890183 89628.94046477746
1.914936767757524 89621.58080357815
1.915203834820881 89615.49466594339
1.915457867946343 89610.70418856632
1.9157 89607.23150814004
1.915886546549907 89605.10599542571
1.9161 89602.77085805085
1.916464068489228 89600.46295909311
1.91697173603144 89599.94442255708
1.917617314558897 89601.14603182585
1.918395116003857 89603.99857028261
1.91929945229858 89608.43282131047
1.920324635375326 89614.37956829261
1.921464977166355 89621.76959461214
1.922714789603927 89630.53368365222
1.9240683846203 89640.60261879599
1.925520074147736 89651.90718342659
1.927064170118493 89664.37816092717
1.928694984464831 89677.94633468086
1.93040682911901 89692.54248807083
1.932194016013291 89708.0974044802
1.934050857079931 89724.54186729212
1.935971664251191 89741.80665988974
1.937950749459332 89759.8225656562
1.939982424636612 89778.52036797463
1.942061001715292 89797.83085022819
1.94418079262763 89817.68479580001
1.946336109305887 89838.01298807326
1.948521263682322 89858.74621043105
1.950730567689196 89879.81524625655
1.952958333258767 89901.15087893288
1.955198872323296 89922.6838918432
1.957446496815043 89944.34506837066
1.959695518666266 89966.06519189838
1.961940249809226 89987.77504580951
1.964175002176182 90009.40541348721
1.966394087699395 90030.88707831461
1.968591818311123 90052.15082367486
1.970762505943627 90073.12743295109
1.972900462529166 90093.74768952647
1.975 90113.94237678412
1.977193702523292 90135.43610820871
1.979599758004526 90159.77147930228
1.982190883983444 90186.606246474
1.984939797999789 90215.59816613307
1.987819217593302 90246.40499468868
1.990801860303726 90278.68448855
1.993860443670803 90312.09440412626
1.996967685234276 90346.29249782659
2.000096302533886 90380.93652606021
2.003219013109375 90415.68424523631
2.006308534500485 90450.19341176406
2.00933758424696 90484.12178205267
2.012278879888541 90517.12711251128
2.01510513896497 90548.86715954915
2.017789079015989 90578.99967957541
2.020303417581342 90607.18242899927
2.022620872200769 90633.07316422991
2.024714160414012 90656.32964167652
2.026555999760815 90676.60961774828
2.028119107780919 90693.5708488544
2.029376202014067 90706.87109140406
2.0303 90716.16810180643
2.031041947994966 90721.23291980832
2.031760336262354 90722.97996116959
2.032438148352616 90722.78204631896
2.033058367816209 90722.01199568514
2.033603978203584 90722.04262969688
2.034057963065197 90724.2467687829
2.034403305951502 90729.99723337192
2.034622990412951 90740.66684389266
2.0347 90757.62842077386
2.0347 90804.92080246432
2.0347 90852.21318415477
*END
