*KEYWORD
*DEFINE_CURVE_TITLE
SYNTHETIC screenshot reconstruction absolute pressure
$ LCID SIDR SFA SFO OFFA OFFO DATTYP
26 0 1.0 1.0 0.0 0.0 0
$ Not a CFD solver result; screenshot anchors plus interpolated rows.
$ X in metres; ordinate in metres or absolute pressure in Pa.
$ ABSCISSA ORDINATE
1.4791 110232.7347404103
1.479851735675113 110295.5840419186
1.480724157317516 110356.1012714017
1.481711671244822 110414.3679077892
1.482808683774642 110470.4654300107
1.48400960122459 110524.4753169957
1.485308829912277 110576.4790476737
1.486700776155315 110626.5581009744
1.488179846271316 110674.7939558272
1.489740446577894 110721.2680911617
1.491376983392658 110766.0619859076
1.493083863033223 110809.2571189943
1.4948554918172 110850.9349693513
1.496686276062202 110891.1770159083
1.498570622085839 110930.0647375948
1.500502936205726 110967.6796133403
1.502477624739473 111004.1031220744
1.504489094004693 111039.4167427267
1.506531750318998 111073.7019542268
1.5086 111107.040235504
1.51071234126088 111138.5730931726
1.512911411375217 111167.3522157662
1.515227825251226 111193.3243550943
1.517692197797119 111216.4362629661
1.52033514392111 111236.634691191
1.523187278531413 111253.8663915782
1.52627921653624 111268.0781159371
1.529641572843804 111279.2166160769
1.53330496236232 111287.228643807
1.5373 111292.0609509367
1.542224457603239 111290.1066885269
1.548474587033738 111278.205990592
1.555778723222672 111256.9760833709
1.563865201101215 111227.0341931028
1.57246235560054 111188.9975460268
1.581298521651822 111143.4833683819
1.590102034186235 111091.1088864072
1.598601228134953 111032.4913263419
1.60652443842915 110968.247914425
1.6136 110898.9958768956
1.619711731351954 110832.6409604082
1.625241775432379 110772.2596821396
1.630665953836827 110711.225424113
1.63646008816085 110642.9115683514
1.6431 110560.6914968778
1.651076798471014 110452.0791852671
1.660411382713937 110312.1444617181
1.670874259359286 110145.5944871899
1.682235935037575 109957.1364226414
1.694266916379319 109751.4774290315
1.706737710015032 109533.3246673192
1.719418822575228 109307.3852984636
1.732080760690424 109078.3664834235
1.744494030991133 108850.9753831578
1.756429140107871 108629.9191586257
1.767656594671152 108419.904970786
1.77794690131149 108225.6399805977
1.787070566659402 108051.8313490197
1.7947980973454 107903.1862370111
1.8009 107784.4118055308
1.8060604877428 107682.8308346909
1.811114687291474 107582.6959072616
1.816059475673645 107484.1088881885
1.820891729916942 107387.1716424173
1.825608327048989 107291.9860348938
1.830206144097412 107198.6539305637
1.834682058089838 107107.2771943727
1.839032946053892 107017.9576912666
1.843255685017201 106930.7972861909
1.847347152007389 106845.8978440916
1.851304224052085 106763.3612299143
1.855123778178912 106683.2893086047
1.858802691415497 106605.7839451085
1.862337840789467 106530.9470043715
1.865726103328447 106458.8803513393
1.868964356060062 106389.6858509578
1.87204947601194 106323.4653681725
1.874978340211706 106260.3207679293
1.877747825686985 106200.3539151739
1.880354809465405 106143.666674852
1.88279616857459 106090.3609119092
1.885068780042167 106040.5384912914
1.887169520895762 105994.3012779442
1.889095268163 105951.7511368134
1.890842898871508 105912.9899328447
1.892409290048911 105878.1195309838
1.893791318722836 105847.2417961764
1.894985861920909 105820.4585933682
1.895989796670755 105797.871787505
1.8968 105779.5832435326
1.897504777027824 105764.2715197017
1.898189300872436 105750.435322995
1.898845750560009 105737.9067414554
1.899466305116718 105726.5178631259
1.900043143568734 105716.1007760496
1.90056844494223 105706.4875682695
1.901034388263381 105697.5103278285
1.901433152558359 105689.0011427698
1.901756916853336 105680.7921011362
1.901997860174487 105672.7152909708
1.902148161547984 105664.6028003167
1.9022 105656.2867172168
1.9022 105638.4549822247
1.9022 105608.1876433614
1.9022 105574.904949871
1.9022 105548.0271509977
1.9022 105536.9744959857
1.902063682752588 105539.2767226193
1.901674558973611 105545.8485331916
1.90106237060796 105556.1876237098
1.900256859600525 105569.7916901812
1.899287767896195 105586.1584286128
1.89818483743986 105604.7855350121
1.896977810176411 105625.170705386
1.895696428050736 105646.8116357419
1.894370433007727 105669.206022087
1.893029566992273 105691.8515604286
1.891703571949264 105714.2459467737
1.890422189823589 105735.8868771296
1.88921516256014 105756.2720475036
1.888112232103805 105774.8991539028
1.887143140399475 105791.2658923344
1.88633762939204 105804.8699588058
1.885725441026389 105815.209049324
1.885336317247412 105821.7808598963
1.8852 105824.0830865299
1.8852 105811.2875888135
1.8852 105774.1968422684
1.8852 105714.754466801
1.8852 105634.9040823176
1.8852 105536.5893087244
1.8852 105421.7537659277
1.8852 105292.3410738338
1.8852 105150.2948523491
1.8852 104997.5587213797
1.8852 104836.0763008321
1.8852 104667.7912106124
1.8852 104494.647070627
1.8852 104318.5875007821
1.8852 104141.5561209841
1.8852 103965.4965511393
1.8852 103792.3524111539
1.8852 103624.0673209342
1.8852 103462.5849003866
1.8852 103309.8487694172
1.8852 103167.8025479325
1.8852 103038.3898558386
1.8852 102923.5543130419
1.8852 102825.2395394487
1.8852 102745.3891549652
1.8852 102685.9467794979
1.8852 102648.8560329528
1.8852 102636.0605352364
1.885336317247412 102634.9127559589
1.885725441026389 102631.6363678396
1.88633762939204 102626.481795448
1.887143140399475 102619.6994633538
1.888112232103805 102611.5397961266
1.88921516256014 102602.2532183361
1.890422189823589 102592.0901545519
1.891703571949264 102581.3010293436
1.893029566992273 102570.1362672808
1.894370433007727 102558.8462929333
1.895696428050736 102547.6815308705
1.89697781017641 102536.8924056622
1.89818483743986 102526.729341878
1.899287767896195 102517.4427640875
1.900256859600525 102509.2830968603
1.90106237060796 102502.5007647661
1.901674558973611 102497.3461923745
1.902063682752588 102494.0698042552
1.9022 102492.9220249777
1.9022 102469.0595807315
1.9022 102445.1971364853
1.9022 102421.3346922391
1.9022 102397.4722479929
1.9022 102373.6098037467
1.9019 102374.3039839429
1.901473764201487 102375.3136277557
1.901008443436166 102376.4135565535
1.900502608569841 102377.6111204719
1.899954830468316 102378.9136696465
1.899363679997394 102380.328554213
1.89872772802288 102381.8631243071
1.898045545410577 102383.5247300643
1.897315703026289 102385.3207216204
1.896536771735819 102387.2584491111
1.895707322404973 102389.3452626718
1.894825925899552 102391.5885124384
1.893891153085361 102393.9955485464
1.892901574828205 102396.5737211316
1.891855761993886 102399.3303803294
1.890752285448208 102402.2728762757
1.889589716056975 102405.408559106
1.888366624685991 102408.7447789561
1.887081582201061 102412.2888859615
1.885733159467986 102416.0482302578
1.884319927352572 102420.0301619809
1.882840456720623 102424.2420312662
1.881293318437941 102428.6911882495
1.87967708337033 102433.3849830665
1.877990322383595 102438.3307658526
1.876231606343539 102443.5358867437
1.874399506115967 102449.0076958753
1.872492592566681 102454.7535433831
1.870509436561485 102460.7807794028
1.868448608966184 102467.09675407
1.866308680646582 102473.7088175204
1.864088222468481 102480.6243198895
1.861785805297686 102487.8506113131
1.8594 102495.3950419269
1.856310890119993 102505.6567960612
1.852026077680947 102520.7092942639
1.846735411266738 102540.0712409965
1.840628739461238 102563.2613407206
1.833895910848323 102589.7982978976
1.826726774011868 102619.2008169891
1.819311177535746 102650.9876024566
1.811838970003832 102684.6773587617
1.8045 102719.7887903657
1.796983102179752 102757.4931605796
1.788917853248729 102799.3391385526
1.780405214866018 102845.4115375044
1.771546148690704 102895.7951706548
1.762441616381872 102950.5748512233
1.753192579598609 103009.8353924296
1.7439 103073.6616074933
1.734381113316402 103141.6126667806
1.72449617649311 103214.0675495766
1.714410683011617 103292.3407824791
1.704290126353417 103377.7468920861
1.6943 103471.6004049955
1.684454536143907 103569.6844693503
1.674643304480354 103668.7869574945
1.664844804744847 103771.7294823285
1.655037536672894 103881.3336567524
1.6452 104000.4210936664
1.635255526638766 104131.3081142795
1.62521838519013 104272.1780978858
1.615203480422112 104419.653244513
1.605325717102729 104570.3557541886
1.5957 104720.9078269402
1.585985082163669 104888.0428881512
1.576096917377082 105079.9317591877
1.566536211508661 105280.3527340524
1.557803670426827 105473.0841067476
1.5504 105641.9041712756
1.54442447289398 105786.0393990968
1.5395 105914.5795985727
1.535374266078023 106027.6975528037
1.531751600927163 106131.2351970837
1.528353135312721 106232.2695590573
1.5249 106337.8776663693
1.521196349991472 106454.0270451448
1.517430359884018 106575.954665237
1.513899189834556 106694.6417198829
1.5109 106801.0694023194
1.508439481056489 106893.3128114999
1.506263418779224 106977.7995466201
1.504277615973714 107058.0395512803
1.502387875445469 107137.5427690808
1.5005 107219.8191436218
1.498551553226227 107308.3148622431
1.496600670041376 107400.8210788555
1.494734010243411 107492.3651869155
1.493038233630298 107577.9745798796
1.4916 107652.6766512043
1.49041576012183 107715.3837001114
1.489383971012971 107770.8005481868
1.488444301843197 107822.6433724332
1.487536421782282 107874.6283498529
1.4866 107930.4716574487
1.485657573693783 107990.1058109614
1.4847 108054.6576021409
1.483690195420343 108125.5431098036
1.482636678192802 108203.0476284677
1.4815 108290.9825727029
1.4802 108401.212603033
1.4791 108505.3324014273
1.4782 108602.7533609277
1.4774 108694.6375102587
1.4767 108780.8098581624
1.4762 108860.0049719893
1.4757 108934.6900838537
1.4754 109002.358190901
1.4751 109065.5799291704
1.4748 109124.4666567351
1.4746 109177.8086199822
1.4745 109225.9478472792
1.4744 109270.1577254237
1.4743 109310.7086954505
1.4743 109350.3298978769
1.4742 109391.3119827297
1.4742 109431.0000000342
1.4742 109470.6904035147
1.4743 109509.1392368243
1.4743 109548.7604392507
1.4744 109586.7884981267
1.4745 109628.4595568243
1.4746 109674.0917812667
1.4748 109722.3720139161
1.475 109774.9236240856
1.4754 109829.2714255129
1.4757 109889.3151200714
1.4762 109951.3299971454
1.4767 110017.8787386262
1.4774 110086.3668460303
1.4782 110158.0756603033
1.4791 110232.7347404103
2.0347 90192.46183996432
2.0347 90192.46183996432
2.0347 90166.03816003568
2.0347 90138.17087202035
2.0347 90113.19080017842
2.034635632747493 90094.26528402249
2.03444496925611 90078.64025457363
2.034131666925053 90066.09524761472
2.033699383153529 90056.40979892855
2.033151775340742 90049.363444298
2.032492500885897 90044.7357195059
2.031725217188197 90042.30616033509
2.030853581646848 90041.85430256843
2.029881251661056 90043.15968198873
2.028811884630023 90046.00183437887
2.027649137952956 90050.16029552167
2.026396669029058 90055.41460119997
2.025058135257534 90061.54428719664
2.023637194037589 90068.32888929448
2.022137502768426 90075.54794327638
2.020562718849253 90082.98098492515
2.018916499679273 90090.40755002365
2.017202502657689 90097.60717435472
2.015424385183709 90104.35939370119
2.013585804656535 90110.44374384591
2.011690418475372 90115.63976057175
2.009741884039426 90119.72697966151
2.0077438587479 90122.48493689805
2.0057 90123.69316806423
2.003103877714197 90123.38879103756
1.999598236677489 90122.01506229547
1.995410496591872 90119.96072552053
1.990768077159341 90117.61452439538
1.985898398081893 90115.3652026026
1.981028879061524 90113.6015038248
1.976386939800227 90112.71217174461
1.9722 90113.08595004459
1.968160196731171 90114.63353045018
1.963901278945489 90116.89587371523
1.959563084167073 90119.70712706514
1.955285449920046 90122.90143772528
1.95120821372853 90126.31295292106
1.947471213116645 90129.77581987786
1.944214285608514 90133.12418582107
1.941577268728259 90136.19219797607
1.9397 90138.81400356824
1.938276718263103 90141.12823126299
1.936907728237056 90143.38395834218
1.935591966266167 90145.58100495588
1.934328368694742 90147.7191912542
1.933115871867089 90149.79833738723
1.931953412127515 90151.81826350503
1.930839925820327 90153.77878975772
1.929774349289832 90155.67973629539
1.928755618880337 90157.52092326812
1.92778267093615 90159.30217082601
1.926854441801578 90161.02329911913
1.925969867820927 90162.68412829757
1.925127885338506 90164.28447851144
1.92432743069862 90165.82416991082
1.923567440245578 90167.30302264581
1.922846850323686 90168.72085686648
1.922164597277252 90170.07749272292
1.921519617450582 90171.37275036525
1.920910847187985 90172.60644994352
1.920337222833766 90173.77841160785
1.919797680732234 90174.88845550832
1.919291157227694 90175.93640179501
1.918816588664456 90176.92207061802
1.918372911386825 90177.84528212744
1.917959061739109 90178.70585647336
1.917573976065614 90179.50361380588
1.91721659071065 90180.23837427505
1.91688584201852 90180.90995803101
1.916580666333535 90181.51818522382
1.9163 90182.06287600356
1.9161 90182.44612132024
1.915864195949796 90185.68953056115
1.915617820906621 90189.57484071249
1.915360538639739 90194.09010131589
1.915092012918413 90199.22336191295
1.914811907511907 90204.96267204532
1.914519886189487 90211.29608125461
1.914215612720413 90218.21163908244
1.913898750873951 90225.69739507041
1.913568964419365 90233.74139876018
1.913225917125917 90242.33169969336
1.912869272762873 90251.45634741154
1.912498695099495 90261.10339145639
1.912113847905048 90271.2608813695
1.911714394948795 90281.91686669248
1.9113 90293.059396967
1.910821607866402 90308.25958746445
1.910249939023384 90330.04924867542
1.909614320741679 90356.85747297021
1.908944080292019 90387.1133527191
1.908268544945134 90419.24598029238
1.907617041971759 90451.68444806038
1.907018898642623 90482.85784839337
1.906503442228459 90511.19527366164
1.9061 90535.12581623551
1.90577300818716 90555.68766997929
1.905466362996439 90575.06992590619
1.905178581663439 90593.42802210982
1.904908181423763 90610.91739668371
1.904653679513015 90627.69348772145
1.904413593166798 90643.91173331667
1.904186439620715 90659.72757156288
1.903970736110369 90675.29644055371
1.903764999871365 90690.77377838272
1.903567748139305 90706.3150231435
1.903377498149792 90722.07561292964
1.903192767138431 90738.2109858347
1.903012072340823 90754.87657995227
1.902833930992573 90772.22783337593
1.902656860329283 90790.42018419926
1.902479377586558 90809.60907051584
1.9023 90829.94993041927
1.902117113763451 90851.47119149806
1.901930454753602 90874.06677218206
1.90174056473033 90897.69034682684
1.90154798545351 90922.2955897879
1.90135325868302 90947.83617542079
1.901156926178737 90974.26577808106
1.900959529700537 91001.53807212423
1.900761611008296 91029.60673190585
1.900563711861892 91058.42543178145
1.900366374021201 91087.94784610659
1.900170139246101 91118.12764923678
1.899975549296466 91148.91851552758
1.899783145932175 91180.2741193345
1.899593470913103 91212.14813501312
1.899407065999129 91244.49423691894
1.899224472950128 91277.26609940751
1.899046233525976 91310.4173968344
1.898872889486551 91343.9018035551
1.898704982591729 91377.67299392517
1.898543054601388 91411.68464230016
1.898387647275402 91445.89042303557
1.898239302373651 91480.24401048699
1.898098561656009 91514.69907900992
1.897965966882354 91549.20930295991
1.897842059812562 91583.7283566925
1.897727382206511 91618.20991456324
1.897622475824076 91652.60765092765
1.897527882425134 91686.87524014126
1.897444143769563 91720.96635655964
1.897371801617238 91754.8346745383
1.897311397728037 91788.4338684328
1.897263473861836 91821.71761259866
1.897228571778511 91854.63958139143
1.897207233237941 91887.15344916664
1.8972 91919.21289027983
1.897209217885099 91951.58342196836
1.897236192296123 91984.96869969514
1.897279904366657 92019.22960515405
1.897339335230292 92054.22702003896
1.897413466020613 92089.82182604377
1.89750127787121 92125.87490486234
1.897601751915669 92162.24713818857
1.897713869287579 92198.79940771633
1.897836611120528 92235.39259513949
1.897968958548102 92271.88758215195
1.898109892703891 92308.14525044757
1.898258394721481 92344.02648172026
1.898413445734461 92379.39215766385
1.898574026876418 92414.10315997228
1.898739119280941 92448.02037033939
1.898907704081616 92481.00467045906
1.899078762412032 92512.9169420252
1.899251275405777 92543.61806673167
1.899424224196437 92572.96892627234
1.899596589917603 92600.8304023411
1.899767353702859 92627.06337663185
1.899935496685796 92651.52873083844
1.9001 92674.08734665478
1.900262143651123 92695.18390720937
1.900424256217856 92715.38756851714
1.900586891693345 92734.74592160147
1.900750604070738 92753.30655748578
1.900915947343182 92771.11706719347
1.901083475503822 92788.22504174792
1.901253742545806 92804.67807217258
1.901427302462281 92820.52374949082
1.901604709246394 92835.80966472607
1.90178651689129 92850.5834089017
1.901973279390118 92864.89257304114
1.902165550736024 92878.78474816779
1.902363884922154 92892.30752530505
1.902568835941656 92905.50849547634
1.902780957787676 92918.43524970504
1.903000804453361 92931.13537901457
1.903228929931859 92943.65647442832
1.903465888216314 92956.04612696971
1.903712233299876 92968.35192766215
1.903968519175689 92980.62146752902
1.904235299836902 92992.90233759375
1.904513129276661 93005.24212887972
1.904802561488112 93017.68843241036
1.905104150464403 93030.28883920905
1.90541845019868 93043.09094029921
1.905746014684091 93056.14232670423
1.906087397913781 93069.49058944752
1.906443153880898 93083.18331955251
1.906813836578589 93097.26810804257
1.9072 93111.79254594112
1.907711782764759 93127.56132925392
1.908403364694802 93144.27595738083
1.909191361586739 93160.32922643644
1.909992389237178 93174.11393253531
1.910723063442729 93184.02287179203
1.9113 93188.44884032114
1.911759714077242 93189.54376258975
1.912195065555691 93190.50822348899
1.912607187301437 93191.30800976956
1.91299721218057 93191.90890818216
1.91336627305918 93192.2767054775
1.913715502803356 93192.37718840626
1.914046034279189 93192.17614371915
1.914359000352768 93191.63935816685
1.914655533890183 93190.73261850007
1.914936767757524 93189.42171146951
1.915203834820881 93187.67242382585
1.915457867946343 93185.4505423198
1.9157 93182.72185370205
1.915886546549907 93180.31230507429
1.9161 93177.50104014273
1.916464068489228 93171.77027913532
1.91697173603144 93162.2707579674
1.917617314558897 93149.15083182752
1.918395116003857 93132.55885590422
1.91929945229858 93112.64318538607
1.920324635375326 93089.55217546162
1.921464977166355 93063.4341813194
1.922714789603927 93034.437558148
1.9240683846203 93002.71066113593
1.925520074147736 92968.40184547179
1.927064170118493 92931.65946634408
1.928694984464831 92892.63187894139
1.93040682911901 92851.46743845227
1.932194016013291 92808.31450006524
1.934050857079931 92763.32141896889
1.935971664251191 92716.63655035176
1.937950749459332 92668.40824940239
1.939982424636612 92618.78487130934
1.942061001715292 92567.91477126117
1.94418079262763 92515.94630444644
1.946336109305887 92463.02782605367
1.948521263682322 92409.30769127145
1.950730567689196 92354.9342552883
1.952958333258767 92300.05587329277
1.955198872323296 92244.82090047345
1.957446496815043 92189.37769201887
1.959695518666266 92133.87460311758
1.961940249809226 92078.45998895814
1.964175002176182 92023.2822047291
1.966394087699395 91968.48960561899
1.968591818311123 91914.2305468164
1.970762505943627 91860.65338350987
1.972900462529166 91807.90647088793
1.975 91756.13816413916
1.977193702523292 91701.82827794248
1.979599758004526 91641.8359259064
1.982190883983444 91576.87841161388
1.984939797999789 91507.67303864783
1.987819217593302 91434.93711059117
1.990801860303726 91359.38793102687
1.993860443670803 91281.74280353783
1.996967685234276 91202.71903170698
2.000096302533886 91123.03391911727
2.003219013109375 91043.40476935163
2.006308534500485 90964.54888599299
2.00933758424696 90887.18357262426
2.012278879888541 90812.0261328284
2.01510513896497 90739.79387018832
2.017789079015989 90671.20408828698
2.020303417581342 90606.97409070728
2.022620872200769 90547.82118103217
2.024714160414012 90494.46266284457
2.026555999760815 90447.61583972743
2.028119107780919 90407.99801526367
2.029376202014067 90376.32649303622
2.0303 90353.31857662801
2.031041947994966 90336.18188770756
2.031760336262354 90321.35323777598
2.032438148352616 90308.39371516519
2.033058367816209 90296.86440820702
2.033603978203584 90286.3264052334
2.034057963065197 90276.34079457616
2.034403305951502 90266.46866456719
2.034622990412951 90256.27110353837
2.0347 90245.30919982158
2.0347 90218.88551989295
2.0347 90192.46183996432
*END
