*KEYWORD
*DEFINE_CURVE_TITLE
SYNTHETIC screenshot reconstruction absolute pressure
$ LCID SIDR SFA SFO OFFA OFFO DATTYP
26 0 1.0 1.0 0.0 0.0 0
$ Not a CFD solver result; screenshot anchors plus interpolated rows.
$ X in metres; ordinate in metres or absolute pressure in Pa.
$ ABSCISSA ORDINATE
1.4791 106121.275367529
1.479851735675113 106010.5315941799
1.480724157317516 105899.7948520303
1.481711671244822 105789.1029165038
1.482808683774642 105678.4935630236
1.48400960122459 105568.0045670132
1.485308829912277 105457.6737038959
1.486700776155315 105347.5387490952
1.488179846271316 105237.6374780344
1.489740446577894 105128.0076661369
1.491376983392658 105018.6870888261
1.493083863033223 104909.7135215255
1.4948554918172 104801.1247396583
1.496686276062202 104692.958518648
1.498570622085839 104585.252633918
1.500502936205726 104478.0448608917
1.502477624739473 104371.3729749924
1.504489094004693 104265.2747516436
1.506531750318998 104159.7879662686
1.5086 104054.9503942908
1.51071234126088 103951.4805168494
1.512911411375217 103849.5589523129
1.515227825251226 103748.416681949
1.517692197797119 103647.2846870255
1.52033514392111 103545.3939488099
1.523187278531413 103441.97544857
1.52627921653624 103336.2601675735
1.529641572843804 103227.479087088
1.53330496236232 103114.8631883812
1.5373 102997.6434527208
1.542224457603239 102864.4800862949
1.548474587033738 102708.9571508227
1.555778723222672 102537.6914108684
1.563865201101215 102357.2996309962
1.57246235560054 102174.3985757702
1.581298521651822 101995.6050097547
1.590102034186235 101827.5356975139
1.598601228134953 101676.8074036119
1.60652443842915 101550.0368926129
1.6136 101453.8409290812
1.619711731351954 101380.1076272028
1.625241775432379 101313.8812211142
1.630665953836827 101251.5126553046
1.63646008816085 101189.3528742634
1.6431 101123.7528224799
1.651076798471014 101059.0309692375
1.660411382713937 101001.6694106151
1.670874259359286 100951.2645312958
1.682235935037575 100907.4127159628
1.694266916379319 100869.7103492989
1.706737710015032 100837.7538159874
1.719418822575228 100811.1395007112
1.732080760690424 100789.4637881534
1.744494030991133 100772.3230629971
1.756429140107871 100759.3137099254
1.767656594671152 100750.0321136211
1.77794690131149 100744.0746587676
1.787070566659402 100741.0377300477
1.7947980973454 100740.5177121446
1.8009 100742.1109897413
1.8060604877428 100745.0782959528
1.811114687291474 100748.9096883959
1.816059475673645 100753.5455385064
1.820891729916942 100758.9262177202
1.825608327048989 100764.9920974732
1.830206144097412 100771.683549201
1.834682058089838 100778.9409443397
1.839032946053892 100786.7046543249
1.843255685017201 100794.9150505927
1.847347152007389 100803.5125045787
1.851304224052085 100812.4373877188
1.855123778178912 100821.6300714489
1.858802691415497 100831.0309272048
1.862337840789467 100840.5803264223
1.865726103328447 100850.2186405372
1.868964356060062 100859.8862409855
1.87204947601194 100869.5234992029
1.874978340211706 100879.0707866252
1.877747825686985 100888.4684746884
1.880354809465405 100897.6569348282
1.88279616857459 100906.5765384805
1.885068780042167 100915.167657081
1.887169520895762 100923.3706620657
1.889095268163 100931.1259248704
1.890842898871508 100938.3738169309
1.892409290048911 100945.054709683
1.893791318722836 100951.1089745627
1.894985861920909 100956.4769830056
1.895989796670755 100961.0991064477
1.8968 100964.9157163247
1.897504777027824 100967.3808221028
1.898189300872436 100968.2924203559
1.898845750560009 100968.1068631816
1.899466305116718 100967.2805026776
1.900043143568734 100966.2696909415
1.90056844494223 100965.5307800709
1.901034388263381 100965.5201221634
1.901433152558359 100966.6940693167
1.901756916853336 100969.5089736285
1.901997860174487 100974.4211871963
1.902148161547984 100981.8870621178
1.9022 100992.3629504906
1.9022 101017.8947528657
1.9022 101061.2320789654
1.9022 101108.8868446448
1.9022 101147.3709657588
1.9022 101163.1963581624
1.902063682752588 101163.6636310218
1.901674558973611 101164.9974826387
1.90106237060796 101167.095962571
1.900256859600525 101169.8571203767
1.899287767896195 101173.1790056138
1.89818483743986 101176.9596678401
1.896977810176411 101181.0971566135
1.895696428050736 101185.4895214922
1.894370433007727 101190.0348120339
1.893029566992273 101194.6310777966
1.891703571949264 101199.1763683383
1.890422189823589 101203.568733217
1.88921516256014 101207.7062219904
1.888112232103805 101211.4868842167
1.887143140399475 101214.8087694538
1.88633762939204 101217.5699272595
1.885725441026389 101219.6684071918
1.885336317247412 101221.0022588087
1.8852 101221.4695316682
1.8852 101239.7903579439
1.8852 101292.8975632243
1.8852 101378.008237189
1.8852 101492.3394695176
1.8852 101633.1083498897
1.8852 101797.5319679849
1.8852 101982.827413483
1.8852 102186.2117760634
1.8852 102404.9021454059
1.8852 102636.11561119
1.8852 102877.0692630955
1.8852 103124.9801908019
1.8852 103377.0654839888
1.8852 103630.5422323359
1.8852 103882.6275255229
1.8852 104130.5384532292
1.8852 104371.4921051347
1.8852 104602.7055709188
1.8852 104821.3959402613
1.8852 105024.7803028417
1.8852 105210.0757483398
1.8852 105374.499366435
1.8852 105515.2682468071
1.8852 105629.5994791357
1.8852 105714.7101531004
1.8852 105767.8173583808
1.8852 105786.1381846566
1.885336317247412 105784.0179530827
1.885725441026389 105777.9656556808
1.88633762939204 105768.4438884308
1.887143140399475 105755.9152473124
1.888112232103805 105740.8423283053
1.88921516256014 105723.6877273893
1.890422189823589 105704.9140405442
1.891703571949264 105684.9838637496
1.893029566992273 105664.3597929854
1.894370433007727 105643.5044242314
1.895696428050736 105622.8803534672
1.89697781017641 105602.9501766726
1.89818483743986 105584.1764898275
1.899287767896195 105567.0218889115
1.900256859600525 105551.9489699044
1.90106237060796 105539.4203287859
1.901674558973611 105529.8985615359
1.902063682752588 105523.8462641341
1.9022 105521.7260325602
1.9022 105555.8927140946
1.9022 105590.0593956289
1.9022 105624.2260771632
1.9022 105658.3927586976
1.9022 105692.5594402319
1.9019 105699.8483322926
1.901473764201487 105710.1708374688
1.901008443436166 105721.4431849932
1.900502608569841 105733.6943084024
1.899954830468316 105746.9531412327
1.899363679997394 105761.2486170206
1.89872772802288 105776.6096693026
1.898045545410577 105793.065231615
1.897315703026289 105810.6442374944
1.896536771735819 105829.3756204772
1.895707322404973 105849.2883140997
1.894825925899552 105870.4112518986
1.893891153085361 105892.7733674101
1.892901574828205 105916.4035941708
1.891855761993886 105941.330865717
1.890752285448208 105967.5841155853
1.889589716056975 105995.192277312
1.888366624685991 106024.1842844336
1.887081582201061 106054.5890704866
1.885733159467986 106086.4355690074
1.884319927352572 106119.7527135324
1.882840456720623 106154.5694375981
1.881293318437941 106190.9146747409
1.87967708337033 106228.8173584972
1.877990322383595 106268.3064224035
1.876231606343539 106309.4107999963
1.874399506115967 106352.159424812
1.872492592566681 106396.581230387
1.870509436561485 106442.7051502577
1.868448608966184 106490.5601179607
1.866308680646582 106540.1750670323
1.864088222468481 106591.578931009
1.861785805297686 106644.8006434272
1.8594 106699.8691378234
1.856310890119993 106770.4647643995
1.852026077680947 106867.2135941259
1.846735411266738 106985.563141691
1.840628739461238 107120.9609217837
1.833895910848323 107268.8544490926
1.826726774011868 107424.6912383064
1.819311177535746 107583.9188041138
1.811838970003832 107741.9846612034
1.8045 107894.336324264
1.796983102179752 108047.8878579836
1.788917853248729 108210.6490292972
1.780405214866018 108379.7109062639
1.771546148690704 108552.164556943
1.762441616381872 108725.1010493937
1.753192579598609 108895.6114516751
1.7439 109060.7868318466
1.734381113316402 109226.3043968609
1.72449617649311 109395.4797447191
1.714410683011617 109561.8615300522
1.704290126353417 109718.9984074915
1.6943 109860.4390316682
1.684454536143907 109991.8282248807
1.674643304480354 110120.8140887414
1.664844804744847 110243.9501968523
1.655037536672894 110357.7901228152
1.6452 110458.8874402319
1.635255526638766 110546.0423612107
1.62521838519013 110621.4620082315
1.615203480422112 110686.8103204542
1.605325717102729 110743.7512370389
1.5957 110793.9486971454
1.585985082163669 110822.8651151358
1.576096917377082 110821.1218293617
1.566536211508661 110798.121164967
1.557803670426827 110763.2654470957
1.5504 110725.9570008921
1.54442447289398 110684.5625159107
1.5395 110636.4782582516
1.535374266078023 110588.4231163158
1.531751600927163 110540.1957894928
1.528353135312721 110489.3626842258
1.5249 110433.4902069581
1.521196349991472 110369.4411159182
1.517430359884018 110298.8398090996
1.513899189834556 110226.3951525929
1.5109 110156.8160124889
1.508439481056489 110092.6737712852
1.506263418779224 110031.7839878792
1.504277615973714 109971.7217929608
1.502387875445469 109910.0623172201
1.5005 109844.380691347
1.498551553226227 109771.4664359724
1.496600670041376 109692.8771446006
1.494734010243411 109613.3400572319
1.493038233630298 109537.5824138666
1.4916 109470.3314545049
1.49041576012183 109413.2425611679
1.489383971012971 109362.3828296198
1.488444301843197 109314.0970704763
1.487536421782282 109264.7300943526
1.4866 109210.6267118644
1.485657573693783 109151.2613088089
1.4847 109085.2729536128
1.483690195420343 109011.6579334878
1.482636678192802 108929.7725747778
1.4815 108835.2487707404
1.4802 108713.3116806423
1.4791 108594.6014438002
1.4782 108479.9608383586
1.4774 108370.4869944246
1.4767 108266.4304676628
1.4762 108166.8421835861
1.4757 108073.7114023194
1.4754 107985.105808207
1.4751 107902.8666057538
1.4748 107826.834350446
1.4746 107755.9802455397
1.4745 107689.8145685995
1.4744 107629.2750052186
1.4743 107573.9743330062
1.4743 107517.2439749866
1.4742 107461.3260247279
1.4742 107404.499999951
1.4742 107347.6705586039
1.4743 107289.8578760393
1.4743 107233.1275180196
1.4744 107175.9173079393
1.4745 107113.4909844782
1.4746 107045.3929918823
1.4748 106970.7425890276
1.475 106889.9763501784
1.4754 106801.1164041035
1.4757 106706.8619186441
1.4762 106604.2631702944
1.4767 106495.1727524532
1.4774 106377.7836272971
1.4782 106253.0220915254
1.4791 106121.275367529
2.0347 92946.77054732382
2.0347 92946.77054732382
2.0347 92984.60445267618
2.0347 93024.50534233449
2.0347 93060.2722633809
2.034635632747493 93089.14730528509
2.03444496925611 93116.78361869519
2.034131666925053 93143.39588954329
2.033699383153529 93169.19880376141
2.033151775340742 93194.40704728158
2.032492500885897 93219.23530603587
2.031725217188197 93243.89826595633
2.030853581646848 93268.61061297498
2.029881251661056 93293.58703302388
2.028811884630023 93319.04221203508
2.027649137952956 93345.19083594061
2.026396669029058 93372.24759067252
2.025058135257534 93400.42716216286
2.023637194037589 93429.94423634367
2.022137502768426 93461.013499147
2.020562718849253 93493.84963650488
2.018916499679273 93528.66733434937
2.017202502657689 93565.68127861252
2.015424385183709 93605.10615522636
2.013585804656535 93647.15665012292
2.011690418475372 93692.04744923429
2.009741884039426 93739.99323849248
2.0077438587479 93791.20870382954
2.0057 93845.90853117753
2.003103877714197 93918.02182524408
1.999598236677489 94016.7775395793
1.995410496591872 94135.34013337886
1.990768077159341 94266.87406583846
1.985898398081893 94404.54379615378
1.981028879061524 94541.51378352051
1.976386939800227 94670.94848713432
1.9722 94786.0123661909
1.968160196731171 94895.33321687077
1.963901278945489 95009.68028611653
1.959563084167073 95125.43020926701
1.955285449920046 95238.95962166105
1.95120821372853 95346.64515863748
1.947471213116645 95444.8634555351
1.944214285608514 95529.9911476928
1.941577268728259 95598.40487044935
1.9397 95646.48125914362
1.938276718263103 95682.4637170358
1.936907728237056 95717.03097346021
1.935591966266167 95750.21265286685
1.934328368694742 95782.03837970573
1.933115871867089 95812.53777842683
1.931953412127515 95841.7404734802
1.930839925820327 95869.67608931579
1.929774349289832 95896.37425038364
1.928755618880337 95921.86458113375
1.92778267093615 95946.17670601611
1.926854441801578 95969.34024948072
1.925969867820927 95991.3848359776
1.925127885338506 96012.34008995675
1.92432743069862 96032.23563586816
1.923567440245578 96051.10109816185
1.922846850323686 96068.96610128782
1.922164597277252 96085.86026969607
1.921519617450582 96101.8132278366
1.920910847187985 96116.85460015942
1.920337222833766 96131.01401111453
1.919797680732234 96144.32108515194
1.919291157227694 96156.80544672164
1.918816588664456 96168.49672027366
1.918372911386825 96179.42453025797
1.917959061739109 96189.61850112458
1.917573976065614 96199.10825732352
1.91721659071065 96207.92342330478
1.91688584201852 96216.09362351835
1.916580666333535 96223.64848241424
1.9163 96230.61762444246
1.9161 96235.59077475469
1.915864195949796 96237.45722011961
1.915617820906621 96238.69643928226
1.915360538639739 96239.3348262684
1.915092012918413 96239.39877510387
1.914811907511907 96238.91467981444
1.914519886189487 96237.90893442591
1.914215612720413 96236.40793296411
1.913898750873951 96234.4380694548
1.913568964419365 96232.0257379238
1.913225917125917 96229.19733239691
1.912869272762873 96225.97924689992
1.912498695099495 96222.39787545864
1.912113847905048 96218.47961209888
1.911714394948795 96214.25085084639
1.9113 96209.73798572703
1.910821607866402 96201.1822153347
1.910249939023384 96185.76683864323
1.909614320741679 96164.93140024817
1.908944080292019 96140.11544474507
1.908268544945134 96112.75851672952
1.907617041971759 96084.30016079708
1.907018898642623 96056.17992154331
1.906503442228459 96029.83734356378
1.9061 96006.71197145406
1.90577300818716 95986.29919612585
1.905466362996439 95967.01363156417
1.905178581663439 95948.67365697457
1.904908181423763 95931.09765156262
1.904653679513015 95914.10399453384
1.904413593166798 95897.51106509381
1.904186439620715 95881.13724244807
1.903970736110369 95864.80090580216
1.903764999871365 95848.32043436162
1.903567748139305 95831.51420733205
1.903377498149792 95814.20060391894
1.903192767138431 95796.19800332788
1.903012072340823 95777.32478476441
1.902833930992573 95757.39932743408
1.902656860329283 95736.24001054243
1.902479377586558 95713.66521329503
1.9023 95689.49331489741
1.902117113763451 95663.72816849514
1.901930454753602 95636.52895590568
1.90174056473033 95607.94704934246
1.90154798545351 95578.03382101889
1.90135325868302 95546.84064314839
1.901156926178737 95514.41888794437
1.900959529700537 95480.81992762026
1.900761611008296 95446.0951343895
1.900563711861892 95410.29588046546
1.900366374021201 95373.4735380616
1.900170139246101 95335.67947939131
1.899975549296466 95296.96507666804
1.899783145932175 95257.38170210518
1.899593470913103 95216.98072791616
1.899407065999129 95175.81352631441
1.899224472950128 95133.93146951334
1.899046233525976 95091.38592972636
1.898872889486551 95048.22827916688
1.898704982591729 95004.50989004836
1.898543054601388 94960.28213458418
1.898387647275402 94915.59638498777
1.898239302373651 94870.50401347257
1.898098561656009 94825.05639225197
1.897965966882354 94779.3048935394
1.897842059812562 94733.30088954828
1.897727382206511 94687.09575249202
1.897622475824076 94640.74085458406
1.897527882425134 94594.28756803781
1.897444143769563 94547.78726506665
1.897371801617238 94501.29131788407
1.897311397728037 94454.85109870344
1.897263473861836 94408.51797973819
1.897228571778511 94362.34333320173
1.897207233237941 94316.37853130751
1.8972 94270.6749462689
1.897209217885099 94224.07172980004
1.897236192296123 94175.52533377326
1.897279904366657 94125.26308063937
1.897339335230292 94073.51229284922
1.897413466020613 94020.50029285361
1.89750127787121 93966.45440310336
1.897601751915669 93911.60194604928
1.897713869287579 93856.17024414221
1.897836611120528 93800.38661983295
1.897968958548102 93744.47839557233
1.898109892703891 93688.67289381115
1.898258394721481 93633.19743700024
1.898413445734461 93578.27934759043
1.898574026876418 93524.14594803253
1.898739119280941 93471.02456077735
1.898907704081616 93419.14250827572
1.899078762412032 93368.72711297846
1.899251275405777 93320.00569733638
1.899424224196437 93273.2055838003
1.899596589917603 93228.55409482104
1.899767353702859 93186.27855284943
1.899935496685796 93146.60628033627
1.9001 93109.76459973239
1.900262143651123 93075.08146541043
1.900424256217856 93041.67765868721
1.900586891693345 93009.46974242981
1.900750604070738 92978.37427950527
1.900915947343182 92948.30783278064
1.901083475503822 92919.18696512299
1.901253742545806 92890.92823939941
1.901427302462281 92863.44821847691
1.901604709246394 92836.66346522258
1.90178651689129 92810.49054250347
1.901973279390118 92784.84601318663
1.902165550736024 92759.64644013913
1.902363884922154 92734.80838622805
1.902568835941656 92710.24841432041
1.902780957787676 92685.88308728329
1.903000804453361 92661.62896798376
1.903228929931859 92637.40261928887
1.903465888216314 92613.12060406567
1.903712233299876 92588.69948518122
1.903968519175689 92564.05582550261
1.904235299836902 92539.10618789686
1.904513129276661 92513.76713523106
1.904802561488112 92487.95523037224
1.905104150464403 92461.58703618748
1.90541845019868 92434.57911554385
1.905746014684091 92406.84803130839
1.906087397913781 92378.31034634815
1.906443153880898 92348.88262353021
1.906813836578589 92318.48142572163
1.9072 92287.02331578947
1.907711782764759 92250.31524979298
1.908403364694802 92207.28875179616
1.909191361586739 92162.54723667313
1.909992389237178 92120.69411929802
1.910723063442729 92086.33281454498
1.9113 92064.06673728813
1.911759714077242 92049.8065596165
1.912195065555691 92036.40581660597
1.912607187301437 92023.88221761108
1.91299721218057 92012.2534719863
1.91336627305918 92001.53728908618
1.913715502803356 91991.75137826518
1.914046034279189 91982.91344887781
1.914359000352768 91975.04121027858
1.914655533890183 91968.15237182197
1.914936767757524 91962.26464286252
1.915203834820881 91957.39573275471
1.915457867946343 91953.56335085306
1.9157 91950.78520651204
1.915886546549907 91949.08479634057
1.9161 91947.21668644068
1.916464068489228 91945.37036727449
1.91697173603144 91944.95553804566
1.917617314558897 91945.91682546068
1.918395116003857 91948.19885622608
1.91929945229858 91951.74625704838
1.920324635375326 91956.50365463409
1.921464977166355 91962.41567568971
1.922714789603927 91969.42694692177
1.9240683846203 91977.48209503679
1.925520074147736 91986.52574674127
1.927064170118493 91996.50252874174
1.928694984464831 92007.3570677447
1.93040682911901 92019.03399045666
1.932194016013291 92031.47792358417
1.934050857079931 92044.63349383369
1.935971664251191 92058.44532791179
1.937950749459332 92072.85805252496
1.939982424636612 92087.81629437971
1.942061001715292 92103.26468018256
1.94418079262763 92119.14783664001
1.946336109305887 92135.41039045861
1.948521263682322 92151.99696834484
1.950730567689196 92168.85219700524
1.952958333258767 92185.9207031463
1.955198872323296 92203.14711347457
1.957446496815043 92220.47605469653
1.959695518666266 92237.8521535187
1.961940249809226 92255.2200366476
1.964175002176182 92272.52433078978
1.966394087699395 92289.70966265169
1.968591818311123 92306.72065893988
1.970762505943627 92323.50194636088
1.972900462529166 92339.99815162117
1.975 92356.1539014273
1.977193702523292 92373.34888656696
1.979599758004526 92392.81718344182
1.982190883983444 92414.2849971792
1.984939797999789 92437.47853290646
1.987819217593302 92462.12399575094
1.990801860303726 92487.94759084001
1.993860443670803 92514.675523301
1.996967685234276 92542.03399826126
2.000096302533886 92569.74922084817
2.003219013109375 92597.54739618904
2.006308534500485 92625.15472941125
2.00933758424696 92652.29742564213
2.012278879888541 92678.70169000902
2.01510513896497 92704.09372763932
2.017789079015989 92728.19974366033
2.020303417581342 92750.74594319941
2.022620872200769 92771.45853138392
2.024714160414012 92790.06371334122
2.026555999760815 92806.28769419863
2.028119107780919 92819.85667908353
2.029376202014067 92830.49687312324
2.0303 92837.93448144515
2.031041947994966 92841.98633584665
2.031760336262354 92843.38396893567
2.032438148352616 92843.22563705516
2.033058367816209 92842.60959654811
2.033603978203584 92842.6341037575
2.034057963065197 92844.39741502632
2.034403305951502 92848.99778669752
2.034622990412951 92857.53347511413
2.0347 92871.1027366191
2.0347 92908.93664197145
2.0347 92946.77054732382
*END
