*KEYWORD
*DEFINE_CURVE_TITLE
SYNTHETIC screenshot reconstruction absolute pressure
$ LCID SIDR SFA SFO OFFA OFFO DATTYP
26 0 1.0 1.0 0.0 0.0 0
$ Not a CFD solver result; screenshot anchors plus interpolated rows.
$ X in metres; ordinate in metres or absolute pressure in Pa.
$ ABSCISSA ORDINATE
1.4791 107720.033823372
1.479851735675113 107572.3754589065
1.480724157317516 107424.7264693738
1.481711671244822 107277.1372220051
1.482808683774642 107129.6580840315
1.48400960122459 106982.3394226842
1.485308829912277 106835.2316051945
1.486700776155315 106688.3849987936
1.488179846271316 106541.8499707125
1.489740446577894 106395.6768881825
1.491376983392658 106249.9161184348
1.493083863033223 106104.6180287006
1.4948554918172 105959.8329862111
1.496686276062202 105815.6113581973
1.498570622085839 105672.0035118907
1.500502936205726 105529.0598145222
1.502477624739473 105386.8306333232
1.504489094004693 105245.3663355247
1.506531750318998 105104.7172883581
1.5086 104964.9338590544
1.51071234126088 104826.9740224658
1.512911411375217 104691.0786030838
1.515227825251226 104556.2222425987
1.517692197797119 104421.3795827006
1.52033514392111 104285.5252650799
1.523187278531413 104147.6339314267
1.52627921653624 104006.6802234313
1.529641572843804 103861.638782784
1.53330496236232 103711.4842511749
1.5373 103555.1912702944
1.542224457603239 103377.6401150599
1.548474587033738 103170.276201097
1.555778723222672 102941.9218811579
1.563865201101215 102701.3995079949
1.57246235560054 102457.5314343603
1.581298521651822 102219.1400130063
1.590102034186235 101995.0475966852
1.598601228134953 101794.0765381492
1.60652443842915 101625.0491901505
1.6136 101496.7879054416
1.619711731351954 101398.4768362705
1.625241775432379 101310.1749614856
1.630665953836827 101227.0168737395
1.63646008816085 101144.1371656845
1.6431 101056.6704299732
1.651076798471014 100970.37462565
1.660411382713937 100893.8925474868
1.670874259359286 100826.6860417278
1.682235935037575 100768.216954617
1.694266916379319 100717.9471323986
1.706737710015032 100675.3384213165
1.719418822575228 100639.852667615
1.732080760690424 100610.9517175379
1.744494030991133 100588.0974173295
1.756429140107871 100570.7516132338
1.767656594671152 100558.3761514949
1.77794690131149 100550.4328783568
1.787070566659402 100546.3836400636
1.7947980973454 100545.6902828595
1.8009 100547.8146529884
1.8060604877428 100551.7710612704
1.811114687291474 100556.8795845278
1.816059475673645 100563.0607180085
1.820891729916942 100570.2349569603
1.825608327048989 100578.3227966309
1.830206144097412 100587.244732268
1.834682058089838 100596.9212591196
1.839032946053892 100607.2728724333
1.843255685017201 100618.2200674569
1.847347152007389 100629.6833394382
1.851304224052085 100641.5831836251
1.855123778178912 100653.8400952652
1.858802691415497 100666.3745696064
1.862337840789467 100679.1071018964
1.865726103328447 100691.958187383
1.868964356060062 100704.848321314
1.87204947601194 100717.6979989372
1.874978340211706 100730.4277155003
1.877747825686985 100742.9579662512
1.880354809465405 100755.2092464376
1.88279616857459 100767.1020513073
1.885068780042167 100778.556876108
1.887169520895762 100789.4942160876
1.889095268163 100799.8345664939
1.890842898871508 100809.4984225745
1.892409290048911 100818.4062795774
1.893791318722836 100826.4786327502
1.894985861920909 100833.6359773408
1.895989796670755 100839.7988085969
1.8968 100844.8876217663
1.897504777027824 100848.1744294704
1.898189300872436 100849.3898938079
1.898845750560009 100849.1424842422
1.899466305116718 100848.0406702368
1.900043143568734 100846.6929212553
1.90056844494223 100845.7077067611
1.901034388263381 100845.6934962179
1.901433152558359 100847.258759089
1.901756916853336 100851.011964838
1.901997860174487 100857.5615829284
1.902148161547984 100867.5160828237
1.9022 100881.4839339875
1.9022 100915.5263371543
1.9022 100973.3094386206
1.9022 101036.8491261931
1.9022 101088.1612876784
1.9022 101109.2618108831
1.902063682752588 101109.8848413624
1.901674558973611 101111.6633101849
1.90106237060796 101114.4612834281
1.900256859600525 101118.142827169
1.899287767896195 101122.572007485
1.89818483743986 101127.6128904534
1.896977810176411 101133.1295421514
1.895696428050736 101138.9860286562
1.894370433007727 101145.0464160452
1.893029566992273 101151.1747703955
1.891703571949264 101157.2351577845
1.890422189823589 101163.0916442893
1.88921516256014 101168.6082959873
1.888112232103805 101173.6491789556
1.887143140399475 101178.0783592717
1.88633762939204 101181.7599030126
1.885725441026389 101184.5578762557
1.885336317247412 101186.3363450783
1.8852 101186.9593755575
1.8852 101211.3871439252
1.8852 101282.1967509658
1.8852 101395.6776495854
1.8852 101548.1192926901
1.8852 101735.8111331862
1.8852 101955.0426239799
1.8852 102202.1032179773
1.8852 102473.2823680845
1.8852 102764.8695272078
1.8852 103073.1541482534
1.8852 103394.4256841273
1.8852 103724.9735877358
1.8852 104061.0873119851
1.8852 104399.0563097812
1.8852 104735.1700340305
1.8852 105065.717937639
1.8852 105386.9894735129
1.8852 105695.2740945584
1.8852 105986.8612536817
1.8852 106258.040403789
1.8852 106505.1009977864
1.8852 106724.33248858
1.8852 106912.0243290762
1.8852 107064.4659721809
1.8852 107177.9468708005
1.8852 107248.756477841
1.8852 107273.1842462087
1.885336317247412 107270.3572707769
1.885725441026389 107262.2875409078
1.88633762939204 107249.5918512411
1.887143140399475 107232.8869964165
1.888112232103805 107212.7897710737
1.88921516256014 107189.9169698524
1.890422189823589 107164.8853873922
1.891703571949264 107138.3118183328
1.893029566992273 107110.8130573139
1.894370433007727 107083.0058989751
1.895696428050736 107055.5071379562
1.89697781017641 107028.9335688968
1.89818483743986 107003.9019864366
1.899287767896195 106981.0291852153
1.900256859600525 106960.9319598725
1.90106237060796 106944.2271050479
1.901674558973611 106931.5314153812
1.902063682752588 106923.4616855121
1.9022 106920.6347100803
1.9022 106966.1902854594
1.9022 107011.7458608385
1.9022 107057.3014362177
1.9022 107102.8570115968
1.9022 107148.4125869759
1.9019 107158.1311097235
1.901473764201487 107171.8944499583
1.901008443436166 107186.9242466576
1.900502608569841 107203.2590778698
1.899954830468316 107220.9375216436
1.899363679997394 107239.9981560275
1.89872772802288 107260.4795590701
1.898045545410577 107282.42030882
1.897315703026289 107305.8589833259
1.896536771735819 107330.8341606362
1.895707322404973 107357.3844187997
1.894825925899552 107385.5483358648
1.893891153085361 107415.3644898801
1.892901574828205 107446.8714588944
1.891855761993886 107480.107820956
1.890752285448208 107515.1121541137
1.889589716056975 107551.923036416
1.888366624685991 107590.5790459115
1.887081582201061 107631.1187606488
1.885733159467986 107673.5807586765
1.884319927352572 107718.0036180432
1.882840456720623 107764.4259167974
1.881293318437941 107812.8862329878
1.87967708337033 107863.4231446629
1.877990322383595 107916.0752298714
1.876231606343539 107970.8810666618
1.874399506115967 108027.8792330826
1.872492592566681 108087.1083071826
1.870509436561485 108148.6068670103
1.868448608966184 108212.4134906142
1.866308680646582 108278.566756043
1.864088222468481 108347.1052413453
1.861785805297686 108418.0675245696
1.8594 108491.4921837645
1.856310890119993 108585.6196858661
1.852026077680947 108714.6181255011
1.846735411266738 108872.4175222547
1.840628739461238 109052.9478957116
1.833895910848323 109250.1392654568
1.826726774011868 109457.9216510752
1.819311177535746 109670.2250721517
1.811838970003832 109880.9795482712
1.8045 110084.1150990187
1.796983102179752 110288.8504773115
1.788917853248729 110505.8653723963
1.780405214866018 110731.2812083519
1.771546148690704 110961.2194092573
1.762441616381872 111191.8013991916
1.753192579598609 111419.1486022335
1.7439 111639.3824424621
1.734381113316402 111860.0725291479
1.72449617649311 112085.6396596254
1.714410683011617 112307.4820400696
1.704290126353417 112516.9978766554
1.6943 112705.5853755575
1.684454536143907 112880.7709665076
1.674643304480354 113052.7521183219
1.664844804744847 113216.9335958031
1.655037536672894 113368.7201637536
1.6452 113503.5165869759
1.635255526638766 113619.7231482809
1.62521838519013 113720.2826776419
1.615203480422112 113807.4137606056
1.605325717102729 113883.3349827186
1.5957 113950.2649295272
1.585985082163669 113988.8201535144
1.576096917377082 113986.4957724822
1.566536211508661 113955.8282199559
1.557803670426827 113909.353929461
1.5504 113859.6093345227
1.54442447289398 113804.416687881
1.5395 113740.3043443354
1.535374266078023 113676.2308217544
1.531751600927163 113611.9277193237
1.528353135312721 113544.1502456343
1.5249 113469.6536092774
1.521196349991472 113384.2548212243
1.517430359884018 113290.1197454662
1.513899189834556 113193.5268701239
1.5109 113100.7546833185
1.508439481056489 113015.2316950469
1.506263418779224 112934.0453171722
1.504277615973714 112853.9623906144
1.502387875445469 112771.7497562935
1.5005 112684.1742551294
1.498551553226227 112586.9552479632
1.496600670041376 112482.1695261341
1.494734010243411 112376.1200763092
1.493038233630298 112275.1098851554
1.4916 112185.4419393399
1.49041576012183 112109.3234148905
1.489383971012971 112041.5104394931
1.488444301843197 111977.1294273017
1.487536421782282 111911.3067924702
1.4866 111839.1689491525
1.485657573693783 111760.0150784119
1.4847 111672.0306048171
1.483690195420343 111573.8772446504
1.482636678192802 111464.6967663704
1.4815 111338.6650276539
1.4802 111176.0822408564
1.4791 111017.8019250669
1.4782 110864.9477844782
1.4774 110718.9826592328
1.4767 110580.2406235504
1.4762 110447.4562447814
1.4757 110323.2818697591
1.4754 110205.1410776093
1.4751 110095.4888076717
1.4748 109994.1124672614
1.4746 109899.6403273863
1.4745 109811.4194247993
1.4744 109730.7000069581
1.4743 109656.9657773417
1.4743 109581.3252999822
1.4742 109506.7680329706
1.4742 109430.9999999347
1.4742 109355.2274114719
1.4743 109278.143834719
1.4743 109202.5033573595
1.4744 109126.2230772524
1.4745 109042.9879793042
1.4746 108952.190655843
1.4748 108852.6567853702
1.475 108744.9684669046
1.4754 108626.4885388046
1.4757 108500.8158915254
1.4762 108364.0175603925
1.4767 108218.5636699376
1.4774 108062.0448363961
1.4782 107895.6961220339
1.4791 107720.033823372
2.0347 90154.02739643176
2.0347 90154.02739643176
2.0347 90204.47260356824
2.0347 90257.67378977934
2.0347 90305.36301784121
2.034635632747493 90343.86307371345
2.03444496925611 90380.7114915936
2.034131666925053 90416.19451939105
2.033699383153529 90450.5984050152
2.033151775340742 90484.20939637545
2.032492500885897 90517.31374138116
2.031725217188197 90550.19768794178
2.030853581646848 90583.14748396665
2.029881251661056 90616.44937736518
2.028811884630023 90650.38961604678
2.027649137952956 90685.25444792082
2.026396669029058 90721.3301208967
2.025058135257534 90758.90288288382
2.023637194037589 90798.25898179156
2.022137502768426 90839.68466552933
2.020562718849253 90883.46618200651
2.018916499679273 90929.8897791325
2.017202502657689 90979.24170481668
2.015424385183709 91031.80820696846
2.013585804656535 91087.87553349724
2.011690418475372 91147.72993231239
2.009741884039426 91211.6576513233
2.0077438587479 91279.94493843938
2.0057 91352.87804157003
2.003103877714197 91449.02910032544
1.999598236677489 91580.70338610573
1.995410496591872 91738.78684450516
1.990768077159341 91914.16542111796
1.985898398081893 92097.72506153838
1.981028879061524 92280.35171136068
1.976386939800227 92452.93131617909
1.9722 92606.34982158786
1.968160196731171 92752.11095582769
1.963901278945489 92904.57371482204
1.959563084167073 93058.90694568935
1.955285449920046 93210.27949554806
1.95120821372853 93353.86021151663
1.947471213116645 93484.81794071347
1.944214285608514 93598.32153025706
1.941577268728259 93689.53982726581
1.9397 93753.64167885816
1.938276718263103 93801.61828938108
1.936907728237056 93847.70796461361
1.935591966266167 93891.95020382247
1.934328368694742 93934.38450627431
1.933115871867089 93975.05037123579
1.931953412127515 94013.9872979736
1.930839925820327 94051.23478575439
1.929774349289832 94086.83233384485
1.928755618880337 94120.81944151166
1.92778267093615 94153.23560802147
1.926854441801578 94184.12033264096
1.925969867820927 94213.51311463679
1.925127885338506 94241.45345327567
1.92432743069862 94267.98084782422
1.923567440245578 94293.13479754914
1.922846850323686 94316.95480171709
1.922164597277252 94339.48035959476
1.921519617450582 94360.7509704488
1.920910847187985 94380.80613354589
1.920337222833766 94399.68534815271
1.919797680732234 94417.42811353592
1.919291157227694 94434.0739289622
1.918816588664456 94449.6622936982
1.918372911386825 94464.23270701063
1.917959061739109 94477.82466816613
1.917573976065614 94490.47767643137
1.91721659071065 94502.23123107303
1.91688584201852 94513.1248313578
1.916580666333535 94523.19797655231
1.9163 94532.49016592329
1.9161 94539.12103300625
1.915864195949796 94541.60962682615
1.915617820906621 94543.261919043
1.915360538639739 94544.1131016912
1.915092012918413 94544.19836680515
1.914811907511907 94543.55290641925
1.914519886189487 94542.21191256789
1.914215612720413 94540.21057728547
1.913898750873951 94537.5840926064
1.913568964419365 94534.36765056507
1.913225917125917 94530.59644319589
1.912869272762873 94526.30566253324
1.912498695099495 94521.53050061154
1.912113847905048 94516.30614946516
1.911714394948795 94510.66780112853
1.9113 94504.65064763604
1.910821607866402 94493.24295377961
1.910249939023384 94472.68911819099
1.909614320741679 94444.90853366422
1.908944080292019 94411.82059299343
1.908268544945134 94375.34468897269
1.907617041971759 94337.40021439611
1.907018898642623 94299.90656205775
1.906503442228459 94264.7831247517
1.9061 94233.94929527208
1.90577300818716 94206.73226150114
1.905466362996439 94181.0181754189
1.905178581663439 94156.5648759661
1.904908181423763 94133.1302020835
1.904653679513015 94110.4719927118
1.904413593166798 94088.34808679175
1.904186439620715 94066.51632326408
1.903970736110369 94044.73454106954
1.903764999871365 94022.76057914885
1.903567748139305 94000.35227644272
1.903377498149792 93977.26747189193
1.903192767138431 93953.26400443718
1.903012072340823 93928.09971301921
1.902833930992573 93901.53243657877
1.902656860329283 93873.32001405658
1.902479377586558 93843.22028439336
1.9023 93810.99108652989
1.902117113763451 93776.63755799353
1.901930454753602 93740.37194120757
1.90174056473033 93702.26273245661
1.90154798545351 93662.37842802519
1.90135325868302 93620.78752419785
1.901156926178737 93577.55851725917
1.900959529700537 93532.75990349369
1.900761611008296 93486.46017918599
1.900563711861892 93438.72784062062
1.900366374021201 93389.63138408214
1.900170139246101 93339.2393058551
1.899975549296466 93287.62010222406
1.899783145932175 93234.84226947358
1.899593470913103 93180.97430388822
1.899407065999129 93126.08470175255
1.899224472950128 93070.2419593511
1.899046233525976 93013.51457296847
1.898872889486551 92955.97103888918
1.898704982591729 92897.6798533978
1.898543054601388 92838.70951277891
1.898387647275402 92779.12851331703
1.898239302373651 92719.00535129676
1.898098561656009 92658.40852300262
1.897965966882354 92597.4065247192
1.897842059812562 92536.06785273104
1.897727382206511 92474.46100332271
1.897622475824076 92412.65447277874
1.897527882425134 92350.71675738374
1.897444143769563 92288.71635342221
1.897371801617238 92226.72175717875
1.897311397728037 92164.80146493792
1.897263473861836 92103.02397298424
1.897228571778511 92041.45777760231
1.897207233237941 91980.17137507666
1.8972 91919.23326169187
1.897209217885099 91857.09563973338
1.897236192296123 91792.36711169768
1.897279904366657 91725.35077418583
1.897339335230292 91656.34972379896
1.897413466020613 91585.66705713815
1.89750127787121 91513.60587080449
1.897601751915669 91440.46926139905
1.897713869287579 91366.56032552295
1.897836611120528 91292.18215977727
1.897968958548102 91217.63786076309
1.898109892703891 91143.23052508153
1.898258394721481 91069.26324933366
1.898413445734461 90996.03913012058
1.898574026876418 90923.86126404337
1.898739119280941 90853.03274770314
1.898907704081616 90783.85667770097
1.899078762412032 90716.63615063795
1.899251275405777 90651.67426311517
1.899424224196437 90589.27411173374
1.899596589917603 90529.73879309473
1.899767353702859 90473.37140379923
1.899935496685796 90420.47504044835
1.9001 90371.35279964318
1.900262143651123 90325.10862054724
1.900424256217856 90280.57021158296
1.900586891693345 90237.62632323975
1.900750604070738 90196.16570600703
1.900915947343182 90156.07711037419
1.901083475503822 90117.24928683067
1.901253742545806 90079.57098586587
1.901427302462281 90042.93095796922
1.901604709246394 90007.2179536301
1.90178651689129 89972.32072333795
1.901973279390118 89938.12801758217
1.902165550736024 89904.52858685219
1.902363884922154 89871.41118163739
1.902568835941656 89838.66455242722
1.902780957787676 89806.17744971106
1.903000804453361 89773.83862397836
1.903228929931859 89741.53682571849
1.903465888216314 89709.16080542089
1.903712233299876 89676.59931357497
1.903968519175689 89643.74110067014
1.904235299836902 89610.47491719581
1.904513129276661 89576.68951364141
1.904802561488112 89542.27364049632
1.905104150464403 89507.11604824998
1.90541845019868 89471.10548739179
1.905746014684091 89434.13070841118
1.906087397913781 89396.08046179754
1.906443153880898 89356.84349804028
1.906813836578589 89316.30856762885
1.9072 89274.36442105263
1.907711782764759 89225.42033305732
1.908403364694802 89168.05166906155
1.909191361586739 89108.39631556417
1.909992389237178 89052.59215906404
1.910723063442729 89006.77708605997
1.9113 88977.08898305084
1.911759714077242 88958.07541282199
1.912195065555691 88940.20775547464
1.912607187301437 88923.50962348144
1.91299721218057 88908.00462931508
1.91336627305918 88893.71638544824
1.913715502803356 88880.66850435357
1.914046034279189 88868.88459850373
1.914359000352768 88858.38828037142
1.914655533890183 88849.2031624293
1.914936767757524 88841.35285715002
1.915203834820881 88834.86097700629
1.915457867946343 88829.75113447075
1.9157 88826.04694201605
1.915886546549907 88823.77972845409
1.9161 88821.28891525423
1.916464068489228 88818.82715636598
1.91697173603144 88818.27405072754
1.917617314558897 88819.55576728091
1.918395116003857 88822.59847496811
1.91929945229858 88827.32834273117
1.920324635375326 88833.67153951211
1.921464977166355 88841.55423425295
1.922714789603927 88850.90259589569
1.9240683846203 88861.64279338239
1.925520074147736 88873.70099565503
1.927064170118493 88887.00337165565
1.928694984464831 88901.47609032626
1.93040682911901 88917.04532060889
1.932194016013291 88933.63723144555
1.934050857079931 88951.17799177827
1.935971664251191 88969.59377054907
1.937950749459332 88988.81073669993
1.939982424636612 89008.75505917294
1.942061001715292 89029.35290691008
1.94418079262763 89050.53044885336
1.946336109305887 89072.21385394481
1.948521263682322 89094.32929112646
1.950730567689196 89116.80292934032
1.952958333258767 89139.56093752841
1.955198872323296 89162.52948463275
1.957446496815043 89185.63473959536
1.959695518666266 89208.80287135826
1.961940249809226 89231.96004886348
1.964175002176182 89255.03244105303
1.966394087699395 89277.94621686892
1.968591818311123 89300.62754525318
1.970762505943627 89323.00259514785
1.972900462529166 89344.9975354949
1.975 89366.5385352364
1.977193702523292 89389.46518208929
1.979599758004526 89415.42291125577
1.982190883983444 89444.0466629056
1.984939797999789 89474.97137720861
1.987819217593302 89507.83199433459
1.990801860303726 89542.26345445335
1.993860443670803 89577.90069773467
1.996967685234276 89614.37866434836
2.000096302533886 89651.33229446423
2.003219013109375 89688.39652825205
2.006308534500485 89725.20630588167
2.00933758424696 89761.39656752284
2.012278879888541 89796.60225334537
2.01510513896497 89830.45830351909
2.017789079015989 89862.59965821377
2.020303417581342 89892.66125759922
2.022620872200769 89920.27804184523
2.024714160414012 89945.08495112162
2.026555999760815 89966.71692559817
2.028119107780919 89984.8089054447
2.029376202014067 89998.99583083099
2.0303 90008.91264192686
2.031041947994966 90014.31511446221
2.031760336262354 90016.17862524756
2.032438148352616 90015.96751607355
2.033058367816209 90015.14612873082
2.033603978203584 90015.17880501001
2.034057963065197 90017.52988670176
2.034403305951502 90023.6637155967
2.034622990412951 90035.04463348551
2.0347 90053.13698215879
2.0347 90103.58218929527
2.0347 90154.02739643176
*END
