*KEYWORD
*DEFINE_CURVE_TITLE
SYNTHETIC screenshot reconstruction absolute pressure
$ LCID SIDR SFA SFO OFFA OFFO DATTYP
26 0 1.0 1.0 0.0 0.0 0
$ Not a CFD solver result; screenshot anchors plus interpolated rows.
$ X in metres; ordinate in metres or absolute pressure in Pa.
$ ABSCISSA ORDINATE
1.4791 108005.8010553078
1.479851735675113 108052.938031439
1.480724157317516 108098.3259535513
1.481711671244822 108142.0259308419
1.482808683774642 108184.099072508
1.48400960122459 108224.6064877468
1.485308829912277 108263.6092857553
1.486700776155315 108301.1685757308
1.488179846271316 108337.3454668704
1.489740446577894 108372.2010683713
1.491376983392658 108405.7964894307
1.493083863033223 108438.1928392457
1.4948554918172 108469.4512270135
1.496686276062202 108499.6327619312
1.498570622085839 108528.7985531961
1.500502936205726 108557.0097100052
1.502477624739473 108584.3273415558
1.504489094004693 108610.8125570451
1.506531750318998 108636.5264656701
1.5086 108661.530176628
1.51071234126088 108685.1798198794
1.512911411375217 108706.7641618247
1.515227825251226 108726.2432663207
1.517692197797119 108743.5771972246
1.52033514392111 108758.7260183932
1.523187278531413 108771.6497936836
1.52627921653624 108782.3085869528
1.529641572843804 108790.6624620577
1.53330496236232 108796.6714828552
1.5373 108800.2957132025
1.542224457603239 108798.8300163952
1.548474587033738 108789.904492944
1.555778723222672 108773.9820625282
1.563865201101215 108751.5256448271
1.57246235560054 108722.9981595201
1.581298521651822 108688.8625262864
1.590102034186235 108649.5816648054
1.598601228134953 108605.6184947564
1.60652443842915 108557.4359358188
1.6136 108505.4969076717
1.619711731351954 108455.7307203061
1.625241775432379 108410.4447616047
1.630665953836827 108364.6690680848
1.63646008816085 108313.4336762636
1.6431 108251.7686226583
1.651076798471014 108170.3093889503
1.660411382713937 108065.3583462886
1.670874259359286 107940.4458653924
1.682235935037575 107799.102316981
1.694266916379319 107644.8580717736
1.706737710015032 107481.2435004894
1.719418822575228 107311.7889738477
1.732080760690424 107140.0248625676
1.744494030991133 106969.4815373684
1.756429140107871 106803.6893689693
1.767656594671152 106646.1787280895
1.77794690131149 106500.4799854483
1.787070566659402 106370.1235117648
1.7947980973454 106258.6396777583
1.8009 106169.5588541481
1.8060604877428 106093.3731260182
1.811114687291474 106018.2719304462
1.816059475673645 105944.3316661413
1.820891729916942 105871.628731813
1.825608327048989 105800.2395261703
1.830206144097412 105730.2404479228
1.834682058089838 105661.7078957795
1.839032946053892 105594.7182684499
1.843255685017201 105529.3479646432
1.847347152007389 105465.6733830687
1.851304224052085 105403.7709224357
1.855123778178912 105343.7169814535
1.858802691415497 105285.5879588314
1.862337840789467 105229.4602532786
1.865726103328447 105175.4102635045
1.868964356060062 105123.5143882183
1.87204947601194 105073.8490261294
1.874978340211706 105026.490575947
1.877747825686985 104981.5154363804
1.880354809465405 104939.000006139
1.88279616857459 104899.0206839319
1.885068780042167 104861.6538684686
1.887169520895762 104826.9759584582
1.889095268163 104795.0633526101
1.890842898871508 104765.9924496335
1.892409290048911 104739.8396482378
1.893791318722836 104716.6813471323
1.894985861920909 104696.5939450262
1.895989796670755 104679.6538406288
1.8968 104665.9374326494
1.897504777027824 104654.4536397763
1.898189300872436 104644.0764922462
1.898845750560009 104634.6800560915
1.899466305116718 104626.1383973444
1.900043143568734 104618.3255820372
1.90056844494223 104611.1156762021
1.901034388263381 104604.3827458714
1.901433152558359 104598.0008570773
1.901756916853336 104591.8440758521
1.901997860174487 104585.7864682281
1.902148161547984 104579.7021002375
1.9022 104573.4650379126
1.9022 104560.0912366685
1.9022 104537.390732521
1.9022 104512.4287124033
1.9022 104492.2703632483
1.9022 104483.9808719893
1.902063682752588 104485.7075419645
1.901674558973611 104490.6363998937
1.90106237060796 104498.3907177824
1.900256859600525 104508.5937676359
1.899287767896195 104520.8688214596
1.89818483743986 104534.839151259
1.896977810176411 104550.1280290395
1.895696428050736 104566.3587268065
1.894370433007727 104583.1545165653
1.893029566992273 104600.1386703214
1.891703571949264 104616.9344600803
1.890422189823589 104633.1651578472
1.88921516256014 104648.4540356277
1.888112232103805 104662.4243654271
1.887143140399475 104674.6994192508
1.88633762939204 104684.9024691043
1.885725441026389 104692.656786993
1.885336317247412 104697.5856449222
1.8852 104699.3123148974
1.8852 104689.7156916101
1.8852 104661.8976317013
1.8852 104617.3158501008
1.8852 104557.4280617382
1.8852 104483.6919815433
1.8852 104397.5653244458
1.8852 104300.5058053754
1.8852 104193.9711392618
1.8852 104079.4190410348
1.8852 103958.307225624
1.8852 103832.0934079593
1.8852 103702.2353029702
1.8852 103570.1906255866
1.8852 103437.4170907381
1.8852 103305.3724133545
1.8852 103175.5143083654
1.8852 103049.3004907007
1.8852 102928.1886752899
1.8852 102813.6365770629
1.8852 102707.1019109493
1.8852 102610.0423918789
1.8852 102523.9157347814
1.8852 102450.1796545865
1.8852 102390.2918662239
1.8852 102345.7100846234
1.8852 102317.8920247146
1.8852 102308.2954014273
1.885336317247412 102307.4345669692
1.885725441026389 102304.9772758797
1.88633762939204 102301.111346586
1.887143140399475 102296.0245975153
1.888112232103805 102289.904847095
1.88921516256014 102282.9399137521
1.890422189823589 102275.3176159139
1.891703571949264 102267.2257720077
1.893029566992273 102258.8522004606
1.894370433007727 102250.3847197
1.895696428050736 102242.0111481529
1.89697781017641 102233.9193042467
1.89818483743986 102226.2970064085
1.899287767896195 102219.3320730656
1.900256859600525 102213.2123226452
1.90106237060796 102208.1255735746
1.901674558973611 102204.2596442809
1.902063682752588 102201.8023531914
1.9022 102200.9415187333
1.9022 102183.0446855486
1.9022 102165.147852364
1.9022 102147.2510191793
1.9022 102129.3541859946
1.9022 102111.45735281
1.9019 102111.9779879572
1.901473764201487 102112.7352208168
1.901008443436166 102113.5601674151
1.900502608569841 102114.4583403539
1.899954830468316 102115.4352522349
1.899363679997394 102116.4964156598
1.89872772802288 102117.6473432303
1.898045545410577 102118.8935475482
1.897315703026289 102120.2405412153
1.896536771735819 102121.6938368333
1.895707322404973 102123.2589470039
1.894825925899552 102124.9413843288
1.893891153085361 102126.7466614098
1.892901574828205 102128.6802908487
1.891855761993886 102130.7477852471
1.890752285448208 102132.9546572068
1.889589716056975 102135.3064193295
1.888366624685991 102137.8085842171
1.887081582201061 102140.4666644711
1.885733159467986 102143.2861726934
1.884319927352572 102146.2726214857
1.882840456720623 102149.4315234497
1.881293318437941 102152.7683911872
1.87967708337033 102156.2887372998
1.877990322383595 102159.9980743895
1.876231606343539 102163.9019150578
1.874399506115967 102168.0057719065
1.872492592566681 102172.3151575373
1.870509436561485 102176.8355845521
1.868448608966184 102181.5725655525
1.866308680646582 102186.5316131403
1.864088222468481 102191.7182399171
1.861785805297686 102197.1379584848
1.8594 102202.7962814451
1.856310890119993 102210.4925970459
1.852026077680947 102221.7819706979
1.846735411266738 102236.3034307474
1.840628739461238 102253.6960055404
1.833895910848323 102273.5987234232
1.826726774011868 102295.6506127418
1.819311177535746 102319.4907018425
1.811838970003832 102344.7580190712
1.8045 102371.0915927743
1.796983102179752 102399.3698704347
1.788917853248729 102430.7543539144
1.780405214866018 102465.3086531283
1.771546148690704 102503.0963779911
1.762441616381872 102544.1811384175
1.753192579598609 102588.6265443222
1.7439 102636.49620562
1.734381113316402 102687.4595000855
1.72449617649311 102741.8006621824
1.714410683011617 102800.5055868593
1.704290126353417 102864.5601690646
1.6943 102934.9503037466
1.684454536143907 103008.5133520127
1.674643304480354 103082.8402181209
1.664844804744847 103160.0471117464
1.655037536672894 103242.2502425643
1.6452 103331.5658202498
1.635255526638766 103429.7310857096
1.62521838519013 103535.3835734144
1.615203480422112 103645.9899333847
1.605325717102729 103759.0168156414
1.5957 103871.9308702052
1.585985082163669 103997.2821661134
1.576096917377082 104141.1988193908
1.566536211508661 104291.5145505393
1.557803670426827 104436.0630800607
1.5504 104562.6781284567
1.54442447289398 104670.7795493226
1.5395 104767.1846989295
1.535374266078023 104852.0231646028
1.531751600927163 104929.6763978127
1.528353135312721 105005.452169293
1.5249 105084.658249777
1.521196349991472 105171.7702838586
1.517430359884018 105263.2159989278
1.513899189834556 105352.2312899122
1.5109 105432.0520517395
1.508439481056489 105501.2346086249
1.506263418779224 105564.5996599651
1.504277615973714 105624.7796634602
1.502387875445469 105684.4070768106
1.5005 105746.1143577163
1.498551553226227 105812.4861466823
1.496600670041376 105881.8658091417
1.494734010243411 105950.5238901867
1.493038233630298 106014.7309349097
1.4916 106070.7574884032
1.49041576012183 106117.7877750835
1.489383971012971 106159.3504111401
1.488444301843197 106198.2325293249
1.487536421782282 106237.2212623897
1.4866 106279.1037430865
1.485657573693783 106323.829358221
1.4847 106372.2432016057
1.483690195420343 106425.4073323527
1.482636678192802 106483.5357213508
1.4815 106549.4869295272
1.4802 106632.1594522748
1.4791 106710.2493010705
1.4782 106783.3150206958
1.4774 106852.228132694
1.4767 106916.8573936218
1.4762 106976.253728992
1.4757 107032.2675628903
1.4754 107083.0186431757
1.4751 107130.4349468778
1.4748 107174.5999925513
1.4746 107214.6064649866
1.4745 107250.7108854594
1.4744 107283.8682940678
1.4743 107314.2815215879
1.4743 107343.9974234077
1.4742 107374.7339870473
1.4742 107404.5000000257
1.4742 107434.267802636
1.4743 107463.1044276182
1.4743 107492.820329438
1.4744 107521.341373595
1.4745 107552.5946676182
1.4746 107586.81883595
1.4748 107623.0290104371
1.475 107662.4427180642
1.4754 107703.2035691347
1.4757 107748.2363400535
1.4762 107794.7474978591
1.4767 107844.6590539697
1.4774 107896.0251345227
1.4782 107949.8067452275
1.4791 108005.8010553078
2.0347 92975.59637997324
2.0347 92975.59637997324
2.0347 92955.77862002676
2.0347 92934.87815401526
2.0347 92916.14310013381
2.034635632747493 92901.94896301687
2.03444496925611 92890.23019093022
2.034131666925053 92880.82143571104
2.033699383153529 92873.55734919642
2.033151775340742 92868.2725832235
2.032492500885897 92864.80178962942
2.031725217188197 92862.97962025132
2.030853581646848 92862.64072692633
2.029881251661056 92863.61976149154
2.028811884630023 92865.75137578415
2.027649137952956 92868.87022164125
2.026396669029058 92872.81095089998
2.025058135257534 92877.40821539747
2.023637194037589 92882.49666697087
2.022137502768426 92887.91095745729
2.020562718849253 92893.48573869387
2.018916499679273 92899.05566251774
2.017202502657689 92904.45538076604
2.015424385183709 92909.51954527589
2.013585804656535 92914.08280788444
2.011690418475372 92917.97982042881
2.009741884039426 92921.04523474613
2.0077438587479 92923.11370267354
2.0057 92924.01987604817
2.003103877714197 92923.79159327818
1.999598236677489 92922.7612967216
1.995410496591872 92921.22054414041
1.990768077159341 92919.46089329653
1.985898398081893 92917.77390195195
1.981028879061524 92916.45112786861
1.976386939800227 92915.78412880846
1.9722 92916.06446253345
1.968160196731171 92917.22514783763
1.963901278945489 92918.92190528642
1.959563084167073 92921.03034529884
1.955285449920046 92923.42607829395
1.95120821372853 92925.9847146908
1.947471213116645 92928.5818649084
1.944214285608514 92931.0931393658
1.941577268728259 92933.39414848204
1.9397 92935.36050267618
1.938276718263103 92937.09617344725
1.936907728237056 92938.78796875663
1.935591966266167 92940.43575371691
1.934328368694742 92942.03939344065
1.933115871867089 92943.59875304042
1.931953412127515 92945.11369762877
1.930839925820327 92946.5840923183
1.929774349289832 92948.00980222154
1.928755618880337 92949.3906924511
1.92778267093615 92950.7266281195
1.926854441801578 92952.01747433934
1.925969867820927 92953.26309622318
1.925127885338506 92954.46335888359
1.92432743069862 92955.61812743312
1.923567440245578 92956.72726698435
1.922846850323686 92957.79064264985
1.922164597277252 92958.8081195422
1.921519617450582 92959.77956277394
1.920910847187985 92960.70483745764
1.920337222833766 92961.58380870588
1.919797680732234 92962.41634163124
1.919291157227694 92963.20230134626
1.918816588664456 92963.94155296352
1.918372911386825 92964.63396159558
1.917959061739109 92965.27939235502
1.917573976065614 92965.87771035441
1.91721659071065 92966.42878070629
1.91688584201852 92966.93246852326
1.916580666333535 92967.38863891787
1.9163 92967.79715700267
1.9161 92968.08459099018
1.915864195949796 92970.51714792087
1.915617820906621 92973.43113053437
1.915360538639739 92976.81757598692
1.915092012918413 92980.66752143472
1.914811907511907 92984.972004034
1.914519886189487 92989.72206094096
1.914215612720413 92994.90872931182
1.913898750873951 93000.52304630281
1.913568964419365 93006.55604907013
1.913225917125917 93012.99877477001
1.912869272762873 93019.84226055865
1.912498695099495 93027.07754359228
1.912113847905048 93034.69566102712
1.911714394948795 93042.68765001936
1.9113 93051.04454772525
1.910821607866402 93062.44469059834
1.910249939023384 93078.78693650657
1.909614320741679 93098.89310472766
1.908944080292019 93121.58501453932
1.908268544945134 93145.68448521929
1.907617041971759 93170.01333604529
1.907018898642623 93193.39338629502
1.906503442228459 93214.64645524623
1.9061 93232.59436217663
1.90577300818716 93248.01575248447
1.905466362996439 93262.55244442965
1.905178581663439 93276.32101658237
1.904908181423763 93289.43804751278
1.904653679513015 93302.02011579109
1.904413593166798 93314.1837999875
1.904186439620715 93326.04567867216
1.903970736110369 93337.72233041529
1.903764999871365 93349.33033378705
1.903567748139305 93360.98626735763
1.903377498149792 93372.80670969722
1.903192767138431 93384.90823937602
1.903012072340823 93397.4074349642
1.902833930992573 93410.42087503195
1.902656860329283 93424.06513814944
1.902479377586558 93438.45680288688
1.9023 93453.71244781445
1.902117113763451 93469.85339362355
1.901930454753602 93486.80007913655
1.90174056473033 93504.51776012013
1.90154798545351 93522.97169234093
1.90135325868302 93542.12713156559
1.901156926178737 93561.9493335608
1.900959529700537 93582.40355409317
1.900761611008296 93603.45504892939
1.900563711861892 93625.06907383609
1.900366374021201 93647.21088457994
1.900170139246101 93669.84573692759
1.899975549296466 93692.93888664569
1.899783145932175 93716.45558950088
1.899593470913103 93740.36110125984
1.899407065999129 93764.62067768921
1.899224472950128 93789.19957455563
1.899046233525976 93814.06304762579
1.898872889486551 93839.17635266633
1.898704982591729 93864.50474544388
1.898543054601388 93890.01348172511
1.898387647275402 93915.66781727668
1.898239302373651 93941.43300786524
1.898098561656009 93967.27430925744
1.897965966882354 93993.15697721993
1.897842059812562 94019.04626751938
1.897727382206511 94044.90743592243
1.897622475824076 94070.70573819573
1.897527882425134 94096.40643010596
1.897444143769563 94121.97476741973
1.897371801617238 94147.37600590373
1.897311397728037 94172.5754013246
1.897263473861836 94197.53820944899
1.897228571778511 94222.22968604357
1.897207233237941 94246.61508687498
1.8972 94270.65966770987
1.897209217885099 94294.93756647628
1.897236192296123 94319.97652477135
1.897279904366657 94345.67220386554
1.897339335230292 94371.92026502923
1.897413466020613 94398.61636953283
1.89750127787121 94425.65617864676
1.897601751915669 94452.93535364143
1.897713869287579 94480.34955578725
1.897836611120528 94507.79444635462
1.897968958548102 94535.16568661397
1.898109892703891 94562.35893783567
1.898258394721481 94589.26986129019
1.898413445734461 94615.7941182479
1.898574026876418 94641.8273699792
1.898739119280941 94667.26527775454
1.898907704081616 94692.00350284431
1.899078762412032 94715.9377065189
1.899251275405777 94738.96355004875
1.899424224196437 94760.97669470425
1.899596589917603 94781.87280175583
1.899767353702859 94801.54753247389
1.899935496685796 94819.89654812883
1.9001 94836.81550999108
1.900262143651123 94852.63793040703
1.900424256217856 94867.79067638786
1.900586891693345 94882.3094412011
1.900750604070738 94896.22991811433
1.900915947343182 94909.58780039509
1.901083475503822 94922.41878131095
1.901253742545806 94934.75855412944
1.901427302462281 94946.64281211812
1.901604709246394 94958.10724854455
1.90178651689129 94969.18755667628
1.901973279390118 94979.91942978086
1.902165550736024 94990.33856112584
1.902363884922154 95000.48064397879
1.902568835941656 95010.38137160725
1.902780957787676 95020.07643727878
1.903000804453361 95029.60153426093
1.903228929931859 95038.99235582125
1.903465888216314 95048.28459522729
1.903712233299876 95057.51394574661
1.903968519175689 95066.71610064676
1.904235299836902 95075.92675319531
1.904513129276661 95085.18159665979
1.904802561488112 95094.51632430777
1.905104150464403 95103.96662940679
1.90541845019868 95113.56820522441
1.905746014684091 95123.35674502817
1.906087397913781 95133.36794208565
1.906443153880898 95143.63748966438
1.906813836578589 95154.20108103193
1.9072 95165.09440945584
1.907711782764759 95176.92099694043
1.908403364694802 95189.45696803562
1.909191361586739 95201.49691982733
1.909992389237178 95211.83544940148
1.910723063442729 95219.26715384402
1.9113 95222.58663024085
1.911759714077242 95223.40782194231
1.912195065555691 95224.13116761674
1.912607187301437 95224.73100732717
1.91299721218057 95225.18168113663
1.91336627305918 95225.45752910813
1.913715502803356 95225.5328913047
1.914046034279189 95225.38210778937
1.914359000352768 95224.97951862514
1.914655533890183 95224.29946387505
1.914936767757524 95223.31628360212
1.915203834820881 95222.00431786939
1.915457867946343 95220.33790673985
1.9157 95218.29139027654
1.915886546549907 95216.48422880571
1.9161 95214.37578010705
1.916464068489228 95210.07770935149
1.91697173603144 95202.95306847556
1.917617314558897 95193.11312387064
1.918395116003857 95180.66914192817
1.91929945229858 95165.73238903955
1.920324635375326 95148.41413159622
1.921464977166355 95128.82563598956
1.922714789603927 95107.078168611
1.9240683846203 95083.28299585196
1.925520074147736 95057.55138410383
1.927064170118493 95029.99459975807
1.928694984464831 95000.72390920605
1.93040682911901 94969.85057883919
1.932194016013291 94937.48587504894
1.934050857079931 94903.74106422666
1.935971664251191 94868.72741276382
1.937950749459332 94832.55618705178
1.939982424636612 94795.33865348202
1.942061001715292 94757.18607844588
1.94418079262763 94718.20972833483
1.946336109305887 94678.52086954025
1.948521263682322 94638.23076845358
1.950730567689196 94597.45069146622
1.952958333258767 94556.29190496959
1.955198872323296 94514.86567535509
1.957446496815043 94473.28326901415
1.959695518666266 94431.65595233819
1.961940249809226 94390.09499171861
1.964175002176182 94348.71165354682
1.966394087699395 94307.61720421424
1.968591818311123 94266.92291011231
1.970762505943627 94226.74003763239
1.972900462529166 94187.17985316594
1.975 94148.35362310437
1.977193702523292 94107.62120845685
1.979599758004526 94062.62694442981
1.982190883983444 94013.9088087104
1.984939797999789 93962.00477898587
1.987819217593302 93907.45283294338
1.990801860303726 93850.79094827015
1.993860443670803 93792.55710265337
1.996967685234276 93733.28927378023
2.000096302533886 93673.52543933796
2.003219013109375 93613.80357701372
2.006308534500485 93554.66166449474
2.00933758424696 93496.6376794682
2.012278879888541 93440.2695996213
2.01510513896497 93386.09540264125
2.017789079015989 93334.65306621524
2.020303417581342 93286.48056803046
2.022620872200769 93242.11588577412
2.024714160414012 93202.09699713343
2.026555999760815 93166.96187979558
2.028119107780919 93137.24851144776
2.029376202014067 93113.49486977716
2.0303 93096.23893247101
2.031041947994966 93083.38641578067
2.031760336262354 93072.26492833199
2.032438148352616 93062.54528637389
2.033058367816209 93053.89830615527
2.033603978203584 93045.99480392504
2.034057963065197 93038.50559593212
2.034403305951502 93031.10149842539
2.034622990412951 93023.45332765378
2.0347 93015.23189986619
2.0347 92995.41413991971
2.0347 92975.59637997324
*END
