*KEYWORD
*DEFINE_CURVE_TITLE
SYNTHETIC screenshot reconstruction absolute pressure
$ LCID SIDR SFA SFO OFFA OFFO DATTYP
26 0 1.0 1.0 0.0 0.0 0
$ Not a CFD solver result; screenshot anchors plus interpolated rows.
$ X in metres; ordinate in metres or absolute pressure in Pa.
$ ABSCISSA ORDINATE
1.4791 107063.5382114184
1.479851735675113 107031.7348128094
1.480724157317516 106999.0604027908
1.481711671244822 106965.5644236729
1.482808683774642 106931.2963177658
1.48400960122459 106896.30552738
1.485308829912277 106860.6414948256
1.486700776155315 106824.353662413
1.488179846271316 106787.4914724524
1.489740446577894 106750.1043672541
1.491376983392658 106712.2417891284
1.493083863033223 106673.9531803856
1.4948554918172 106635.2879833359
1.496686276062202 106596.2956402896
1.498570622085839 106557.025593557
1.500502936205726 106517.5272854485
1.502477624739473 106477.8501582741
1.504489094004693 106438.0436543443
1.506531750318998 106398.1572159693
1.5086 106358.2402854594
1.51071234126088 106318.3301683644
1.512911411375217 106278.1615570688
1.515227825251226 106237.3299741349
1.517692197797119 106195.430942125
1.52033514392111 106152.0599836016
1.523187278531413 106106.8126211268
1.52627921653624 106059.2843772631
1.529641572843804 106009.0707745728
1.53330496236232 105955.7673356182
1.5373 105898.9695829616
1.542224457603239 105831.6550513451
1.548474587033738 105749.4308218834
1.555778723222672 105655.8367366983
1.563865201101215 105554.4126379117
1.57246235560054 105448.6983676452
1.581298521651822 105342.2337680206
1.590102034186235 105238.5586811596
1.598601228134953 105141.2129491841
1.60652443842915 105053.7364142158
1.6136 104979.6689183765
1.619711731351954 104917.9191737545
1.625241775432379 104862.1629913595
1.630665953836827 104808.0908616947
1.63646008816085 104751.3932752635
1.6431 104687.7607225691
1.651076798471014 104614.6701790939
1.660411382713937 104533.5138784518
1.670874259359286 104445.8551983441
1.682235935037575 104353.2575164719
1.694266916379319 104257.2842105363
1.706737710015032 104159.4986582384
1.719418822575228 104061.4642372794
1.732080760690424 103964.7443253605
1.744494030991133 103870.9023001828
1.756429140107871 103781.5015394473
1.767656594671152 103698.1054208553
1.77794690131149 103622.2773221079
1.787070566659402 103555.5806209063
1.7947980973454 103499.5786949515
1.8009 103455.8349219447
1.8060604877428 103419.2257109855
1.811114687291474 103383.590809421
1.816059475673645 103348.9386023239
1.820891729916942 103315.2774747666
1.825608327048989 103282.6158118217
1.830206144097412 103250.9619985619
1.834682058089838 103220.3244200596
1.839032946053892 103190.7114613874
1.843255685017201 103162.1315076179
1.847347152007389 103134.5929438237
1.851304224052085 103108.1041550773
1.855123778178912 103082.6735264512
1.858802691415497 103058.3094430181
1.862337840789467 103035.0202898504
1.865726103328447 103012.8144520209
1.868964356060062 102991.7003146019
1.87204947601194 102971.6862626661
1.874978340211706 102952.7806812861
1.877747825686985 102934.9919555344
1.880354809465405 102918.3284704836
1.88279616857459 102902.7986112062
1.885068780042167 102888.4107627748
1.887169520895762 102875.1733102619
1.889095268163 102863.0946387402
1.890842898871508 102852.1831332822
1.892409290048911 102842.4471789604
1.893791318722836 102833.8951608475
1.894985861920909 102826.5354640159
1.895989796670755 102820.3764735382
1.8968 102815.4265744871
1.897504777027824 102810.9172309396
1.898189300872436 102806.1844563011
1.898845750560009 102801.3934596366
1.899466305116718 102796.709450011
1.900043143568734 102792.2976364893
1.90056844494223 102788.3232281365
1.901034388263381 102784.9514340174
1.901433152558359 102782.347463197
1.901756916853336 102780.6765247403
1.901997860174487 102780.1038277122
1.902148161547984 102780.7945811777
1.9022 102782.9139942016
1.9022 102788.9929947671
1.9022 102799.3114057432
1.9022 102810.657778524
1.9022 102819.8206645036
1.9022 102823.5886150758
1.902063682752588 102824.6855864931
1.901674558973611 102827.8169412662
1.90106237060796 102832.7433401767
1.900256859600525 102839.2254440063
1.899287767896195 102847.0239135367
1.89818483743986 102855.8994095496
1.896977810176411 102865.6125928265
1.895696428050736 102875.9241241493
1.894370433007727 102886.5946642996
1.893029566992273 102897.384874059
1.891703571949264 102908.0554142093
1.890422189823589 102918.3669455321
1.88921516256014 102928.0801288091
1.888112232103805 102936.9556248219
1.887143140399475 102944.7540943523
1.88633762939204 102951.2361981819
1.885725441026389 102956.1625970924
1.885336317247412 102959.2939518655
1.8852 102960.3909232828
1.8852 102964.753024777
1.8852 102977.3975974628
1.8852 102997.6620436449
1.8852 103024.8837656279
1.8852 103058.4001657165
1.8852 103097.5486462153
1.8852 103141.6666094292
1.8852 103190.0914576626
1.8852 103242.1605932203
1.8852 103297.211418407
1.8852 103354.5813355274
1.8852 103413.607746886
1.8852 103473.6280547877
1.8852 103533.979661537
1.8852 103593.9999694387
1.8852 103653.0263807973
1.8852 103710.3962979177
1.8852 103765.4471231044
1.8852 103817.5162586621
1.8852 103865.9411068955
1.8852 103910.0590701094
1.8852 103949.2075506082
1.8852 103982.7239506968
1.8852 104009.9456726798
1.8852 104030.2101188619
1.8852 104042.8546915477
1.8852 104047.2167930419
1.885336317247412 104045.7262600259
1.885725441026389 104041.4714657803
1.88633762939204 104034.7776175084
1.887143140399475 104025.9699224139
1.888112232103805 104015.3735877001
1.88921516256014 104003.3138205707
1.890422189823589 103990.115828229
1.891703571949264 103976.1048178786
1.893029566992273 103961.605996723
1.894370433007727 103946.9445719657
1.895696428050736 103932.44575081
1.89697781017641 103918.4347404596
1.89818483743986 103905.236748118
1.899287767896195 103893.1769809885
1.900256859600525 103882.5806462748
1.90106237060796 103873.7729511803
1.901674558973611 103867.0791029084
1.902063682752588 103862.8243086627
1.9022 103861.3337756468
1.9022 103869.4686998216
1.9022 103877.6036239964
1.9022 103885.7385481713
1.9022 103893.8734723461
1.9022 103902.008396521
1.9019 103905.9131601249
1.901473764201487 103911.4530291428
1.901008443436166 103917.5016762041
1.900502608569841 103924.0763243781
1.899954830468316 103931.1941967338
1.899363679997394 103938.8725163402
1.89872772802288 103947.1285062664
1.898045545410577 103955.9793895816
1.897315703026289 103965.4423893549
1.896536771735819 103975.5347286552
1.895707322404973 103986.2736305518
1.894825925899552 103997.6763181137
1.893891153085361 104009.76001441
1.892901574828205 104022.5419425097
1.891855761993886 104036.039325482
1.890752285448208 104050.269386396
1.889589716056975 104065.2493483208
1.888366624685991 104080.9964343254
1.887081582201061 104097.5278674789
1.885733159467986 104114.8608708504
1.884319927352572 104133.012667509
1.882840456720623 104152.0004805239
1.881293318437941 104171.841532964
1.87967708337033 104192.5530478985
1.877990322383595 104214.1522483965
1.876231606343539 104236.656357527
1.874399506115967 104260.0825983592
1.872492592566681 104284.4481939621
1.870509436561485 104309.7703674049
1.868448608966184 104336.0663417566
1.866308680646582 104363.3533400863
1.864088222468481 104391.648585463
1.861785805297686 104420.969300956
1.8594 104451.3327096343
1.856310890119993 104490.4786807227
1.852026077680947 104544.4977824119
1.846735411266738 104610.9332862192
1.840628739461238 104687.3284636621
1.833895910848323 104771.2265862579
1.826726774011868 104860.1709255241
1.819311177535746 104951.7047529781
1.811838970003832 105043.3713401373
1.8045 105132.7139585192
1.796983102179752 105223.6288642092
1.788917853248729 105320.7016916058
1.780405214866018 105422.5097796961
1.771546148690704 105527.6304674671
1.762441616381872 105634.6410939056
1.753192579598609 105742.1189979987
1.7439 105848.6415187333
1.734381113316402 105956.8819484732
1.72449617649311 106068.6402034508
1.714410683011617 106181.1835584558
1.704290126353417 106291.779288278
1.6943 106397.6946677074
1.684454536143907 106500.1707884467
1.674643304480354 106601.8271534312
1.664844804744847 106701.9986542993
1.655037536672894 106800.0201826897
1.6452 106895.2266302409
1.635255526638766 106987.8867234601
1.62521838519013 107078.4227908229
1.615203480422112 107166.4001269195
1.605325717102729 107251.3840263402
1.5957 107332.9397836753
1.585985082163669 107410.0736406246
1.576096917377082 107481.1603243762
1.566536211508661 107544.8178577531
1.557803670426827 107599.6642635782
1.5504 107644.3175646744
1.54442447289398 107677.6710326167
1.5395 107701.8314785905
1.535374266078023 107720.2231404593
1.531751600927163 107734.9360936528
1.528353135312721 107747.4074267594
1.5249 107759.0742283675
1.521196349991472 107770.6056998884
1.517430359884018 107781.0279040137
1.513899189834556 107789.3132212526
1.5109 107794.4340321142
1.508439481056489 107796.954189955
1.506263418779224 107798.1918239221
1.504277615973714 107798.2507282105
1.502387875445469 107797.2346970153
1.5005 107795.2475245317
1.498551553226227 107791.9762913274
1.496600670041376 107787.3714768711
1.494734010243411 107781.9319737093
1.493038233630298 107776.1566743881
1.4916 107770.5444714541
1.49041576012183 107765.5151681257
1.489383971012971 107760.86662038
1.488444301843197 107756.1647999006
1.487536421782282 107750.9756783712
1.4866 107744.8652274755
1.485657573693783 107737.545333515
1.4847 107728.7580776093
1.483690195420343 107718.5326329203
1.482636678192802 107706.6541480643
1.4815 107692.3678501338
1.4802 107672.7355664585
1.4791 107652.4253724353
1.4782 107631.6379295272
1.4774 107611.3575635593
1.4767 107591.6439306423
1.4762 107571.547956289
1.4757 107552.9894826048
1.4754 107534.0622256913
1.4751 107516.6507763158
1.4748 107500.7171714987
1.4746 107485.2933552632
1.4745 107470.2627270294
1.4744 107456.5716496432
1.4743 107444.1279272971
1.4743 107430.6206991971
1.4742 107418.0300058876
1.4742 107404.4999999883
1.4742 107390.96918062
1.4743 107376.4811518287
1.4743 107362.9739237288
1.4744 107348.6293407672
1.4745 107333.0428260482
1.4746 107316.1059139162
1.4748 107296.8857997324
1.475 107276.2095341213
1.4754 107252.1599866191
1.4757 107227.5491293488
1.4762 107199.5053340767
1.4767 107169.9159032114
1.4774 107136.9043809099
1.4782 107101.4144183764
1.4791 107063.5382114184
2.0347 92961.18346364853
2.0347 92961.18346364853
2.0347 92970.19153635147
2.0347 92979.69174817488
2.0347 92988.20768175735
2.034635632747493 92995.54813415097
2.03444496925611 93003.5069048127
2.034131666925053 93012.10866262717
2.033699383153529 93021.37807647891
2.033151775340742 93031.33981525253
2.032492500885897 93042.01854783265
2.031725217188197 93053.43894310383
2.030853581646848 93065.62566995065
2.029881251661056 93078.60339725771
2.028811884630023 93092.39679390962
2.027649137952956 93107.03052879093
2.026396669029058 93122.52927078625
2.025058135257534 93138.91768878017
2.023637194037589 93156.22045165727
2.022137502768426 93174.46222830215
2.020562718849253 93193.66768759937
2.018916499679273 93213.86149843356
2.017202502657689 93235.06832968928
2.015424385183709 93257.31285025112
2.013585804656535 93280.61972900368
2.011690418475372 93305.01363483154
2.009741884039426 93330.51923661931
2.0077438587479 93357.16120325154
2.0057 93384.96420361285
2.003103877714197 93420.90670926112
1.999598236677489 93469.76941815045
1.995410496591872 93528.28033875964
1.990768077159341 93593.16747956751
1.985898398081893 93661.15884905287
1.981028879061524 93728.98245569455
1.976386939800227 93793.36630797139
1.9722 93851.03841436218
1.968160196731171 93906.27918235421
1.963901278945489 93964.30109570148
1.959563084167073 94023.23027728293
1.955285449920046 94081.19284997749
1.95120821372853 94136.31493666413
1.947471213116645 94186.72266022176
1.944214285608514 94230.5421435293
1.941577268728259 94265.8995094657
1.9397 94290.92088090991
1.938276718263103 94309.77994524152
1.936907728237056 94327.90947110842
1.935591966266167 94345.32420329188
1.934328368694742 94362.03888657319
1.933115871867089 94378.06826573363
1.931953412127515 94393.42708555447
1.930839925820327 94408.13009081704
1.929774349289832 94422.1920263026
1.928755618880337 94435.62763679241
1.92778267093615 94448.4516670678
1.926854441801578 94460.67886191003
1.925969867820927 94472.32396610039
1.925127885338506 94483.40172442017
1.92432743069862 94493.92688165064
1.923567440245578 94503.91418257311
1.922846850323686 94513.37837196884
1.922164597277252 94522.33419461914
1.921519617450582 94530.79639530527
1.920910847187985 94538.77971880854
1.920337222833766 94546.29890991021
1.919797680732234 94553.3687133916
1.919291157227694 94560.00387403395
1.918816588664456 94566.21913661859
1.918372911386825 94572.02924592678
1.917959061739109 94577.44894673981
1.917573976065614 94582.49298383897
1.91721659071065 94587.17610200553
1.91688584201852 94591.5130460208
1.916580666333535 94595.51856066605
1.9163 94599.20739072257
1.9161 94601.83768287243
1.915864195949796 94603.98718402024
1.915617820906621 94606.06378490831
1.915360538639739 94608.07620112765
1.915092012918413 94610.03314826929
1.914811907511907 94611.94334192421
1.914519886189487 94613.81549768343
1.914215612720413 94615.65833113797
1.913898750873951 94617.48055787881
1.913568964419365 94619.29089349697
1.913225917125917 94621.09805358347
1.912869272762873 94622.91075372929
1.912498695099495 94624.73770952548
1.912113847905048 94626.587636563
1.911714394948795 94628.46925043289
1.9113 94630.39126672613
1.910821607866402 94631.81345296653
1.910249939023384 94632.2768875749
1.909614320741679 94631.91225248791
1.908944080292019 94630.85022964219
1.908268544945134 94629.22150097441
1.907617041971759 94627.15674842118
1.907018898642623 94624.78665391917
1.906503442228459 94622.24189940501
1.9061 94619.65316681535
1.90577300818716 94617.15747430516
1.905466362996439 94614.78303799691
1.905178581663439 94612.49733677847
1.904908181423763 94610.2678495377
1.904653679513015 94608.06205516247
1.904413593166798 94605.84743254066
1.904186439620715 94603.59146056011
1.903970736110369 94601.26161810872
1.903764999871365 94598.82538407434
1.903567748139305 94596.25023734484
1.903377498149792 94593.50365680808
1.903192767138431 94590.55312135196
1.903012072340823 94587.36610986431
1.902833930992573 94583.91010123301
1.902656860329283 94580.15257434594
1.902479377586558 94576.06100809095
1.9023 94571.60288135594
1.902117113763451 94566.79078105935
1.901930454753602 94561.66451752112
1.90174056473033 94556.2324047313
1.90154798545351 94550.50275667991
1.90135325868302 94544.483887357
1.901156926178737 94538.18411075258
1.900959529700537 94531.61174085672
1.900761611008296 94524.77509165944
1.900563711861892 94517.68247715078
1.900366374021201 94510.34221132076
1.900170139246101 94502.76260815945
1.899975549296466 94494.95198165686
1.899783145932175 94486.91864580303
1.899593470913103 94478.670914588
1.899407065999129 94470.2171020018
1.899224472950128 94461.56552203448
1.899046233525976 94452.72448867607
1.898872889486551 94443.7023159166
1.898704982591729 94434.50731774612
1.898543054601388 94425.14780815465
1.898387647275402 94415.63210113223
1.898239302373651 94405.9685106689
1.898098561656009 94396.1653507547
1.897965966882354 94386.23093537967
1.897842059812562 94376.17357853382
1.897727382206511 94366.00159420722
1.897622475824076 94355.7232963899
1.897527882425134 94345.34699907187
1.897444143769563 94334.88101624319
1.897371801617238 94324.33366189389
1.897311397728037 94313.71325001401
1.897263473861836 94303.02809459358
1.897228571778511 94292.28650962265
1.897207233237941 94281.49680909124
1.8972 94270.66730698939
1.897209217885099 94259.50464813816
1.897236192296123 94247.75092927231
1.897279904366657 94235.46764225246
1.897339335230292 94222.71627893922
1.897413466020613 94209.55833119323
1.89750127787121 94196.05529087505
1.897601751915669 94182.26864984535
1.897713869287579 94168.25989996473
1.897836611120528 94154.09053309378
1.897968958548102 94139.82204109314
1.898109892703891 94125.51591582342
1.898258394721481 94111.23364914522
1.898413445734461 94097.03673291916
1.898574026876418 94082.98665900587
1.898739119280941 94069.14491926595
1.898907704081616 94055.57300556001
1.899078762412032 94042.33240974868
1.899251275405777 94029.48462369257
1.899424224196437 94017.09113925228
1.899596589917603 94005.21344828844
1.899767353702859 93993.91304266166
1.899935496685796 93983.25141423255
1.9001 93973.29005486173
1.900262143651123 93963.85969790873
1.900424256217856 93954.73416753754
1.900586891693345 93945.88959181546
1.900750604070738 93937.3020988098
1.900915947343182 93928.94781658787
1.901083475503822 93920.80287321698
1.901253742545806 93912.84339676442
1.901427302462281 93905.04551529752
1.901604709246394 93897.38535688356
1.90178651689129 93889.83904958988
1.901973279390118 93882.38272148374
1.902165550736024 93874.99250063249
1.902363884922154 93867.64451510341
1.902568835941656 93860.31489296383
1.902780957787676 93852.97976228104
1.903000804453361 93845.61525112235
1.903228929931859 93838.19748755505
1.903465888216314 93830.70259964648
1.903712233299876 93823.10671546392
1.903968519175689 93815.38596307469
1.904235299836902 93807.51647054609
1.904513129276661 93799.47436594543
1.904802561488112 93791.23577734
1.905104150464403 93782.77683279714
1.90541845019868 93774.07366038412
1.905746014684091 93765.10238816828
1.906087397913781 93755.83914421689
1.906443153880898 93746.2600565973
1.906813836578589 93736.34125337678
1.9072 93726.05886262265
1.907711782764759 93713.61812336672
1.908403364694802 93698.37285991589
1.909191361586739 93682.02207825023
1.909992389237178 93666.26478434975
1.910723063442729 93652.7999841945
1.9113 93643.32668376449
1.911759714077242 93636.6071907794
1.912195065555691 93630.26849211135
1.912607187301437 93624.30661246912
1.91299721218057 93618.71757656147
1.91336627305918 93613.49740909715
1.913715502803356 93608.64213478494
1.914046034279189 93604.14777833357
1.914359000352768 93600.01036445185
1.914655533890183 93596.22591784851
1.914936767757524 93592.79046323232
1.915203834820881 93589.70002531205
1.915457867946343 93586.95062879645
1.9157 93584.53829839428
1.915886546549907 93582.78451257314
1.9161 93580.79623327387
1.916464068489228 93577.724038313
1.91697173603144 93573.9543032606
1.917617314558897 93569.51497466565
1.918395116003857 93564.43399907713
1.91929945229858 93558.73932304396
1.920324635375326 93552.45889311515
1.921464977166355 93545.62065583964
1.922714789603927 93538.25255776639
1.9240683846203 93530.38254544437
1.925520074147736 93522.03856542255
1.927064170118493 93513.24856424989
1.928694984464831 93504.04048847537
1.93040682911901 93494.44228464793
1.932194016013291 93484.48189931654
1.934050857079931 93474.18727903019
1.935971664251191 93463.58637033781
1.937950749459332 93452.70711978838
1.939982424636612 93441.57747393085
1.942061001715292 93430.22537931422
1.94418079262763 93418.67878248742
1.946336109305887 93406.96562999942
1.948521263682322 93395.11386839922
1.950730567689196 93383.15144423573
1.952958333258767 93371.10630405795
1.955198872323296 93359.00639441483
1.957446496815043 93346.87966185535
1.959695518666266 93334.75405292845
1.961940249809226 93322.65751418311
1.964175002176182 93310.61799216829
1.966394087699395 93298.66343343297
1.968591818311123 93286.8217845261
1.970762505943627 93275.12099199663
1.972900462529166 93263.58900239356
1.975 93252.25376226583
1.977193702523292 93240.48504751192
1.979599758004526 93227.72206393581
1.982190883983444 93214.0969029448
1.984939797999789 93199.74165594617
1.987819217593302 93184.78841434716
1.990801860303726 93169.36926955509
1.993860443670803 93153.61631297719
1.996967685234276 93137.66163602076
2.000096302533886 93121.63733009306
2.003219013109375 93105.67548660138
2.006308534500485 93089.90819695299
2.00933758424696 93074.46755255516
2.012278879888541 93059.48564481517
2.01510513896497 93045.09456514029
2.017789079015989 93031.42640493778
2.020303417581342 93018.61325561494
2.022620872200769 93006.78720857901
2.024714160414012 92996.08035523733
2.026555999760815 92986.6247869971
2.028119107780919 92978.55259526565
2.029376202014067 92971.9958714502
2.0303 92967.08670695807
2.031041947994966 92962.68637581366
2.031760336262354 92957.82444863382
2.032438148352616 92952.88546171453
2.033058367816209 92948.25395135168
2.033603978203584 92944.31445384127
2.034057963065197 92941.45150547921
2.034403305951502 92940.04964256145
2.034622990412951 92940.49340138395
2.0347 92943.16731824265
2.0347 92952.17539094559
2.0347 92961.18346364853
*END
