*KEYWORD
*DEFINE_CURVE_TITLE
SYNTHETIC screenshot reconstruction absolute pressure
$ LCID SIDR SFA SFO OFFA OFFO DATTYP
26 0 1.0 1.0 0.0 0.0 0
$ Not a CFD solver result; screenshot anchors plus interpolated rows.
$ X in metres; ordinate in metres or absolute pressure in Pa.
$ ABSCISSA ORDINATE
1.4791 104964.6870996878
1.479851735675113 104628.906446151
1.480724157317516 104295.3296881367
1.481711671244822 103963.9748777071
1.482808683774642 103634.860066924
1.48400960122459 103308.0033078495
1.485308829912277 102983.4226525456
1.486700776155315 102661.1361530744
1.488179846271316 102341.1618614979
1.489740446577894 102023.5178298781
1.491376983392658 101708.2221102769
1.493083863033223 101395.2927547565
1.4948554918172 101084.7478153789
1.496686276062202 100776.605344206
1.498570622085839 100470.8833932999
1.500502936205726 100167.6000147226
1.502477624739473 99866.77326053617
1.504489094004693 99568.42118280257
1.506531750318998 99272.56183358385
1.5086 98979.21326494202
1.51071234126088 98690.97651727418
1.512911411375217 98409.1921785014
1.515227825251226 98131.98762197167
1.517692197797119 97857.49022103296
1.52033514392111 97583.82734903325
1.523187278531413 97309.12637932051
1.52627921653624 97031.51468524271
1.529641572843804 96749.11964014787
1.53330496236232 96460.06861738391
1.5373 96162.48899029884
1.542224457603239 95831.4126952433
1.548474587033738 95453.76226087687
1.555778723222672 95045.50094901086
1.563865201101215 94622.59202145663
1.57246235560054 94200.9987400255
1.581298521651822 93796.68436652882
1.590102034186235 93425.61216277792
1.598601228134953 93103.74539058414
1.60652443842915 92847.04731175883
1.6136 92671.48118811329
1.619711731351954 92549.35566762448
1.625241775432379 92440.39710077962
1.630665953836827 92341.69530315553
1.63646008816085 92250.34009032902
1.6431 92163.4212778769
1.651076798471014 92103.44068690583
1.660411382713937 92091.22559367702
1.670874259359286 92121.35399649909
1.682235935037575 92188.40389368066
1.694266916379319 92286.95328353033
1.706737710015032 92411.58016435671
1.719418822575228 92556.86253446844
1.732080760690424 92717.37839217411
1.744494030991133 92887.70573578235
1.756429140107871 93062.42256360178
1.767656594671152 93236.106873941
1.77794690131149 93403.33666510863
1.787070566659402 93558.68993541329
1.7947980973454 93696.74468316359
1.8009 93812.07890666815
1.8060604877428 93914.72933235923
1.811114687291474 94018.18430793195
1.816059475673645 94122.19926358934
1.820891729916942 94226.52962953434
1.825608327048989 94330.93083596992
1.830206144097412 94435.15831309908
1.834682058089838 94538.96749112477
1.839032946053892 94642.11380024998
1.843255685017201 94744.35267067766
1.847347152007389 94845.43953261081
1.851304224052085 94945.12981625239
1.855123778178912 95043.17895180537
1.858802691415497 95139.34236947274
1.862337840789467 95233.37549945746
1.865726103328447 95325.03377196251
1.868964356060062 95414.07261719086
1.87204947601194 95500.24746534548
1.874978340211706 95583.31374662937
1.877747825686985 95663.02689124548
1.880354809465405 95739.14232939678
1.88279616857459 95811.41549128626
1.885068780042167 95879.60180711688
1.887169520895762 95943.45670709162
1.889095268163 96002.73562141346
1.890842898871508 96057.19398028537
1.892409290048911 96106.58721391032
1.893791318722836 96150.67075249128
1.894985861920909 96189.20002623124
1.895989796670755 96221.93046533315
1.8968 96248.61749999999
1.897504777027824 96269.13500553669
1.898189300872436 96284.38543558199
1.898845750560009 96295.66708783967
1.899466305116718 96304.27826001347
1.900043143568734 96311.51724980715
1.90056844494223 96318.6823549245
1.901034388263381 96327.07187306925
1.901433152558359 96337.98410194517
1.901756916853336 96352.71733925605
1.901997860174487 96372.5698827056
1.902148161547984 96398.84002999762
1.9022 96432.82607883586
1.9022 96513.37283632859
1.9022 96650.0917817623
1.9022 96800.43122110795
1.9022 96921.83946033662
1.9022 96971.76480541927
1.902063682752588 96970.77465009883
1.901674558973611 96967.94820672958
1.90106237060796 96963.50150919962
1.900256859600525 96957.65059139702
1.899287767896195 96950.61148720991
1.89818483743986 96942.60023052637
1.896977810176411 96933.83285523448
1.895696428050736 96924.52539522236
1.894370433007727 96914.89388437811
1.893029566992273 96905.15435658979
1.891703571949264 96895.52284574552
1.890422189823589 96886.21538573341
1.88921516256014 96877.44801044153
1.888112232103805 96869.43675375798
1.887143140399475 96862.39764957086
1.88633762939204 96856.54673176828
1.885725441026389 96852.1000342383
1.885336317247412 96849.27359086905
1.8852 96848.28343554861
1.8852 96906.08128034719
1.8852 97073.6218684342
1.8852 97342.12578034659
1.8852 97702.81359662124
1.8852 98146.90589779512
1.8852 98665.62326440513
1.8852 99250.1862769882
1.8852 99891.81551608126
1.8852 100581.7315622212
1.8852 101311.154995945
1.8852 102071.3063977896
1.8852 102853.4063482919
1.8852 103648.6754279887
1.8852 104448.3342174171
1.8852 105243.603297114
1.8852 106025.7032476163
1.8852 106785.8546494608
1.8852 107515.2780831847
1.8852 108205.1941293246
1.8852 108846.8233684177
1.8852 109431.3863810008
1.8852 109950.1037476108
1.8852 110394.1960487846
1.8852 110754.8838650593
1.8852 111023.3877769717
1.8852 111190.9283650587
1.8852 111248.7262098573
1.885336317247412 111244.5016739952
1.885725441026389 111232.4425443525
1.88633762939204 111213.4705378446
1.887143140399475 111188.5073713868
1.888112232103805 111158.4747618946
1.88921516256014 111124.2944262832
1.890422189823589 111086.888081468
1.891703571949264 111047.1774443644
1.893029566992273 111006.0842318878
1.894370433007727 110964.5301609535
1.895696428050736 110923.4369484768
1.89697781017641 110883.7263113732
1.89818483743986 110846.319966558
1.899287767896195 110812.1396309467
1.900256859600525 110782.1070214544
1.90106237060796 110757.1438549966
1.901674558973611 110738.1718484887
1.902063682752588 110726.112718846
1.9022 110721.8881829839
1.9022 110829.6759283006
1.9022 110937.4636736173
1.9022 111045.251418934
1.9022 111153.0391642507
1.9022 111260.8269095673
1.9019 111278.398345785
1.901473764201487 111303.2580676509
1.901008443436166 111330.4077532141
1.900502608569841 111359.9128455635
1.899954830468316 111391.8387877881
1.899363679997394 111426.2510229768
1.89872772802288 111463.2149942185
1.898045545410577 111502.7961446022
1.897315703026289 111545.0599172169
1.896536771735819 111590.0717551513
1.895707322404973 111637.8971014945
1.894825925899552 111688.6013993354
1.893891153085361 111742.250091763
1.892901574828205 111798.9086218661
1.891855761993886 111858.6424327337
1.890752285448208 111921.5169674547
1.889589716056975 111987.5976691181
1.888366624685991 112056.9499808128
1.887081582201061 112129.6393456277
1.885733159467986 112205.7312066517
1.884319927352572 112285.2910069739
1.882840456720623 112368.3841896831
1.881293318437941 112455.0761978682
1.87967708337033 112545.4324746182
1.877990322383595 112639.518463022
1.876231606343539 112737.3996061686
1.874399506115967 112839.1413471468
1.872492592566681 112944.8091290457
1.870509436561485 113054.4683949541
1.868448608966184 113168.184587961
1.866308680646582 113286.0231511553
1.864088222468481 113408.049527626
1.861785805297686 113534.3291604619
1.8594 113664.927492752
1.856310890119993 113831.7961646915
1.852026077680947 114059.5565219422
1.846735411266738 114337.2785657933
1.840628739461238 114654.0322975336
1.833895910848323 114998.8877184524
1.826726774011868 115360.9148298386
1.819311177535746 115729.1836329813
1.811838970003832 116092.7641291695
1.8045 116440.7263196922
1.796983102179752 116789.2573069158
1.788917853248729 117156.9296308499
1.780405214866018 117536.3914492494
1.771546148690704 117920.2909198687
1.762441616381872 118301.2762004624
1.753192579598609 118671.9954487851
1.7439 119025.0968225914
1.734381113316402 119375.1866170454
1.72449617649311 119730.1985340697
1.714410683011617 120072.7718415564
1.704290126353417 120385.5458073981
1.6943 120651.1596994871
1.684454536143907 120887.6788721858
1.674643304480354 121117.2349492025
1.664844804744847 121328.5666024478
1.655037536672894 121510.4125038326
1.6452 121651.5113252676
1.635255526638766 121746.6920458896
1.62521838519013 121803.1755538107
1.615203480422112 121828.2883844047
1.605325717102729 121829.3570730455
1.5957 121813.708155107
1.585985082163669 121729.3100801978
1.576096917377082 121545.0560491656
1.566536211508661 121299.6597242433
1.557803670426827 121031.8347676635
1.5504 120780.2948416592
1.54442447289398 120541.6818531236
1.5395 120300.964771967
1.535374266078023 120074.7788350361
1.531751600927163 119857.143976466
1.528353135312721 119635.3414989482
1.5249 119396.652705174
1.521196349991472 119127.6399349723
1.517430359884018 118836.8295240893
1.513899189834556 118544.4487690921
1.5109 118270.7249665477
1.508439481056489 118023.8911674317
1.506263418779224 117792.4603947415
1.504277615973714 117567.0799030767
1.502387875445469 117338.396947037
1.5005 117097.0587812221
1.498551553226227 116831.808406578
1.496600670041376 116548.6106000743
1.494734010243411 116263.9452803464
1.493038233630298 115994.2923660293
1.4916 115756.1317757583
1.49041576012183 115554.6216840652
1.489383971012971 115375.5190601244
1.488444301843197 115206.2020145346
1.487536421782282 115034.0486578945
1.4866 114846.4371008029
1.485657573693783 114642.116574246
1.4847 114416.628382025
1.483690195420343 114166.1356682787
1.482636678192802 113888.761785256
1.4815 113570.013264942
1.4802 113161.8298862623
1.4791 112767.4419831624
1.4782 112389.5083200268
1.4774 112029.682320194
1.4767 111688.7544271298
1.4762 111365.5382977252
1.4757 111062.6940521855
1.4754 110777.7412165477
1.4751 110512.8728307872
1.4748 110267.585885426
1.4746 110040.442532616
1.4745 109829.8978146744
1.4744 109637.1021454616
1.4743 109460.8339305308
1.4743 109281.863158207
1.4742 109103.6475780107
1.4742 108924.3749998454
1.4742 108745.0916432148
1.4743 108564.5141555754
1.4743 108385.5433832516
1.4744 108206.8665528546
1.4745 108011.7341266726
1.4746 107798.7089347681
1.4748 107566.8202095227
1.475 107315.6374778657
1.4754 107042.5365488403
1.4757 106750.6093715433
1.4762 106435.9735534121
1.4767 106100.8580636708
1.4774 105743.1776500892
1.4782 105364.0467972792
1.4791 104964.6870996878
2.0347 90816.180893343
2.0347 90816.180893343
2.0347 90935.537856657
2.0347 91061.41566331717
2.0347 91174.25178328501
2.034635632747493 91264.18205944165
2.03444496925611 91347.92130807521
2.034131666925053 91426.21292921943
2.033699383153529 91499.80032290799
2.033151775340742 91569.42688917457
2.032492500885897 91635.83602805292
2.031725217188197 91699.77113957667
2.030853581646848 91761.97562377957
2.029881251661056 91823.19288069528
2.028811884630023 91884.16631035751
2.027649137952956 91945.63931279996
2.026396669029058 92008.35528805634
2.025058135257534 92073.05763616032
2.023637194037589 92140.48975714559
2.022137502768426 92211.3950510459
2.020562718849253 92286.51691789487
2.018916499679273 92366.59875772626
2.017202502657689 92452.38397057373
2.015424385183709 92544.61595647101
2.013585804656535 92644.03811545177
2.011690418475372 92751.3938475497
2.009741884039426 92867.42655279853
2.0077438587479 92992.87963123192
2.0057 93128.49648288358
2.003103877714197 93309.06507151248
1.999598236677489 93557.24222804623
1.995410496591872 93855.57465327166
1.990768077159341 94186.60904797549
1.985898398081893 94532.89211294452
1.981028879061524 94876.9705489655
1.976386939800227 95201.39105682523
1.9722 95488.70033731044
1.968160196731171 95760.55160737988
1.963901278945489 96044.2983336833
1.959563084167073 96331.03759154398
1.955285449920046 96611.86645628518
1.95120821372853 96877.88200323019
1.947471213116645 97120.18130770227
1.944214285608514 97329.86144502473
1.941577268728259 97498.01949052082
1.9397 97615.75251951383
1.938276718263103 97703.53907578046
1.936907728237056 97787.84247270474
1.935591966266167 97868.73694002099
1.934328368694742 97946.29670746351
1.933115871867089 98020.59600476657
1.931953412127515 98091.70906166451
1.930839925820327 98159.71010789162
1.929774349289832 98224.67337318217
1.928755618880337 98286.67308727049
1.92778267093615 98345.78347989087
1.926854441801578 98402.07878077762
1.925969867820927 98455.63321966502
1.925127885338506 98506.52102628739
1.92432743069862 98554.81643037901
1.923567440245578 98600.59366167418
1.922846850323686 98643.92694990723
1.922164597277252 98684.89052481244
1.921519617450582 98723.55861612408
1.920910847187985 98760.00545357649
1.920337222833766 98794.30526690398
1.919797680732234 98826.5322858408
1.919291157227694 98856.76074012129
1.918816588664456 98885.06485947974
1.918372911386825 98911.51887365044
1.917959061739109 98936.19701236769
1.917573976065614 98959.1735053658
1.91721659071065 98980.52258237907
1.91688584201852 99000.3184731418
1.916580666333535 99018.63540738827
1.9163 99035.54761485281
1.9161 99047.62119814898
1.915864195949796 99049.24661539795
1.915617820906621 99048.70218503766
1.915360538639739 99046.06509568736
1.915092012918413 99041.41253596626
1.914811907511907 99034.8216944936
1.914519886189487 99026.36975988859
1.914215612720413 99016.13392077049
1.913898750873951 99004.19136575848
1.913568964419365 98990.61928347184
1.913225917125917 98975.49486252975
1.912869272762873 98958.8952915515
1.912498695099495 98940.89775915626
1.912113847905048 98921.57945396328
1.911714394948795 98901.01756459179
1.9113 98879.28927966101
1.910821607866402 98843.64967508885
1.910249939023384 98784.68342597487
1.909614320741679 98707.46211971085
1.908944080292019 98617.05734368853
1.908268544945134 98518.5406852997
1.907617041971759 98416.9837319361
1.907018898642623 98317.45807098949
1.906503442228459 98225.03528985167
1.9061 98144.78697591437
1.90577300818716 98074.47829970904
1.905466362996439 98008.09352337336
1.905178581663439 97945.03287170849
1.904908181423763 97884.69656951557
1.904653679513015 97826.48484159575
1.904413593166798 97769.79791275017
1.904186439620715 97714.03600777996
1.903970736110369 97658.59935148628
1.903764999871365 97602.88816867027
1.903567748139305 97546.30268413307
1.903377498149792 97488.24312267583
1.903192767138431 97428.10970909968
1.903012072340823 97365.30266820578
1.902833930992573 97299.22222479526
1.902656860329283 97229.26860366928
1.902479377586558 97154.84202962897
1.9023 97075.34272747546
1.902117113763451 96990.75367920843
1.901930454753602 96901.57229084353
1.90174056473033 96807.97042320599
1.90154798545351 96710.11993712107
1.90135325868302 96608.19269341398
1.901156926178737 96502.36055290994
1.900959529700537 96392.79537643421
1.900761611008296 96279.669024812
1.900563711861892 96163.15335886854
1.900366374021201 96043.42023942908
1.900170139246101 95920.64152731882
1.899975549296466 95794.98908336301
1.899783145932175 95666.63476838685
1.899593470913103 95535.75044321563
1.899407065999129 95402.50796867452
1.899224472950128 95267.07920558877
1.899046233525976 95129.63601478364
1.898872889486551 94990.35025708431
1.898704982591729 94849.39379331605
1.898543054601388 94706.93848430406
1.898387647275402 94563.1561908736
1.898239302373651 94418.21877384988
1.898098561656009 94272.29809405813
1.897965966882354 94125.56601232359
1.897842059812562 93978.19438947148
1.897727382206511 93830.35508632704
1.897622475824076 93682.21996371548
1.897527882425134 93533.96088246207
1.897444143769563 93385.74970339199
1.897371801617238 93237.75828733051
1.897311397728037 93090.15849510283
1.897263473861836 92943.12218753422
1.897228571778511 92796.82122544986
1.897207233237941 92651.42746967502
1.8972 92507.11278103491
1.897209217885099 92360.25736640475
1.897236192296123 92207.59267846895
1.897279904366657 92049.81744676652
1.897339335230292 91887.63040083653
1.897413466020613 91721.730270218
1.89750127787121 91552.81578444995
1.897601751915669 91381.58567307143
1.897713869287579 91208.73866562147
1.897836611120528 91034.97349163909
1.897968958548102 90860.98888066335
1.898109892703891 90687.48356223326
1.898258394721481 90515.15626588788
1.898413445734461 90344.70572116622
1.898574026876418 90176.83065760732
1.898739119280941 90012.22980475021
1.898907704081616 89851.60189213394
1.899078762412032 89695.64564929753
1.899251275405777 89545.05980578002
1.899424224196437 89400.54309112043
1.899596589917603 89262.79423485782
1.899767353702859 89132.51196653121
1.899935496685796 89010.39501567962
1.9001 88897.14211184211
1.900262143651123 88790.65625051728
1.900424256217856 88688.20580123323
1.900586891693345 88589.53755457315
1.900750604070738 88494.39830112025
1.900915947343182 88402.53483145773
1.901083475503822 88313.69393616883
1.901253742545806 88227.62240583672
1.901427302462281 88144.06703104463
1.901604709246394 88062.77460237575
1.90178651689129 87983.49191041332
1.901973279390118 87905.9657457405
1.902165550736024 87829.94289894053
1.902363884922154 87755.17016059661
1.902568835941656 87681.39432129195
1.902780957787676 87608.36217160977
1.903000804453361 87535.82050213325
1.903228929931859 87463.51610344561
1.903465888216314 87391.19576613005
1.903712233299876 87318.6062807698
1.903968519175689 87245.49443794806
1.904235299836902 87171.60702824802
1.904513129276661 87096.69084225289
1.904802561488112 87020.49267054589
1.905104150464403 86942.75930371023
1.90541845019868 86863.23753232911
1.905746014684091 86781.67414698574
1.906087397913781 86697.81593826332
1.906443153880898 86611.40969674506
1.906813836578589 86522.20221301418
1.9072 86429.94027765388
1.907711782764759 86323.38687830692
1.908403364694802 86200.15066944587
1.909191361586739 86073.24694189866
1.909992389237178 85955.69098649319
1.910723063442729 85860.49809405743
1.9113 85800.68355541927
1.911759714077242 85764.00662161336
1.912195065555691 85729.60058199402
1.912607187301437 85697.54178486874
1.91299721218057 85667.90657854501
1.91336627305918 85640.77131133029
1.913715502803356 85616.21233153206
1.914046034279189 85594.3059874578
1.914359000352768 85575.128627415
1.914655533890183 85558.75659971112
1.914936767757524 85545.26625265364
1.915203834820881 85534.73393455005
1.915457867946343 85527.23599370783
1.9157 85522.84877843443
1.915886546549907 85520.85670484428
1.9161 85518.82199096789
1.916464068489228 85519.57878149686
1.91697173603144 85527.4475095197
1.917617314558897 85542.15065881339
1.918395116003857 85563.410713155
1.91929945229858 85590.9501563215
1.920324635375326 85624.49147208995
1.921464977166355 85663.75714423733
1.922714789603927 85708.46965654068
1.9240683846203 85758.35149277703
1.925520074147736 85813.12513672339
1.927064170118493 85872.51307215675
1.928694984464831 85936.23778285418
1.93040682911901 86004.02175259267
1.932194016013291 86075.58746514925
1.934050857079931 86150.65740430092
1.935971664251191 86228.95405382471
1.937950749459332 86310.19989749766
1.939982424636612 86394.11741909676
1.942061001715292 86480.42910239904
1.94418079262763 86568.8574311815
1.946336109305887 86659.1248892212
1.948521263682322 86750.95396029513
1.950730567689196 86844.06712818032
1.952958333258767 86938.18687665378
1.955198872323296 87033.03568949254
1.957446496815043 87128.33605047362
1.959695518666266 87223.81044337402
1.961940249809226 87319.18135197076
1.964175002176182 87414.17126004089
1.966394087699395 87508.50265136141
1.968591818311123 87601.89800970934
1.970762505943627 87694.0798188617
1.972900462529166 87784.7705625955
1.975 87873.69272468777
1.977193702523292 87967.59570584635
1.979599758004526 88072.5092780673
1.982190883983444 88187.07648205999
1.984939797999789 88309.94035853382
1.987819217593302 88439.74394819813
1.990801860303726 88575.13029176234
1.993860443670803 88714.7424299358
1.996967685234276 88857.22340342788
2.000096302533886 89001.21625294797
2.003219013109375 89145.36401920546
2.006308534500485 89288.3097429097
2.00933758424696 89428.69646477007
2.012278879888541 89565.16722549596
2.01510513896497 89696.36506579674
2.017789079015989 89820.93302638177
2.020303417581342 89937.51414796045
2.022620872200769 90044.75147124215
2.024714160414012 90141.28803693625
2.026555999760815 90225.76688575211
2.028119107780919 90296.83105839913
2.029376202014067 90353.12359558666
2.0303 90393.28753802409
2.031041947994966 90419.48281989081
2.031760336262354 90436.87876192419
2.032438148352616 90448.63248467055
2.033058367816209 90457.90110867619
2.033603978203584 90467.84175448745
2.034057963065197 90481.61154265064
2.034403305951502 90502.36759371209
2.034622990412951 90533.26702821809
2.0347 90577.46696671499
2.0347 90696.82393002899
2.0347 90816.180893343
*END
