*KEYWORD
*DEFINE_CURVE_TITLE
SYNTHETIC screenshot reconstruction absolute pressure
$ LCID SIDR SFA SFO OFFA OFFO DATTYP
26 0 1.0 1.0 0.0 0.0 0
$ Not a CFD solver result; screenshot anchors plus interpolated rows.
$ X in metres; ordinate in metres or absolute pressure in Pa.
$ ABSCISSA ORDINATE
1.4791 108976.3842818912
1.479851735675113 108933.9797504126
1.480724157317516 108890.4138703878
1.481711671244822 108845.7525648971
1.482808683774642 108800.0617570211
1.48400960122459 108753.40736984
1.485308829912277 108705.8553264341
1.486700776155315 108657.471549884
1.488179846271316 108608.3219632698
1.489740446577894 108558.4724896721
1.491376983392658 108507.9890521712
1.493083863033223 108456.9375738474
1.4948554918172 108405.3839777812
1.496686276062202 108353.3941870528
1.498570622085839 108301.0341247427
1.500502936205726 108248.3697139313
1.502477624739473 108195.4668776988
1.504489094004693 108142.3915391257
1.506531750318998 108089.2096212924
1.5086 108035.9870472792
1.51071234126088 107982.7735578192
1.512911411375217 107929.215409425
1.515227825251226 107874.7732988465
1.517692197797119 107818.9079228334
1.52033514392111 107761.0799781354
1.523187278531413 107700.7501615024
1.52627921653624 107637.3791696842
1.529641572843804 107570.4276994304
1.53330496236232 107499.356447491
1.5373 107423.6261106155
1.542224457603239 107333.8734017934
1.548474587033738 107224.2410958445
1.555778723222672 107099.4489822644
1.563865201101215 106964.2168505489
1.57246235560054 106823.2644901935
1.581298521651822 106681.3116906941
1.590102034186235 106543.0782415462
1.598601228134953 106413.2839322455
1.60652443842915 106296.6485522878
1.6136 106197.8918911686
1.619711731351954 106115.5588983393
1.625241775432379 106041.2173218126
1.630665953836827 105969.1211489262
1.63646008816085 105893.524367018
1.6431 105808.6809634255
1.651076798471014 105711.2269054585
1.660411382713937 105603.0185046025
1.670874259359286 105486.1402644589
1.682235935037575 105362.6766886292
1.694266916379319 105234.712280715
1.706737710015032 105104.3315443179
1.719418822575228 104973.6189830393
1.732080760690424 104844.6591004807
1.744494030991133 104719.5364002437
1.756429140107871 104600.3353859297
1.767656594671152 104489.1405611404
1.77794690131149 104388.0364294772
1.787070566659402 104299.1074945417
1.7947980973454 104224.4382599353
1.8009 104166.1132292596
1.8060604877428 104117.3009479806
1.811114687291474 104069.7877458947
1.816059475673645 104023.5848030985
1.820891729916942 103978.7032996888
1.825608327048989 103935.1544157623
1.830206144097412 103892.9493314159
1.834682058089838 103852.0992267461
1.839032946053892 103812.6152818499
1.843255685017201 103774.5086768239
1.847347152007389 103737.7905917649
1.851304224052085 103702.4722067697
1.855123778178912 103668.5647019349
1.858802691415497 103636.0792573574
1.862337840789467 103605.0270531339
1.865726103328447 103575.4192693612
1.868964356060062 103547.2670861359
1.87204947601194 103520.5816835549
1.874978340211706 103495.3742417148
1.877747825686985 103471.6559407126
1.880354809465405 103449.4379606448
1.88279616857459 103428.7314816083
1.885068780042167 103409.5476836997
1.887169520895762 103391.8977470159
1.889095268163 103375.7928516536
1.890842898871508 103361.2441777096
1.892409290048911 103348.2629052806
1.893791318722836 103336.8602144633
1.894985861920909 103327.0472853545
1.895989796670755 103318.835298051
1.8968 103312.2354326494
1.897504777027824 103306.2229745861
1.898189300872436 103299.9126084014
1.898845750560009 103293.5246128488
1.899466305116718 103287.2792666814
1.900043143568734 103281.3968486525
1.90056844494223 103276.0976375153
1.901034388263381 103271.6019120232
1.901433152558359 103268.1299509294
1.901756916853336 103265.9020329871
1.901997860174487 103265.1384369496
1.902148161547984 103266.0594415702
1.9022 103268.8853256021
1.9022 103276.9906596895
1.9022 103290.748540991
1.9022 103305.877038032
1.9022 103318.0942193381
1.9022 103323.1181534344
1.902063682752588 103324.5807819909
1.901674558973611 103328.7559216883
1.90106237060796 103335.3244535689
1.900256859600525 103343.9672586751
1.899287767896195 103354.3652180489
1.89818483743986 103366.1992127327
1.896977810176411 103379.1501237687
1.895696428050736 103392.8988321991
1.894370433007727 103407.1262190661
1.893029566992273 103421.513165412
1.891703571949264 103435.7405522791
1.890422189823589 103449.4892607094
1.88921516256014 103462.4401717454
1.888112232103805 103474.2741664292
1.887143140399475 103484.6721258031
1.88633762939204 103493.3149309092
1.885725441026389 103499.8834627899
1.885336317247412 103504.0586024873
1.8852 103505.5212310437
1.8852 103511.3373663693
1.8852 103528.1967966171
1.8852 103555.2160581932
1.8852 103591.5116875039
1.8852 103636.2002209553
1.8852 103688.3981949538
1.8852 103747.2221459056
1.8852 103811.7886102168
1.8852 103881.2141242938
1.8852 103954.6152245427
1.8852 104031.1084473698
1.8852 104109.8103291814
1.8852 104189.8374063836
1.8852 104270.3062153827
1.8852 104350.3332925849
1.8852 104429.0351743964
1.8852 104505.5283972236
1.8852 104578.9294974725
1.8852 104648.3550115495
1.8852 104712.9214758607
1.8852 104771.7454268125
1.8852 104823.943400811
1.8852 104868.6319342624
1.8852 104904.9275635731
1.8852 104931.9468251492
1.8852 104948.8062553969
1.8852 104954.6223907226
1.885336317247412 104952.6350133679
1.885725441026389 104946.9619543737
1.88633762939204 104938.0368233445
1.887143140399475 104926.2932298852
1.888112232103805 104912.1647836002
1.88921516256014 104896.0850940943
1.890422189823589 104878.487770972
1.891703571949264 104859.8064238382
1.893029566992273 104840.4746622974
1.894370433007727 104820.9260959542
1.895696428050736 104801.5943344134
1.89697781017641 104782.9129872795
1.89818483743986 104765.3156641573
1.899287767896195 104749.2359746514
1.900256859600525 104735.1075283664
1.90106237060796 104723.363934907
1.901674558973611 104714.4388038779
1.902063682752588 104708.7657448837
1.9022 104706.778367529
1.9022 104717.6249330954
1.9022 104728.4714986619
1.9022 104739.3180642284
1.9022 104750.1646297948
1.9022 104761.0111953613
1.9019 104766.2175468332
1.901473764201487 104773.604038857
1.901008443436166 104781.6689016055
1.900502608569841 104790.4350991708
1.899954830468316 104799.925595645
1.899363679997394 104810.1633551202
1.89872772802288 104821.1713416886
1.898045545410577 104832.9725194422
1.897315703026289 104845.5898524732
1.896536771735819 104859.0463048737
1.895707322404973 104873.3648407357
1.894825925899552 104888.5684241516
1.893891153085361 104904.6800192133
1.892901574828205 104921.722590013
1.891855761993886 104939.7191006427
1.890752285448208 104958.6925151947
1.889589716056975 104978.665797761
1.888366624685991 104999.6619124338
1.887081582201061 105021.7038233051
1.885733159467986 105044.8144944672
1.884319927352572 105069.016890012
1.882840456720623 105094.3339740318
1.881293318437941 105120.7887106187
1.87967708337033 105148.4040638647
1.877990322383595 105177.202997862
1.876231606343539 105207.2084767027
1.874399506115967 105238.443464479
1.872492592566681 105270.9309252829
1.870509436561485 105304.6938232065
1.868448608966184 105339.7551223421
1.866308680646582 105376.1377867817
1.864088222468481 105413.8647806174
1.861785805297686 105452.9590679414
1.8594 105493.4436128457
1.856310890119993 105545.6382409636
1.852026077680947 105617.6637098825
1.846735411266738 105706.2443816256
1.840628739461238 105808.1046182161
1.833895910848323 105919.9687816772
1.826726774011868 106038.5612340321
1.819311177535746 106160.6063373041
1.811838970003832 106282.8284535164
1.8045 106401.9519446922
1.796983102179752 106523.1718189455
1.788917853248729 106652.6022554744
1.780405214866018 106788.3463729282
1.771546148690704 106928.5072899561
1.762441616381872 107071.1881252074
1.753192579598609 107214.4919973315
1.7439 107356.5220249777
1.734381113316402 107500.8425979643
1.72449617649311 107649.853604601
1.714410683011617 107799.9114112744
1.704290126353417 107947.3723843707
1.6943 108088.5928902765
1.684454536143907 108225.2277179289
1.674643304480354 108360.7695379082
1.664844804744847 108494.3315390658
1.655037536672894 108625.026910253
1.6452 108751.9688403211
1.635255526638766 108875.5156312802
1.62521838519013 108996.2303877639
1.615203480422112 109113.5335025593
1.605325717102729 109226.8453684536
1.5957 109335.5863782337
1.585985082163669 109438.4315208328
1.576096917377082 109533.213765835
1.566536211508661 109618.0904770042
1.557803670426827 109691.2190181043
1.5504 109750.7567528992
1.54442447289398 109795.2280434889
1.5395 109827.4419714541
1.535374266078023 109851.9641872791
1.531751600927163 109871.5814582037
1.528353135312721 109888.2099023458
1.5249 109903.7656378234
1.521196349991472 109919.1409331846
1.517430359884018 109933.0372053516
1.513899189834556 109944.0842950034
1.5109 109950.9120428189
1.508439481056489 109954.2722532734
1.506263418779224 109955.9224318961
1.504277615973714 109956.0009709474
1.502387875445469 109954.6462626871
1.5005 109951.9966993756
1.498551553226227 109947.6350551032
1.496600670041376 109941.4953024948
1.494734010243411 109934.2426316123
1.493038233630298 109926.5422325175
1.4916 109919.0592952721
1.49041576012183 109912.3535575009
1.489383971012971 109906.15549384
1.488444301843197 109899.8863998674
1.487536421782282 109892.9675711616
1.4866 109884.8203033006
1.485657573693783 109875.0604446866
1.4847 109863.344103479
1.483690195420343 109849.710177227
1.482636678192802 109833.8721974191
1.4815 109814.8238001784
1.4802 109788.6474219447
1.4791 109761.5671632471
1.4782 109733.8505727029
1.4774 109706.8100847458
1.4767 109680.5252408564
1.4762 109653.7306083854
1.4757 109628.9859768064
1.4754 109603.7496342551
1.4751 109580.5343684211
1.4748 109559.2895619982
1.4746 109538.7244736842
1.4745 109518.6836360392
1.4744 109500.4288661909
1.4743 109483.8372363961
1.4743 109465.8275989295
1.4742 109449.0400078501
1.4742 109430.9999999844
1.4742 109412.9589074933
1.4743 109393.6415357716
1.4743 109375.6318983051
1.4744 109356.5057876896
1.4745 109335.7237680642
1.4746 109313.1412185549
1.4748 109287.5143996432
1.475 109259.9460454951
1.4754 109227.8799821588
1.4757 109195.0655057984
1.4762 109157.6737787689
1.4767 109118.2212042819
1.4774 109074.2058412132
1.4782 109026.8858911686
1.4791 108976.3842818912
2.0347 90173.24461819803
2.0347 90173.24461819803
2.0347 90185.25538180197
2.0347 90197.92233089983
2.0347 90209.27690900982
2.034635632747493 90219.06417886796
2.03444496925611 90229.67587308362
2.034131666925053 90241.14488350289
2.033699383153529 90253.50410197188
2.033151775340742 90266.78642033672
2.032492500885897 90281.02473044353
2.031725217188197 90296.25192413843
2.030853581646848 90312.50089326754
2.029881251661056 90329.80452967696
2.028811884630023 90348.19572521282
2.027649137952956 90367.70737172125
2.026396669029058 90388.37236104833
2.025058135257534 90410.22358504022
2.023637194037589 90433.29393554303
2.022137502768426 90457.61630440287
2.020562718849253 90483.22358346583
2.018916499679273 90510.14866457807
2.017202502657689 90538.42443958571
2.015424385183709 90568.08380033483
2.013585804656535 90599.15963867158
2.011690418475372 90631.68484644206
2.009741884039426 90665.6923154924
2.0077438587479 90701.21493766873
2.0057 90738.28560481712
2.003103877714197 90786.2089456815
1.999598236677489 90851.3592242006
1.995410496591872 90929.37378501285
1.990768077159341 91015.88997275667
1.985898398081893 91106.54513207049
1.981028879061524 91196.97660759275
1.976386939800227 91282.82174396185
1.9722 91359.71788581624
1.968160196731171 91433.37224313893
1.963901278945489 91510.73479426863
1.959563084167073 91589.30703637724
1.955285449920046 91666.59046663667
1.95120821372853 91740.08658221885
1.947471213116645 91807.29688029567
1.944214285608514 91865.72285803907
1.941577268728259 91912.86601262093
1.9397 91946.2278412132
1.938276718263103 91971.37326032203
1.936907728237056 91995.5459614779
1.935591966266167 92018.76560438918
1.934328368694742 92041.05184876425
1.933115871867089 92062.4243543115
1.931953412127515 92082.90278073931
1.930839925820327 92102.50678775605
1.929774349289832 92121.25603507012
1.928755618880337 92139.17018238989
1.92778267093615 92156.26888942374
1.926854441801578 92172.57181588004
1.925969867820927 92188.09862146719
1.925127885338506 92202.86896589355
1.92432743069862 92216.90250886751
1.923567440245578 92230.21891009746
1.922846850323686 92242.83782929178
1.922164597277252 92254.77892615885
1.921519617450582 92266.06186040702
1.920910847187985 92276.7062917447
1.920337222833766 92286.73187988029
1.919797680732234 92296.15828452213
1.919291157227694 92305.00516537861
1.918816588664456 92313.29218215811
1.918372911386825 92321.03899456904
1.917959061739109 92328.26526231974
1.917573976065614 92334.99064511863
1.91721659071065 92341.23480267404
1.91688584201852 92347.0173946944
1.916580666333535 92352.35808088807
1.9163 92357.27652096342
1.9161 92360.78357716325
1.915864195949796 92363.64957869366
1.915617820906621 92366.41837987775
1.915360538639739 92369.10160150354
1.915092012918413 92371.71086435906
1.914811907511907 92374.25778923229
1.914519886189487 92376.75399691124
1.914215612720413 92379.21110818395
1.913898750873951 92381.6407438384
1.913568964419365 92384.05452466263
1.913225917125917 92386.46407144461
1.912869272762873 92388.88100497238
1.912498695099495 92391.31694603396
1.912113847905048 92393.78351541732
1.911714394948795 92396.2923339105
1.9113 92398.85502230152
1.910821607866402 92400.75127062203
1.910249939023384 92401.3691834332
1.909614320741679 92400.88300331721
1.908944080292019 92399.46697285626
1.908268544945134 92397.29533463254
1.907617041971759 92394.54233122824
1.907018898642623 92391.38220522556
1.906503442228459 92387.98919920667
1.9061 92384.53755575379
1.90577300818716 92381.20996574021
1.905466362996439 92378.04405066255
1.905178581663439 92374.99644903796
1.904908181423763 92372.02379938361
1.904653679513015 92369.08274021663
1.904413593166798 92366.12991005421
1.904186439620715 92363.12194741349
1.903970736110369 92360.01549081162
1.903764999871365 92356.76717876577
1.903567748139305 92353.33364979312
1.903377498149792 92349.67154241078
1.903192767138431 92345.73749513594
1.903012072340823 92341.48814648575
1.902833930992573 92336.88013497734
1.902656860329283 92331.87009912792
1.902479377586558 92326.41467745461
1.9023 92320.47050847458
1.902117113763451 92314.05437474579
1.901930454753602 92307.21935669483
1.90174056473033 92299.97653964172
1.90154798545351 92292.33700890654
1.90135325868302 92284.31184980932
1.901156926178737 92275.91214767011
1.900959529700537 92267.14898780896
1.900761611008296 92258.03345554593
1.900563711861892 92248.57663620103
1.900366374021201 92238.78961509436
1.900170139246101 92228.68347754593
1.899975549296466 92218.26930887581
1.899783145932175 92207.55819440403
1.899593470913103 92196.56121945067
1.899407065999129 92185.28946933574
1.899224472950128 92173.75402937931
1.899046233525976 92161.96598490143
1.898872889486551 92149.93642122214
1.898704982591729 92137.67642366148
1.898543054601388 92125.19707753953
1.898387647275402 92112.50946817631
1.898239302373651 92099.62468089187
1.898098561656009 92086.55380100627
1.897965966882354 92073.30791383956
1.897842059812562 92059.89810471177
1.897727382206511 92046.33545894297
1.897622475824076 92032.63106185319
1.897527882425134 92018.79599876249
1.897444143769563 92004.84135499093
1.897371801617238 91990.77821585853
1.897311397728037 91976.61766668536
1.897263473861836 91962.37079279145
1.897228571778511 91948.04867949686
1.897207233237941 91933.66241212166
1.8972 91919.22307598585
1.897209217885099 91904.33953085088
1.897236192296123 91888.66790569641
1.897279904366657 91872.29018966995
1.897339335230292 91855.28837191897
1.897413466020613 91837.74444159096
1.89750127787121 91819.74038783342
1.897601751915669 91801.35819979382
1.897713869287579 91782.67986661964
1.897836611120528 91763.78737745837
1.897968958548102 91744.76272145752
1.898109892703891 91725.68788776455
1.898258394721481 91706.64486552695
1.898413445734461 91687.71564389221
1.898574026876418 91668.98221200783
1.898739119280941 91650.52655902127
1.898907704081616 91632.43067408002
1.899078762412032 91614.77654633157
1.899251275405777 91597.64616492343
1.899424224196437 91581.12151900303
1.899596589917603 91565.28459771792
1.899767353702859 91550.21739021555
1.899935496685796 91536.0018856434
1.9001 91522.72007314897
1.900262143651123 91510.14626387831
1.900424256217856 91497.97889005004
1.900586891693345 91486.18612242061
1.900750604070738 91474.73613174641
1.900915947343182 91463.59708878382
1.901083475503822 91452.7371642893
1.901253742545806 91442.12452901923
1.901427302462281 91431.72735373002
1.901604709246394 91421.51380917808
1.90178651689129 91411.45206611983
1.901973279390118 91401.51029531166
1.902165550736024 91391.65666750999
1.902363884922154 91381.85935347123
1.902568835941656 91372.08652395177
1.902780957787676 91362.30634970806
1.903000804453361 91352.48700149645
1.903228929931859 91342.59665007341
1.903465888216314 91332.6034661953
1.903712233299876 91322.47562061856
1.903968519175689 91312.18128409958
1.904235299836902 91301.68862739477
1.904513129276661 91290.96582126056
1.904802561488112 91279.98103645333
1.905104150464403 91268.70244372952
1.90541845019868 91257.0982138455
1.905746014684091 91245.13651755771
1.906087397913781 91232.78552562253
1.906443153880898 91220.0134087964
1.906813836578589 91206.78833783571
1.9072 91193.07848349688
1.907711782764759 91176.49083115562
1.908403364694802 91156.1638132212
1.909191361586739 91134.36277100031
1.909992389237178 91113.35304579967
1.910723063442729 91095.399978926
1.9113 91082.768911686
1.911759714077242 91073.80958770587
1.912195065555691 91065.35798948181
1.912607187301437 91057.40881662551
1.91299721218057 91049.95676874863
1.91336627305918 91042.99654546287
1.913715502803356 91036.52284637991
1.914046034279189 91030.53037111144
1.914359000352768 91025.01381926914
1.914655533890183 91019.96789046469
1.914936767757524 91015.38728430976
1.915203834820881 91011.26670041606
1.915457867946343 91007.60083839527
1.9157 91004.38439785904
1.915886546549907 91002.04601676419
1.9161 90999.39497769848
1.916464068489228 90995.29871775066
1.91697173603144 90990.27240434747
1.917617314558897 90984.3532995542
1.918395116003857 90977.57866543617
1.91929945229858 90969.98576405863
1.920324635375326 90961.61185748686
1.921464977166355 90952.49420778618
1.922714789603927 90942.67007702184
1.9240683846203 90932.17672725917
1.925520074147736 90921.05142056341
1.927064170118493 90909.33141899986
1.928694984464831 90897.05398463382
1.93040682911901 90884.25637953058
1.932194016013291 90870.97586575539
1.934050857079931 90857.24970537357
1.935971664251191 90843.11516045041
1.937950749459332 90828.60949305116
1.939982424636612 90813.76996524114
1.942061001715292 90798.63383908563
1.94418079262763 90783.2383766499
1.946336109305887 90767.62083999923
1.948521263682322 90751.81849119895
1.950730567689196 90735.86859231431
1.952958333258767 90719.80840541059
1.955198872323296 90703.6751925531
1.957446496815043 90687.50621580712
1.959695518666266 90671.33873723792
1.961940249809226 90655.21001891082
1.964175002176182 90639.15732289106
1.966394087699395 90623.21791124396
1.968591818311123 90607.4290460348
1.970762505943627 90591.82798932886
1.972900462529166 90576.45200319141
1.975 90561.33834968778
1.977193702523292 90545.64673001588
1.979599758004526 90528.62941858108
1.982190883983444 90510.46253725974
1.984939797999789 90491.32220792823
1.987819217593302 90471.38455246289
1.990801860303726 90450.82569274011
1.993860443670803 90429.82175063626
1.996967685234276 90408.54884802767
2.000096302533886 90387.18310679075
2.003219013109375 90365.90064880185
2.006308534500485 90344.87759593732
2.00933758424696 90324.29007007355
2.012278879888541 90304.31419308689
2.01510513896497 90285.12608685371
2.017789079015989 90266.90187325038
2.020303417581342 90249.81767415325
2.022620872200769 90234.04961143869
2.024714160414012 90219.7738069831
2.026555999760815 90207.16638266281
2.028119107780919 90196.40346035418
2.029376202014067 90187.6611619336
2.0303 90181.11560927743
2.031041947994966 90175.24850108488
2.031760336262354 90168.76593151178
2.032438148352616 90162.18061561938
2.033058367816209 90156.00526846891
2.033603978203584 90150.7526051217
2.034057963065197 90146.93534063896
2.034403305951502 90145.06619008194
2.034622990412951 90145.65786851195
2.0347 90149.22309099018
2.0347 90161.23385459412
2.0347 90173.24461819803
*END
