*KEYWORD
*DEFINE_CURVE_TITLE
SYNTHETIC screenshot reconstruction absolute pressure
$ LCID SIDR SFA SFO OFFA OFFO DATTYP
26 0 1.0 1.0 0.0 0.0 0
$ Not a CFD solver result; screenshot anchors plus interpolated rows.
$ X in metres; ordinate in metres or absolute pressure in Pa.
$ ABSCISSA ORDINATE
1.4791 106142.5156545495
1.479851735675113 105905.4104694379
1.480724157317516 105669.4116265873
1.481711671244822 105434.5517616684
1.482808683774642 105200.8635103517
1.48400960122459 104968.379508308
1.485308829912277 104737.1323912077
1.486700776155315 104507.1547947217
1.488179846271316 104278.4793545204
1.489740446577894 104051.1387062746
1.491376983392658 103825.1654856548
1.493083863033223 103600.5923283317
1.4948554918172 103377.4518699759
1.496686276062202 103155.776746258
1.498570622085839 102935.5995928487
1.500502936205726 102716.9530454186
1.502477624739473 102499.8697396383
1.504489094004693 102284.3823111785
1.506531750318998 102070.5233957098
1.5086 101858.3256289028
1.51071234126088 101649.5385816679
1.512911411375217 101444.9454344463
1.515227825251226 101243.129237204
1.517692197797119 101042.6730399074
1.52033514392111 100842.1598925228
1.523187278531413 100640.1728450165
1.52627921653624 100435.2949473548
1.529641572843804 100226.1092495039
1.53330496236232 100011.1988014302
1.5373 99789.14665309992
1.542224457603239 99540.38140155598
1.548474587033738 99254.35434970265
1.555778723222672 98943.1826062982
1.563865201101215 98618.98328010095
1.57246235560054 98293.87347986916
1.581298521651822 97979.97031436113
1.590102034186235 97689.39089233514
1.598601228134953 97434.2523225495
1.60652443842915 97226.67171376248
1.6136 97078.76617473239
1.619711731351954 96971.62010081402
1.625241775432379 96875.74931358619
1.630665953836827 96787.41806114314
1.63646008816085 96702.89059157913
1.6431 96618.4311529884
1.651076798471014 96547.98969922634
1.660411382713937 96506.03117847296
1.670874259359286 96489.59233030946
1.682235935037575 96495.70989431707
1.694266916379319 96521.420610077
1.706737710015032 96563.76121717048
1.719418822575228 96619.76845517872
1.732080760690424 96686.47906368296
1.744494030991133 96760.92978226439
1.756429140107871 96840.15735050423
1.767656594671152 96921.19850798372
1.77794690131149 97001.08999428405
1.787070566659402 97076.86854898646
1.7947980973454 97145.57091167217
1.8009 97204.23382192239
1.8060604877428 97257.41360115011
1.811114687291474 97311.53570921341
1.816059475673645 97366.44059336119
1.820891729916942 97421.96870084231
1.825608327048989 97477.96047890568
1.830206144097412 97534.25637480018
1.834682058089838 97590.69683577468
1.839032946053892 97647.12230907808
1.843255685017201 97703.37324195924
1.847347152007389 97759.29008166707
1.851304224052085 97814.71327545044
1.855123778178912 97869.48327055824
1.858802691415497 97923.44051423935
1.862337840789467 97976.42545374265
1.865726103328447 98028.27853631703
1.868964356060062 98078.84020921137
1.87204947601194 98127.95091967455
1.874978340211706 98175.45111495547
1.877747825686985 98221.18124230299
1.880354809465405 98264.98174896602
1.88279616857459 98306.69308219342
1.885068780042167 98346.15568923409
1.887169520895762 98383.2100173369
1.889095268163 98417.69651375074
1.890842898871508 98449.4556257245
1.892409290048911 98478.32780050706
1.893791318722836 98504.1534853473
1.894985861920909 98526.7731274941
1.895989796670755 98546.02717419635
1.8968 98561.75607270295
1.897504777027824 98573.55551658261
1.898189300872436 98581.75048051345
1.898845750560009 98587.27533340835
1.899466305116718 98591.06444418024
1.900043143568734 98594.05218174199
1.90056844494223 98597.17291500654
1.901034388263381 98601.36101288674
1.901433152558359 98607.55084429555
1.901756916853336 98616.67677814583
1.901997860174487 98629.67318335049
1.902148161547984 98647.47442882245
1.9022 98671.01488347458
1.9022 98727.24563870535
1.9022 98822.69094023455
1.9022 98927.64488845698
1.9022 99012.40158376755
1.9022 99047.25512656111
1.902063682752588 99047.05209443803
1.901674558973611 99046.47253001398
1.90106237060796 99045.5607312067
1.900256859600525 99044.36099593398
1.899287767896195 99042.91762211357
1.89818483743986 99041.27490766322
1.896977810176411 99039.47715050071
1.895696428050736 99037.56864854379
1.894370433007727 99035.59369971023
1.893029566992273 99033.59660191779
1.891703571949264 99031.62165308422
1.890422189823589 99029.7131511273
1.88921516256014 99027.91539396479
1.888112232103805 99026.27267951446
1.887143140399475 99024.82930569403
1.88633762939204 99023.62957042131
1.885725441026389 99022.71777161403
1.885336317247412 99022.13820718999
1.8852 99021.9351750669
1.8852 99062.28461388855
1.8852 99179.24691123232
1.8852 99366.69303841643
1.8852 99618.49396675911
1.8852 99928.52066757862
1.8852 100290.6441121932
1.8852 100698.735271921
1.8852 101146.6651180803
1.8852 101628.3046219893
1.8852 102137.5247549663
1.8852 102668.1964883295
1.8852 103214.1907933971
1.8852 103769.3786414874
1.8852 104327.6310039185
1.8852 104882.8188520088
1.8852 105428.8131570764
1.8852 105959.4848904396
1.8852 106468.7050234166
1.8852 106950.3445273256
1.8852 107398.2743734849
1.8852 107806.3655332127
1.8852 108168.4889778273
1.8852 108478.5156786468
1.8852 108730.3166069895
1.8852 108917.7627341736
1.8852 109034.7250315173
1.8852 109075.074470339
1.885336317247412 109071.6370576743
1.885725441026389 109061.8248069768
1.88633762939204 109046.3876991916
1.887143140399475 109026.0757152637
1.888112232103805 109001.6388361381
1.88921516256014 108973.8270427599
1.890422189823589 108943.3903160741
1.891703571949264 108911.0786370257
1.893029566992273 108877.6419865598
1.894370433007727 108843.8303456213
1.895696428050736 108810.3936951554
1.89697781017641 108778.082016107
1.89818483743986 108747.6452894212
1.899287767896195 108719.833496043
1.900256859600525 108695.3966169174
1.90106237060796 108675.0846329895
1.901674558973611 108659.6475252043
1.902063682752588 108649.8352745068
1.9022 108646.3978618421
1.9022 108721.6459104594
1.9022 108796.8939590767
1.9022 108872.142007694
1.9022 108947.3900563113
1.9022 109022.6381049286
1.9019 109035.9793805754
1.901473764201487 109054.8608072434
1.901008443436166 109075.4808672278
1.900502608569841 109097.8903655332
1.899954830468316 109122.1401071645
1.899363679997394 109148.2808971263
1.89872772802288 109176.3635404234
1.898045545410577 109206.4388420605
1.897315703026289 109238.5576070424
1.896536771735819 109272.7706403739
1.895707322404973 109309.1287470596
1.894825925899552 109347.6827321043
1.893891153085361 109388.4834005128
1.892901574828205 109431.5815572898
1.891855761993886 109477.02800744
1.890752285448208 109524.8735559681
1.889589716056975 109575.169007879
1.888366624685991 109627.9651681774
1.887081582201061 109683.312841868
1.885733159467986 109741.2628339555
1.884319927352572 109801.8659494447
1.882840456720623 109865.1729933403
1.881293318437941 109931.2347706471
1.87967708337033 110000.1020863698
1.877990322383595 110071.8257455132
1.876231606343539 110146.456553082
1.874399506115967 110224.0453140809
1.872492592566681 110304.6428335147
1.870509436561485 110388.2999163881
1.868448608966184 110475.0673677059
1.866308680646582 110564.9959924728
1.864088222468481 110658.1365956936
1.861785805297686 110754.5399823729
1.8594 110854.2569575156
1.856310890119993 110981.8135600955
1.852026077680947 111156.1617572998
1.846735411266738 111368.9912464535
1.840628739461238 111611.9917248816
1.833895910848323 111876.8528899091
1.826726774011868 112155.2644388608
1.819311177535746 112438.9160690617
1.811838970003832 112719.4974778369
1.8045 112988.6983625111
1.796983102179752 113258.9335646977
1.788917853248729 113544.4954587357
1.780405214866018 113839.8900410396
1.771546148690704 114139.6233080237
1.762441616381872 114438.2012561022
1.753192579598609 114730.1298816895
1.7439 115009.9151811998
1.734381113316402 115288.4085565608
1.72449617649311 115571.6491074842
1.714410683011617 115846.9243770609
1.704290126353417 116101.5219083813
1.6943 116322.7292445361
1.684454536143907 116523.1070766433
1.674643304480354 116718.5012800646
1.664844804744847 116901.1271742566
1.655037536672894 117063.2000786758
1.6452 117196.9353127788
1.635255526638766 117298.9974987015
1.62521838519013 117374.37653205
1.615203480422112 117427.7756424862
1.605325717102729 117463.8980596721
1.5957 117487.4470132694
1.585985082163669 117463.3207370588
1.576096917377082 117370.1041679338
1.566536211508661 117233.030590226
1.557803670426827 117077.3332882666
1.5504 116928.2455463872
1.54442447289398 116783.067499006
1.5395 116632.6562973907
1.535374266078023 116489.5288652155
1.531751600927163 116350.569356666
1.528353135312721 116207.8974271152
1.5249 116053.6327319358
1.521196349991472 115879.095664935
1.517430359884018 115689.5646427319
1.513899189834556 115498.0963549166
1.5109 115317.7474910794
1.508439481056489 115154.2416907691
1.506263418779224 115000.4701897952
1.504277615973714 114850.2410721389
1.502387875445469 114697.3624217811
1.5005 114535.6423227029
1.498551553226227 114357.4457257717
1.496600670041376 114166.7285154125
1.494734010243411 113974.6851759431
1.493038233630298 113792.5101916812
1.4916 113631.3980469447
1.49041576012183 113494.9624427625
1.489383971012971 113373.6237985746
1.488444301843197 113258.786676315
1.487536421782282 113141.8556379177
1.4866 113014.2352453167
1.485657573693783 112874.9716051286
1.4847 112720.9847870205
1.483690195420343 112549.7290425693
1.482636678192802 112359.8637518641
1.4815 112141.4121141838
1.4802 111861.1097435326
1.4791 111589.7218939563
1.4782 111329.1046839875
1.4774 111080.7705316124
1.4767 110845.2712558542
1.4762 110621.4205136039
1.4757 110411.7916525424
1.4754 110213.9367384032
1.4751 110030.1030439897
1.4748 109859.9394117417
1.4746 109702.0839197703
1.4745 109555.4580127119
1.4744 109421.2229509924
1.4743 109298.5259233943
1.4743 109173.5840634701
1.4742 109049.5275544603
1.4742 108924.3749998921
1.4742 108799.2149207348
1.4743 108672.7932503122
1.4743 108547.8513903881
1.4744 108422.7565938894
1.4745 108286.1739286352
1.4746 108137.1000873104
1.4748 107974.4992229037
1.475 107798.4289577944
1.4754 107606.3410269848
1.4757 107401.4683849242
1.4762 107180.0262581401
1.4767 106944.2870021186
1.4774 106692.0785921053
1.4782 106424.537205843
1.4791 106142.5156545495
2.0347 90834.19703874888
2.0347 90834.19703874888
2.0347 90917.52171125112
2.0347 91005.39867061764
2.0347 91084.17105625558
2.034635632747493 91147.183095524
2.03444496925611 91206.32541572209
2.034131666925053 91262.10389557427
2.033699383153529 91315.02441380487
2.033151775340742 91365.59284913828
2.032492500885897 91414.31508029888
2.031725217188197 91461.69698601104
2.030853581646848 91508.24444499915
2.029881251661056 91554.46333598757
2.028811884630023 91600.85953770069
2.027649137952956 91647.93892886286
2.026396669029058 91696.2073881985
2.025058135257534 91746.17079443194
2.023637194037589 91798.33502628759
2.022137502768426 91853.20596248982
2.020562718849253 91911.28948176299
2.018916499679273 91973.09146283148
2.017202502657689 92039.11778441969
2.015424385183709 92109.87432525196
2.013585804656535 92185.86696405271
2.011690418475372 92267.60157954629
2.009741884039426 92355.58405045705
2.0077438587479 92450.32025550942
2.0057 92552.31607342773
2.003103877714197 92687.67117653378
1.999598236677489 92873.48207626017
1.995410496591872 93096.74990999763
1.990768077159341 93344.47581513679
1.985898398081893 93603.66092906838
1.981028879061524 93861.30638918307
1.976386939800227 94104.41333287155
1.9722 94319.98289752453
1.968160196731171 94524.23406423417
1.963901278945489 94737.57434566449
1.959563084167073 94953.28767656388
1.955285449920046 95164.65799168074
1.95120821372853 95364.96922576352
1.947471213116645 95547.50531356058
1.944214285608514 95705.55018982035
1.941577268728259 95832.38778929126
1.9397 95921.30204672167
1.938276718263103 95987.68436103761
1.936907728237056 96051.44059476501
1.935591966266167 96112.62637805229
1.934328368694742 96171.29734104783
1.933115871867089 96227.50911390006
1.931953412127515 96281.31732675737
1.930839925820327 96332.77760976818
1.929774349289832 96381.94559308086
1.928755618880337 96428.87690684384
1.92778267093615 96473.62718120551
1.926854441801578 96516.25204631426
1.925969867820927 96556.80713231851
1.925127885338506 96595.34806936666
1.92432743069862 96631.9304876071
1.923567440245578 96666.61001718826
1.922846850323686 96699.44228825849
1.922164597277252 96730.48293096626
1.921519617450582 96759.78757545992
1.920910847187985 96787.41185188788
1.920337222833766 96813.41139039857
1.919797680732234 96837.84182114036
1.919291157227694 96860.75877426167
1.918816588664456 96882.2178799109
1.918372911386825 96902.27476823644
1.917959061739109 96920.98506938672
1.917573976065614 96938.4044135101
1.91721659071065 96954.58843075501
1.91688584201852 96969.59275126987
1.916580666333535 96983.47300520304
1.9163 96996.28482270295
1.9161 97005.42983329616
1.915864195949796 97007.40907027373
1.915617820906621 97007.91136707024
1.915360538639739 97006.99181426143
1.915092012918413 97004.70550242305
1.914811907511907 97001.10752213083
1.914519886189487 96996.25296396049
1.914215612720413 96990.19691848781
1.913898750873951 96982.9944762885
1.913568964419365 96974.7007279383
1.913225917125917 96965.37076401294
1.912869272762873 96955.0596750882
1.912498695099495 96943.82255173978
1.912113847905048 96931.71448454344
1.911714394948795 96918.79056407489
1.9113 96905.1058809099
1.910821607866402 96881.93872212862
1.910249939023384 96842.82098713946
1.909614320741679 96791.18818501053
1.908944080292019 96730.47582480994
1.908268544945134 96664.1194156058
1.907617041971759 96595.55446646622
1.907018898642623 96528.21648645932
1.906503442228459 96465.5409846532
1.9061 96410.96347011597
1.90577300818716 96363.05114743317
1.905466362996439 96317.80528141429
1.905178581663439 96274.81247146336
1.904908181423763 96233.65931698443
1.904653679513015 96193.93241738153
1.904413593166798 96155.21837205872
1.904186439620715 96117.10378042002
1.903970736110369 96079.17524186948
1.903764999871365 96041.01935581115
1.903567748139305 96002.22272164906
1.903377498149792 95962.37193878726
1.903192767138431 95921.05360662976
1.903012072340823 95877.85432458065
1.902833930992573 95832.36069204393
1.902656860329283 95784.15930842367
1.902479377586558 95732.83677312387
1.9023 95677.97968554862
1.902117113763451 95619.58194491368
1.901930454753602 95557.99174286281
1.90174056473033 95493.32711744204
1.90154798545351 95425.70610669734
1.90135325868302 95355.24674867473
1.901156926178737 95282.0670814202
1.900959529700537 95206.28514297977
1.900761611008296 95128.01897139943
1.900563711861892 95047.38660472518
1.900366374021201 94964.50608100304
1.900170139246101 94879.49543827897
1.899975549296466 94792.47271459902
1.899783145932175 94703.55594800916
1.899593470913103 94612.86317655542
1.899407065999129 94520.51243828377
1.899224472950128 94426.62177124021
1.899046233525976 94331.30921347078
1.898872889486551 94234.69280302146
1.898704982591729 94136.89057793825
1.898543054601388 94038.02057626714
1.898387647275402 93938.20083605417
1.898239302373651 93837.5493953453
1.898098561656009 93736.18429218655
1.897965966882354 93634.22356462391
1.897842059812562 93531.78525070341
1.897727382206511 93428.98738847103
1.897622475824076 93325.94801597277
1.897527882425134 93222.78517125465
1.897444143769563 93119.61689236265
1.897371801617238 93016.56121734279
1.897311397728037 92913.73618424108
1.897263473861836 92811.25983110347
1.897228571778511 92709.25019597601
1.897207233237941 92607.82531690469
1.8972 92507.10323193553
1.897209217885099 92404.5485143274
1.897236192296123 92297.87467284276
1.897279904366657 92187.57314878287
1.897339335230292 92074.13538344903
1.897413466020613 91958.0528181425
1.89750127787121 91839.81689416457
1.897601751915669 91719.91905281652
1.897713869287579 91598.85073539961
1.897836611120528 91477.10338321514
1.897968958548102 91355.16843756437
1.898109892703891 91233.5373397486
1.898258394721481 91112.70153106909
1.898413445734461 90993.15245282713
1.898574026876418 90875.38154632399
1.898739119280941 90759.88025286095
1.898907704081616 90647.14001373929
1.899078762412032 90537.65227026031
1.899251275405777 90431.90846372525
1.899424224196437 90330.40003543541
1.899596589917603 90233.61842669206
1.899767353702859 90142.05507879649
1.899935496685796 90056.20143304998
1.9001 89976.54893075379
1.900262143651123 89901.62904114016
1.900424256217856 89829.52643729612
1.900586891693345 89760.06236630521
1.900750604070738 89693.05807525091
1.900915947343182 89628.33481121677
1.901083475503822 89565.71382128629
1.901253742545806 89505.01635254298
1.901427302462281 89446.06365207038
1.901604709246394 89388.67696695199
1.90178651689129 89332.67754427133
1.901973279390118 89277.88663111189
1.902165550736024 89224.12547455722
1.902363884922154 89171.21532169083
1.902568835941656 89118.97741959624
1.902780957787676 89067.23301535695
1.903000804453361 89015.80335605648
1.903228929931859 88964.50968877834
1.903465888216314 88913.17326060607
1.903712233299876 88861.61531862317
1.903968519175689 88809.65710991315
1.904235299836902 88757.11988155954
1.904513129276661 88703.82488064586
1.904802561488112 88649.5933542556
1.905104150464403 88594.2465494723
1.90541845019868 88537.60571337945
1.905746014684091 88479.49209306062
1.906087397913781 88419.72693559925
1.906443153880898 88358.13148807891
1.906813836578589 88294.52699758312
1.9072 88228.73471119536
1.907711782764759 88152.51547027407
1.908403364694802 88064.00580459554
1.909191361586739 87972.59049387003
1.909992389237178 87887.65431780787
1.910723063442729 87818.58205611932
1.9113 87774.75848851472
1.911759714077242 87747.50741056698
1.912195065555691 87721.92892637574
1.912607187301437 87698.07227844129
1.91299721218057 87675.98670926395
1.91336627305918 87655.721461344
1.913715502803356 87637.32577718176
1.914046034279189 87620.84889927752
1.914359000352768 87606.34007013161
1.914655533890183 87593.8485322443
1.914936767757524 87583.42352811591
1.915203834820881 87575.11430024673
1.915457867946343 87568.97009113707
1.9157 87565.04014328725
1.915886546549907 87562.981350135
1.9161 87560.79642450936
1.916464068489228 87560.02087029499
1.91697173603144 87563.69596603839
1.917617314558897 87571.64834531963
1.918395116003857 87583.7046417188
1.91929945229858 87599.691488816
1.920324635375326 87619.43552019127
1.921464977166355 87642.76336942473
1.922714789603927 87669.50167009645
1.9240683846203 87699.47705578651
1.925520074147736 87732.51616007499
1.927064170118493 87768.44561654197
1.928694984464831 87807.09205876752
1.93040682911901 87848.28212033176
1.932194016013291 87891.84243481472
1.934050857079931 87937.59963579652
1.935971664251191 87985.38035685723
1.937950749459332 88035.01123157692
1.939982424636612 88086.31889353569
1.942061001715292 88139.1299763136
1.94418079262763 88193.27111349076
1.946336109305887 88248.56893864722
1.948521263682322 88304.85008536308
1.950730567689196 88361.94118721844
1.952958333258767 88419.66887779333
1.955198872323296 88477.85979066786
1.957446496815043 88536.34055942213
1.959695518666266 88594.93781763619
1.961940249809226 88653.47819889014
1.964175002176182 88711.78833676406
1.966394087699395 88769.69486483802
1.968591818311123 88827.0244166921
1.970762505943627 88883.6036259064
1.972900462529166 88939.25912606099
1.975 88993.81755073596
1.977193702523292 89051.51590702753
1.979599758004526 89116.14037868479
1.982190883983444 89186.84136426699
1.984939797999789 89262.76926233344
1.987819217593302 89343.07447144341
1.990801860303726 89426.90739015618
1.993860443670803 89513.41841703103
1.996967685234276 89601.75795062723
2.000096302533886 89691.07638950409
2.003219013109375 89780.52413222087
2.006308534500485 89869.25157733688
2.00933758424696 89956.40912341136
2.012278879888541 90041.14716900361
2.01510513896497 90122.61611267294
2.017789079015989 90199.96635297859
2.020303417581342 90272.34828847986
2.022620872200769 90338.91231773603
2.024714160414012 90398.80883930638
2.026555999760815 90451.18825175019
2.028119107780919 90495.20095362676
2.029376202014067 90529.99734349534
2.0303 90554.72781991525
2.031041947994966 90570.35786984957
2.031760336262354 90579.92936154689
2.032438148352616 90585.70726549476
2.033058367816209 90589.95655218067
2.033603978203584 90594.94219209217
2.034057963065197 90602.92915571677
2.034403305951502 90616.182413542
2.034622990412951 90636.96693605538
2.0347 90667.54769374442
2.0347 90750.87236624665
2.0347 90834.19703874888
*END
