*KEYWORD
*DEFINE_CURVE_TITLE
SYNTHETIC screenshot reconstruction absolute pressure
$ LCID SIDR SFA SFO OFFA OFFO DATTYP
26 0 1.0 1.0 0.0 0.0 0
$ Not a CFD solver result; screenshot anchors plus interpolated rows.
$ X in metres; ordinate in metres or absolute pressure in Pa.
$ ABSCISSA ORDINATE
1.4791 106463.6833648528
1.479851735675113 106210.7711674004
1.480724157317516 105959.0390683598
1.481711671244822 105708.521879113
1.482808683774642 105459.2544110419
1.48400960122459 105211.2714755285
1.485308829912277 104964.6078839549
1.486700776155315 104719.2984477031
1.488179846271316 104475.3779781551
1.489740446577894 104232.8812866929
1.491376983392658 103991.8431846984
1.493083863033223 103752.2984835538
1.4948554918172 103514.2819946409
1.496686276062202 103277.8285293419
1.498570622085839 103042.9728990386
1.500502936205726 102809.7499151132
1.502477624739473 102578.1943889476
1.504489094004693 102348.3411319237
1.506531750318998 102120.2249554238
1.5086 101893.8806708296
1.51071234126088 101671.1744871125
1.512911411375217 101452.9417967427
1.515227825251226 101237.6711863509
1.517692197797119 101023.8512425679
1.52033514392111 100809.9705520243
1.523187278531413 100594.517701351
1.52627921653624 100375.9812771784
1.529641572843804 100152.8498661375
1.53330496236232 99923.61205485887
1.5373 99686.75642997323
1.542224457603239 99421.40682832638
1.548474587033738 99116.3113063495
1.555778723222672 98784.39478005141
1.563865201101215 98438.58216544101
1.57246235560054 98091.79837852709
1.581298521651822 97756.96833531852
1.590102034186235 97447.01695182415
1.598601228134953 97174.86914405279
1.60652443842915 96953.44982801331
1.6136 96795.68391971455
1.619711731351954 96681.39477420162
1.625241775432379 96579.13260115861
1.630665953836827 96484.91259855268
1.63646008816085 96394.74996435107
1.6431 96304.65989652097
1.651076798471014 96229.52234584144
1.660411382713937 96184.76659037115
1.670874259359286 96167.23181899675
1.682235935037575 96173.75722060486
1.694266916379319 96201.18198408214
1.706737710015032 96246.34529831518
1.719418822575228 96306.08635219064
1.732080760690424 96377.24433459515
1.744494030991133 96456.65843441534
1.756429140107871 96541.16784053785
1.767656594671152 96627.61174184929
1.77794690131149 96712.82932723632
1.787070566659402 96793.65978558557
1.7947980973454 96866.94230578365
1.8009 96929.51607671722
1.8060604877428 96986.24117456011
1.811114687291474 97043.97142316097
1.816059475673645 97102.53663291859
1.820891729916942 97161.7666142318
1.825608327048989 97221.4911774994
1.830206144097412 97281.54013312019
1.834682058089838 97341.743291493
1.839032946053892 97401.93046301662
1.843255685017201 97461.93145808986
1.847347152007389 97521.57608711155
1.851304224052085 97580.69416048047
1.855123778178912 97639.11548859546
1.858802691415497 97696.66988185531
1.862337840789467 97753.18715065884
1.865726103328447 97808.49710540484
1.868964356060062 97862.42955649213
1.87204947601194 97914.81431431952
1.874978340211706 97965.48118928584
1.877747825686985 98014.25999178986
1.880354809465405 98060.98053223042
1.88279616857459 98105.47262100631
1.885068780042167 98147.56606851636
1.887169520895762 98187.09068515936
1.889095268163 98223.87628133413
1.890842898871508 98257.75266743946
1.892409290048911 98288.5496538742
1.893791318722836 98316.09705103711
1.894985861920909 98340.22466932704
1.895989796670755 98360.76231914278
1.8968 98377.53981088314
1.897504777027824 98390.12588435478
1.898189300872436 98398.86717921434
1.898845750560009 98404.76035563558
1.899466305116718 98408.80207379226
1.900043143568734 98411.98899385813
1.90056844494223 98415.31777600697
1.901034388263381 98419.78508041253
1.901433152558359 98426.38756724857
1.901756916853336 98436.12189668888
1.901997860174487 98449.98472890719
1.902148161547984 98468.97272407726
1.9022 98494.08254237288
1.9022 98554.06201461905
1.9022 98655.87033625017
1.9022 98767.82121435412
1.9022 98858.22835601872
1.9022 98895.40546833185
1.902063682752588 98895.18890073391
1.901674558973611 98894.57069868158
1.90106237060796 98893.59811328715
1.900256859600525 98892.31839566291
1.899287767896195 98890.77879692113
1.89818483743986 98889.0265681741
1.896977810176411 98887.10896053408
1.895696428050736 98885.07322511337
1.894370433007727 98882.96661302424
1.893029566992273 98880.83637537897
1.891703571949264 98878.72976328984
1.890422189823589 98876.69402786913
1.88921516256014 98874.77642022911
1.888112232103805 98873.02419148208
1.887143140399475 98871.48459274031
1.88633762939204 98870.20487511606
1.885725441026389 98869.23228972164
1.885336317247412 98868.61408766931
1.8852 98868.39752007136
1.8852 98911.43692148112
1.8852 99036.19670531448
1.8852 99236.13924097753
1.8852 99504.72689787639
1.8852 99835.42204541719
1.8852 100221.687053006
1.8852 100656.984290049
1.8852 101134.7761259523
1.8852 101648.5249301219
1.8852 102191.6930719641
1.8852 102757.7429208848
1.8852 103340.1368462902
1.8852 103932.3372175865
1.8852 104527.8064041797
1.8852 105120.006775476
1.8852 105702.4007008815
1.8852 106268.4505498022
1.8852 106811.6186916444
1.8852 107325.367495814
1.8852 107803.1593317173
1.8852 108238.4565687603
1.8852 108624.7215763491
1.8852 108955.4167238899
1.8852 109224.0043807888
1.8852 109423.9469164518
1.8852 109548.7067002852
1.8852 109591.7461016949
1.885336317247412 109588.0795281859
1.885725441026389 109577.6131274419
1.88633762939204 109561.1468791377
1.887143140399475 109539.4807629479
1.888112232103805 109513.4147585473
1.88921516256014 109483.7488456106
1.890422189823589 109451.2830038124
1.891703571949264 109416.8172128274
1.893029566992273 109381.1514523304
1.894370433007727 109345.0857019961
1.895696428050736 109309.4199414991
1.89697781017641 109274.9541505141
1.89818483743986 109242.4883087159
1.899287767896195 109212.8223957792
1.900256859600525 109186.7563913786
1.90106237060796 109165.0902751888
1.901674558973611 109148.6240268846
1.902063682752588 109138.1576261406
1.9022 109134.4910526316
1.9022 109214.7556378234
1.9022 109295.0202230152
1.9022 109375.284808207
1.9022 109455.5493933987
1.9022 109535.8139785906
1.9019 109550.0446726137
1.901473764201487 109570.1848610596
1.901008443436166 109592.1795917096
1.900502608569841 109616.0830565688
1.899954830468316 109641.9494476421
1.899363679997394 109669.8329569347
1.89872772802288 109699.7877764516
1.898045545410577 109731.8680981979
1.897315703026289 109766.1281141786
1.896536771735819 109802.6220163988
1.895707322404973 109841.4039968636
1.894825925899552 109882.5282475779
1.893891153085361 109926.048960547
1.892901574828205 109972.0203277758
1.891855761993886 110020.4965412693
1.890752285448208 110071.5317930327
1.889589716056975 110125.180275071
1.888366624685991 110181.4961793892
1.887081582201061 110240.5336979925
1.885733159467986 110302.3470228858
1.884319927352572 110366.9903460743
1.882840456720623 110434.517859563
1.881293318437941 110504.9837553569
1.87967708337033 110578.4422254612
1.877990322383595 110654.9474618808
1.876231606343539 110734.5536566208
1.874399506115967 110817.3150016863
1.872492592566681 110903.2856890823
1.870509436561485 110992.519910814
1.868448608966184 111085.0718588863
1.866308680646582 111180.9957253043
1.864088222468481 111280.3457020731
1.861785805297686 111383.1759811978
1.8594 111489.5407546833
1.856310890119993 111625.6011307685
1.852026077680947 111811.5725411198
1.846735411266738 112038.5906628838
1.840628739461238 112297.7911732071
1.833895910848323 112580.3097492363
1.826726774011868 112877.2820681182
1.819311177535746 113179.8438069992
1.811838970003832 113479.130643026
1.8045 113766.2782533452
1.796983102179752 114054.5291356775
1.788917853248729 114359.1284893181
1.780405214866018 114674.2160437756
1.771546148690704 114993.9315285586
1.762441616381872 115312.4146731757
1.753192579598609 115623.8052071355
1.7439 115922.2428599465
1.734381113316402 116219.3024603315
1.72449617649311 116521.4257146499
1.714410683011617 116815.0526688649
1.704290126353417 117086.62336894
1.6943 117322.5778608385
1.684454536143907 117536.3142150862
1.674643304480354 117744.7346987356
1.664844804744847 117939.5356525404
1.655037536672894 118112.4134172542
1.6452 118255.0643336307
1.635255526638766 118363.9306652816
1.62521838519013 118444.33496752
1.615203480422112 118501.294018652
1.605325717102729 118539.8245969836
1.5957 118564.9434808207
1.585985082163669 118539.208786196
1.576096917377082 118439.7777791294
1.566536211508661 118293.5659629077
1.557803670426827 118127.4888408177
1.5504 117968.4619161463
1.54442447289398 117813.6053322731
1.5395 117653.1667172168
1.535374266078023 117500.4974562298
1.531751600927163 117352.2739804438
1.528353135312721 117200.0905889229
1.5249 117035.5415807315
1.521196349991472 116849.368709264
1.517430359884018 116647.2022855807
1.513899189834556 116442.9694452444
1.5109 116250.597323818
1.508439481056489 116076.1911368204
1.506263418779224 115912.1682024483
1.504277615973714 115751.9238102815
1.502387875445469 115588.8532498998
1.5005 115416.3518108831
1.498551553226227 115226.2754408232
1.496600670041376 115022.8437497734
1.494734010243411 114817.997521006
1.493038233630298 114623.6775377933
1.4916 114451.8245834077
1.49041576012183 114306.29327228
1.489383971012971 114176.8653851463
1.488444301843197 114054.372454736
1.487536421782282 113929.6460137788
1.4866 113793.5175950045
1.485657573693783 113644.9697121372
1.4847 113480.7171061552
1.483690195420343 113298.0443120739
1.482636678192802 113095.5213353217
1.4815 112862.5062551294
1.4802 112563.5170597681
1.4791 112274.0366868867
1.4782 111996.0449962533
1.4774 111731.1552337199
1.4767 111479.9560062444
1.4762 111241.1818811775
1.4757 111017.5777627119
1.4754 110806.5325209634
1.4751 110610.4432469224
1.4748 110428.9353725245
1.4746 110260.5561810883
1.4745 110104.1552135593
1.4744 109960.9711477252
1.4743 109830.0943182872
1.4743 109696.8230010348
1.4742 109564.496058091
1.4742 109430.9999998849
1.4742 109297.4959154505
1.4743 109162.6461336664
1.4743 109029.3748164139
1.4744 108895.9403668153
1.4745 108750.2521905442
1.4746 108591.2400931311
1.4748 108417.7991710972
1.475 108229.990888314
1.4754 108025.0970954505
1.4757 107806.5662772525
1.4762 107570.3613420161
1.4767 107318.9061355932
1.4774 107049.8838315789
1.4782 106764.5063528992
1.4791 106463.6833648528
2.0347 90134.81017466547
2.0347 90134.81017466547
2.0347 90223.68982533453
2.0347 90317.42524865882
2.0347 90401.44912667261
2.034635632747493 90468.66196855894
2.03444496925611 90531.74711010358
2.034131666925053 90591.24415527923
2.033699383153529 90647.69270805853
2.033151775340742 90701.63237241415
2.032492500885897 90753.60275231881
2.031725217188197 90804.14345174511
2.030853581646848 90853.79407466576
2.029881251661056 90903.09422505341
2.028811884630023 90952.58350688074
2.027649137952956 91002.80152412038
2.026396669029058 91054.28788074506
2.025058135257534 91107.5821807274
2.023637194037589 91163.2240280401
2.022137502768426 91221.7530266558
2.020562718849253 91283.70878054718
2.018916499679273 91349.63089368692
2.017202502657689 91420.05897004767
2.015424385183709 91495.5326136021
2.013585804656535 91576.59142832289
2.011690418475372 91663.7750181827
2.009741884039426 91757.6229871542
2.0077438587479 91858.67493921005
2.0057 91967.47047832292
2.003103877714197 92111.84925496938
1.999598236677489 92310.04754801086
1.995410496591872 92548.19990399746
1.990768077159341 92812.44086947924
1.985898398081893 93088.90499100627
1.981028879061524 93363.72681512861
1.976386939800227 93623.04088839632
1.9722 93852.98175735951
1.968160196731171 94070.84966851646
1.963901278945489 94298.41263537545
1.959563084167073 94528.50685500147
1.955285449920046 94753.96852445946
1.95120821372853 94967.63384081441
1.947471213116645 95162.33900113129
1.944214285608514 95330.92020247504
1.941577268728259 95466.21364191067
1.9397 95561.05551650313
1.938276718263103 95631.86331844011
1.936907728237056 95699.86996774934
1.935591966266167 95765.13480325576
1.934328368694742 95827.71716378436
1.933115871867089 95887.67638816006
1.931953412127515 95945.07181520786
1.930839925820327 95999.96278375272
1.929774349289832 96052.40863261958
1.928755618880337 96102.46870063343
1.92778267093615 96150.20232661921
1.926854441801578 96195.66884940187
1.925969867820927 96238.92760780641
1.925127885338506 96280.03794065777
1.92432743069862 96319.05918678091
1.923567440245578 96356.05068500081
1.922846850323686 96391.0717741424
1.922164597277252 96424.18179303067
1.921519617450582 96455.44008049057
1.920910847187985 96484.90597534708
1.920337222833766 96512.63881642514
1.919797680732234 96538.69794254973
1.919291157227694 96563.14269254578
1.918816588664456 96586.03240523829
1.918372911386825 96607.42641945221
1.917959061739109 96627.3840740125
1.917573976065614 96645.96470774412
1.91721659071065 96663.22765947202
1.91688584201852 96679.23226802119
1.916580666333535 96694.03787221658
1.9163 96707.70381088313
1.9161 96717.45848884924
1.915864195949796 96719.56967495865
1.915617820906621 96720.10545820826
1.915360538639739 96719.12460187887
1.915092012918413 96716.68586925125
1.914811907511907 96712.84802360622
1.914519886189487 96707.66982822452
1.914215612720413 96701.21004638699
1.913898750873951 96693.52744137439
1.913568964419365 96684.68077646752
1.913225917125917 96674.72881494714
1.912869272762873 96663.73032009408
1.912498695099495 96651.7440551891
1.912113847905048 96638.82878351299
1.911714394948795 96625.04326834655
1.9113 96610.44627297056
1.910821607866402 96585.7346369372
1.910249939023384 96544.00905294876
1.909614320741679 96488.93406401124
1.908944080292019 96424.17421313059
1.908268544945134 96353.39404331286
1.907617041971759 96280.25809756397
1.907018898642623 96208.43091888994
1.906503442228459 96141.57705029675
1.9061 96083.36103479036
1.90577300818716 96032.25455726204
1.905466362996439 95983.99230017523
1.905178581663439 95938.13330289425
1.904908181423763 95894.23660478338
1.904653679513015 95851.86124520696
1.904413593166798 95810.5662635293
1.904186439620715 95769.91069911468
1.903970736110369 95729.45359132746
1.903764999871365 95688.7539795319
1.903567748139305 95647.37090309233
1.903377498149792 95604.86340137308
1.903192767138431 95560.79051373842
1.903012072340823 95514.71127955269
1.902833930992573 95466.18473818019
1.902656860329283 95414.76992898523
1.902479377586558 95360.02589133213
1.9023 95301.5116645852
1.902117113763451 95239.22074124125
1.901930454753602 95173.52452572034
1.90174056473033 95104.54892527151
1.90154798545351 95032.41984714383
1.90135325868302 94957.26319858638
1.901156926178737 94879.20488684822
1.900959529700537 94798.37081917842
1.900761611008296 94714.88690282607
1.900563711861892 94628.8790450402
1.900366374021201 94540.47315306991
1.900170139246101 94449.79513416425
1.899975549296466 94356.97089557229
1.899783145932175 94262.12634454311
1.899593470913103 94165.38738832578
1.899407065999129 94066.87993416935
1.899224472950128 93966.7298893229
1.899046233525976 93865.0631610355
1.898872889486551 93762.00565655623
1.898704982591729 93657.68328313413
1.898543054601388 93552.22194801828
1.898387647275402 93445.74755845778
1.898239302373651 93338.38602170165
1.898098561656009 93230.26324499898
1.897965966882354 93121.50513559885
1.897842059812562 93012.2376007503
1.897727382206511 92902.58654770243
1.897622475824076 92792.67788370429
1.897527882425134 92682.63751600496
1.897444143769563 92572.59135185349
1.897371801617238 92462.66529849898
1.897311397728037 92352.98526319047
1.897263473861836 92243.67715317704
1.897228571778511 92134.86687570775
1.897207233237941 92026.68033803169
1.8972 91919.24344739789
1.897209217885099 91809.8517486159
1.897236192296123 91696.06631769895
1.897279904366657 91578.41135870173
1.897339335230292 91457.41107567897
1.897413466020613 91333.58967268534
1.89750127787121 91207.47135377555
1.897601751915669 91079.58032300428
1.897713869287579 90950.44078442626
1.897836611120528 90820.57694209614
1.897968958548102 90690.51300006866
1.898109892703891 90560.7731623985
1.898258394721481 90431.88163314037
1.898413445734461 90304.36261634894
1.898574026876418 90178.74031607893
1.898739119280941 90055.53893638501
1.898907704081616 89935.28268132191
1.899078762412032 89818.49575494432
1.899251275405777 89705.70236130693
1.899424224196437 89597.42670446444
1.899596589917603 89494.19298847154
1.899767353702859 89396.52541738293
1.899935496685796 89304.94819525331
1.9001 89219.98552613737
1.900262143651123 89140.07097721616
1.900424256217856 89063.16153311587
1.900586891693345 88989.06652405889
1.900750604070738 88917.59528026765
1.900915947343182 88848.55713196455
1.901083475503822 88781.76140937205
1.901253742545806 88717.01744271252
1.901427302462281 88654.1345622084
1.901604709246394 88592.92209808211
1.90178651689129 88533.18938055608
1.901973279390118 88474.74573985269
1.902165550736024 88417.40050619438
1.902363884922154 88360.96300980356
1.902568835941656 88305.24258090265
1.902780957787676 88250.04854971408
1.903000804453361 88195.19024646025
1.903228929931859 88140.47700136357
1.903465888216314 88085.71814464648
1.903712233299876 88030.72300653138
1.903968519175689 87975.3009172407
1.904235299836902 87919.26120699685
1.904513129276661 87862.41320602225
1.904802561488112 87804.56624453931
1.905104150464403 87745.52965277045
1.90541845019868 87685.11276093809
1.905746014684091 87623.12489926466
1.906087397913781 87559.37539797253
1.906443153880898 87493.67358728418
1.906813836578589 87425.82879742199
1.9072 87355.65035860839
1.907711782764759 87274.34983495901
1.908403364694802 87179.9395249019
1.909191361586739 87082.42986012803
1.909992389237178 86991.83127232839
1.910723063442729 86918.15419319394
1.9113 86871.40905441571
1.911759714077242 86842.34123793812
1.912195065555691 86815.05752146745
1.912607187301437 86789.61043033739
1.91299721218057 86766.05248988155
1.91336627305918 86744.4362254336
1.913715502803356 86724.81416232721
1.914046034279189 86707.23882589603
1.914359000352768 86691.76274147371
1.914655533890183 86678.43843439392
1.914936767757524 86667.31842999029
1.915203834820881 86658.4552535965
1.915457867946343 86651.9014305462
1.9157 86647.70948617306
1.915886546549907 86645.51344014399
1.9161 86643.18285280999
1.916464068489228 86642.35559498132
1.91697173603144 86646.2756971076
1.917617314558897 86654.7582350076
1.918395116003857 86667.61828450006
1.91929945229858 86684.67092140373
1.920324635375326 86705.73122153737
1.921464977166355 86730.61426071971
1.922714789603927 86759.13511476955
1.9240683846203 86791.10885950562
1.925520074147736 86826.35057074665
1.927064170118493 86864.67532431144
1.928694984464831 86905.89819601869
1.93040682911901 86949.83426168721
1.932194016013291 86996.2985971357
1.934050857079931 87045.10627818295
1.935971664251191 87096.0723806477
1.937950749459332 87149.01198034872
1.939982424636612 87203.74015310474
1.942061001715292 87260.07197473451
1.94418079262763 87317.82252105681
1.946336109305887 87376.80686789038
1.948521263682322 87436.84009105396
1.950730567689196 87497.73726636633
1.952958333258767 87559.31346964622
1.955198872323296 87621.38377671239
1.957446496815043 87683.7632633836
1.959695518666266 87746.26700547861
1.961940249809226 87808.71007881615
1.964175002176182 87870.90755921499
1.966394087699395 87932.67452249388
1.968591818311123 87993.82604447159
1.970762505943627 88054.17720096682
1.972900462529166 88113.54306779838
1.975 88171.73872078501
1.977193702523292 88233.2836341627
1.979599758004526 88302.21640393043
1.982190883983444 88377.63078855147
1.984939797999789 88458.62054648901
1.987819217593302 88544.2794362063
1.990801860303726 88633.70121616659
1.993860443670803 88725.97964483309
1.996967685234276 88820.20848066905
2.000096302533886 88915.48148213769
2.003219013109375 89010.89240770227
2.006308534500485 89105.535015826
2.00933758424696 89198.50306497212
2.012278879888541 89288.89031360386
2.01510513896497 89375.79052018447
2.017789079015989 89458.29744317717
2.020303417581342 89535.50484104519
2.022620872200769 89606.50647225176
2.024714160414012 89670.39609526015
2.026555999760815 89726.26746853354
2.028119107780919 89773.21435053521
2.029376202014067 89810.33049972837
2.0303 89836.70967457627
2.031041947994966 89853.38172783954
2.031760336262354 89863.59131898335
2.032438148352616 89869.75441652774
2.033058367816209 89874.28698899271
2.033603978203584 89879.60500489832
2.034057963065197 89888.12443276455
2.034403305951502 89902.26124111147
2.034622990412951 89924.43139845907
2.0347 89957.05087332739
2.0347 90045.93052399643
2.0347 90134.81017466547
*END
