*KEYWORD
*DEFINE_CURVE_TITLE
SYNTHETIC screenshot reconstruction absolute pressure
$ LCID SIDR SFA SFO OFFA OFFO DATTYP
26 0 1.0 1.0 0.0 0.0 0
$ Not a CFD solver result; screenshot anchors plus interpolated rows.
$ X in metres; ordinate in metres or absolute pressure in Pa.
$ ABSCISSA ORDINATE
1.4791 105207.3329063336
1.479851735675113 104849.1668758944
1.480724157317516 104493.3516673459
1.481711671244822 104139.9065362209
1.482808683774642 103788.8507380522
1.48400960122459 103440.2035283728
1.485308829912277 103093.9841627154
1.486700776155315 102750.2118966127
1.488179846271316 102408.9059855978
1.489740446577894 102070.0856852033
1.491376983392658 101733.7702509621
1.493083863033223 101399.978938407
1.4948554918172 101068.7310030708
1.496686276062202 100740.0457004864
1.498570622085839 100413.9422861866
1.500502936205726 100090.4400157041
1.502477624739473 99769.55814457191
1.504489094004693 99451.31592832274
1.506531750318998 99135.73262248944
1.5086 98822.82748260481
1.51071234126088 98515.37495175912
1.512911411375217 98214.80499040149
1.515227825251226 97919.12013010311
1.517692197797119 97626.32290243516
1.52033514392111 97334.41583896879
1.523187278531413 97041.40147127521
1.52627921653624 96745.28233092556
1.529641572843804 96444.06094949105
1.53330496236232 96135.73985854283
1.5373 95818.3215896521
1.542224457603239 95465.17354159286
1.548474587033738 95062.34641160199
1.555778723222672 94626.86767894492
1.563865201101215 94175.76482288707
1.57246235560054 93726.06532269387
1.581298521651822 93294.79665763074
1.590102034186235 92898.98630696311
1.598601228134953 92555.66174995642
1.60652443842915 92281.85046587608
1.6136 92094.57993398751
1.619711731351954 91964.31271213277
1.625241775432379 91848.09024083159
1.630665953836827 91742.8083233659
1.63646008816085 91645.36276301762
1.6431 91552.64936306869
1.651076798471014 91488.67006603288
1.660411382713937 91475.64063325549
1.670874259359286 91507.7775962657
1.682235935037575 91579.2974865927
1.694266916379319 91684.41683576567
1.706737710015032 91817.35217531383
1.719418822575228 91972.32003676634
1.732080760690424 92143.53695165238
1.744494030991133 92325.21945150118
1.756429140107871 92511.58406784189
1.767656594671152 92696.84733220373
1.77794690131149 92875.22577611587
1.787070566659402 93040.93593110751
1.7947980973454 93188.19432870783
1.8009 93311.21750044603
1.8060604877428 93420.71128784984
1.811114687291474 93531.06326179409
1.816059475673645 93642.01254782864
1.820891729916942 93753.2982715033
1.825608327048989 93864.65955836792
1.830206144097412 93975.83553397235
1.834682058089838 94086.56532386642
1.839032946053892 94196.58805359997
1.843255685017201 94305.64284872284
1.847347152007389 94413.46883478486
1.851304224052085 94519.80513733588
1.855123778178912 94624.39088192572
1.858802691415497 94726.96519410425
1.862337840789467 94827.26719942129
1.865726103328447 94925.03602342668
1.868964356060062 95020.01079167025
1.87204947601194 95111.93062970186
1.874978340211706 95200.53466307133
1.877747825686985 95285.56201732851
1.880354809465405 95366.75181802324
1.88279616857459 95443.84319070535
1.885068780042167 95516.57526092467
1.887169520895762 95584.68715423107
1.889095268163 95647.91799617436
1.890842898871508 95706.00691230439
1.892409290048911 95758.69302817101
1.893791318722836 95805.71546932403
1.894985861920909 95846.81336131331
1.895989796670755 95881.72582968869
1.8968 95910.192
1.897504777027824 95932.07733923914
1.898189300872436 95948.34446462079
1.898845750560009 95960.37822702898
1.899466305116718 95969.56347734769
1.900043143568734 95977.28506646096
1.90056844494223 95984.92784525279
1.901034388263381 95993.87666460719
1.901433152558359 96005.51637540819
1.901756916853336 96021.23182853978
1.901997860174487 96042.40787488598
1.902148161547984 96070.4293653308
1.9022 96106.68115075826
1.9022 96192.59769208384
1.9022 96338.43123387979
1.9022 96498.79330251516
1.9022 96628.29542435905
1.9022 96681.54912578056
1.902063682752588 96680.49296010542
1.901674558973611 96677.47808717821
1.90106237060796 96672.73494314625
1.900256859600525 96666.49396415682
1.899287767896195 96658.98558635723
1.89818483743986 96650.44024589479
1.896977810176411 96641.08837891679
1.895696428050736 96631.16042157052
1.894370433007727 96620.88681000331
1.893029566992273 96610.49798036244
1.891703571949264 96600.22436879523
1.890422189823589 96590.29641144897
1.88921516256014 96580.94454447096
1.888112232103805 96572.39920400851
1.887143140399475 96564.89082620892
1.88633762939204 96558.64984721949
1.885725441026389 96553.90670318753
1.885336317247412 96550.89183026033
1.8852 96549.83566458519
1.8852 96611.48669903701
1.8852 96790.19665966315
1.8852 97076.60083236969
1.8852 97461.33450306265
1.8852 97935.03295764813
1.8852 98488.33148203214
1.8852 99111.86536212075
1.8852 99796.26988382
1.8852 100532.180333036
1.8852 101310.2319956747
1.8852 102121.0601576422
1.8852 102955.3001048447
1.8852 103803.587123188
1.8852 104656.5564985783
1.8852 105504.8435169216
1.8852 106339.083464124
1.8852 107149.9116260916
1.8852 107927.9632887303
1.8852 108663.8737379463
1.8852 109348.2782596455
1.8852 109971.8121397341
1.8852 110525.1106641182
1.8852 110998.8091187036
1.8852 111383.5427893966
1.8852 111669.9469621031
1.8852 111848.6569227293
1.8852 111910.3079571811
1.885336317247412 111905.8017855949
1.885725441026389 111892.938713976
1.88633762939204 111872.7019070343
1.887143140399475 111846.0745294793
1.888112232103805 111814.0397460209
1.88921516256014 111777.5807213687
1.890422189823589 111737.6806202325
1.891703571949264 111695.322607322
1.893029566992273 111651.489847347
1.894370433007727 111607.165505017
1.895696428050736 111563.3327450419
1.89697781017641 111520.9747321314
1.89818483743986 111481.0746309953
1.899287767896195 111444.6156063431
1.900256859600525 111412.5808228847
1.90106237060796 111385.9534453297
1.901674558973611 111365.716638388
1.902063682752588 111352.8535667691
1.9022 111348.3473951829
1.9022 111463.3209901873
1.9022 111578.2945851918
1.9022 111693.2681801963
1.9022 111808.2417752007
1.9022 111923.2153702052
1.9019 111941.958235504
1.901473764201487 111968.4752721609
1.901008443436166 111997.4349367617
1.900502608569841 112028.9070352677
1.899954830468316 112062.9613736406
1.899363679997394 112099.6677578419
1.89872772802288 112139.0959938331
1.898045545410577 112181.3158875757
1.897315703026289 112226.3972450313
1.896536771735819 112274.4098721614
1.895707322404973 112325.4235749275
1.894825925899552 112379.5081592911
1.893891153085361 112436.7334312138
1.892901574828205 112497.1691966571
1.891855761993886 112560.8852615826
1.890752285448208 112627.9514319517
1.889589716056975 112698.437513726
1.888366624685991 112772.413312867
1.887081582201061 112849.9486353362
1.885733159467986 112931.1132870952
1.884319927352572 113015.9770741055
1.882840456720623 113104.6098023286
1.881293318437941 113197.081277726
1.87967708337033 113293.4613062594
1.877990322383595 113393.8196938901
1.876231606343539 113498.2262465798
1.874399506115967 113606.75077029
1.872492592566681 113719.4630709821
1.870509436561485 113836.4329546177
1.868448608966184 113957.7302271584
1.866308680646582 114083.4246945657
1.864088222468481 114213.586162801
1.861785805297686 114348.284437826
1.8594 114487.5893256021
1.856310890119993 114665.5825756709
1.852026077680947 114908.5269567384
1.846735411266738 115204.7638035128
1.840628739461238 115542.6344507025
1.833895910848323 115910.4802330159
1.826726774011868 116296.6424851612
1.819311177535746 116689.4625418467
1.811838970003832 117077.2817377808
1.8045 117448.4414076717
1.796983102179752 117820.2077940435
1.788917853248729 118212.39160624
1.780405214866018 118617.1508791993
1.771546148690704 119026.6436478599
1.762441616381872 119433.0279471599
1.753192579598609 119828.4618120374
1.7439 120205.1032774309
1.734381113316402 120578.5323915151
1.72449617649311 120957.2117696743
1.714410683011617 121322.6232976602
1.704290126353417 121656.2488612247
1.6943 121939.5703461195
1.684454536143907 122191.8574636649
1.674643304480354 122436.7172791493
1.664844804744847 122662.1377092777
1.655037536672894 122856.1066707548
1.6452 123006.6120802855
1.635255526638766 123108.1381822822
1.62521838519013 123168.387257398
1.615203480422112 123195.1742766983
1.605325717102729 123196.3142112485
1.5957 123179.6220321142
1.585985082163669 123089.5974188777
1.576096917377082 122893.0597857767
1.566536211508661 122631.3037058595
1.557803670426827 122345.6237521744
1.5504 122077.3144977698
1.54442447289398 121822.7939766651
1.5395 121566.0290900981
1.535374266078023 121324.7640907052
1.531751600927163 121092.6202415638
1.528353135312721 120856.0309322114
1.5249 120601.4295521856
1.521196349991472 120314.4825973038
1.517430359884018 120004.2848256953
1.513899189834556 119692.4120203649
1.5109 119400.4399643176
1.508439481056489 119137.1505785939
1.506263418779224 118890.2910877243
1.504277615973714 118649.8852299485
1.502387875445469 118405.9567435062
1.5005 118148.5293666369
1.498551553226227 117865.5956336832
1.496600670041376 117563.5179734126
1.494734010243411 117259.8749657028
1.493038233630298 116972.2451904312
1.4916 116718.2072274755
1.49041576012183 116503.2631296696
1.489383971012971 116312.2203307994
1.488444301843197 116131.6154821703
1.487536421782282 115947.9852350875
1.4866 115747.8662408564
1.485657573693783 115529.9243458624
1.4847 115289.4036074933
1.483690195420343 115022.2113794973
1.482636678192802 114726.345904273
1.4815 114386.3474826048
1.4802 113950.9518786798
1.4791 113530.2714487065
1.4782 113127.1422080285
1.4774 112743.327808207
1.4767 112379.6713889384
1.4762 112034.9075175736
1.4757 111711.8736556646
1.4754 111407.9239643176
1.4751 111125.3976861731
1.4748 110863.7582777877
1.4746 110621.4720347904
1.4745 110396.8910023194
1.4744 110191.2422884924
1.4743 110003.2228592328
1.4743 109812.3207020874
1.4742 109622.2240832114
1.4742 109430.9999998351
1.4742 109239.7644194291
1.4743 109047.1484326137
1.4743 108856.2462754683
1.4744 108665.6576563782
1.4745 108457.5164017841
1.4746 108230.2895304193
1.4748 107982.9415568243
1.475 107715.0133097235
1.4754 107423.7056520963
1.4757 107112.3166629795
1.4762 106776.7051236396
1.4767 106419.2486012489
1.4774 106037.7228267618
1.4782 105633.3165837645
1.4791 105207.3329063336
2.0347 90115.5929528992
2.0347 90115.5929528992
2.0347 90242.9070471008
2.0347 90377.17670753831
2.0347 90497.53523550401
2.034635632747493 90593.46086340441
2.03444496925611 90682.78272861356
2.034131666925053 90766.29379116739
2.033699383153529 90844.78701110186
2.033151775340742 90919.05534845288
2.032492500885897 90989.89176325644
2.031725217188197 91058.08921554845
2.030853581646848 91124.44066536488
2.029881251661056 91189.73907274164
2.028811884630023 91254.77739771469
2.027649137952956 91320.34860031997
2.026396669029058 91387.24564059342
2.025058135257534 91456.26147857099
2.023637194037589 91528.18907428863
2.022137502768426 91603.82138778229
2.020562718849253 91683.95137908786
2.018916499679273 91769.37200824133
2.017202502657689 91860.87623527866
2.015424385183709 91959.25702023573
2.013585804656535 92065.30732314855
2.011690418475372 92179.82010405301
2.009741884039426 92303.58832298509
2.0077438587479 92437.40493998071
2.0057 92582.06291507583
2.003103877714197 92774.6694096133
1.999598236677489 93039.39170991599
1.995410496591872 93357.61296348977
1.990768077159341 93710.71631784053
1.985898398081893 94080.08492047415
1.981028879061524 94447.10191889654
1.976386939800227 94793.15046061357
1.9722 95099.61369313113
1.968160196731171 95389.58838120521
1.963901278945489 95692.25155592886
1.959563084167073 95998.10676431358
1.955285449920046 96297.65755337085
1.95120821372853 96581.4074701122
1.947471213116645 96839.86006154909
1.944214285608514 97063.51887469304
1.941577268728259 97242.88745655553
1.9397 97368.46935414808
1.938276718263103 97462.10834749915
1.936907728237056 97552.03197088506
1.935591966266167 97638.31940268906
1.934328368694742 97721.04982129441
1.933115871867089 97800.30240508435
1.931953412127515 97876.15633244214
1.930839925820327 97948.69078175105
1.929774349289832 98017.98493139431
1.928755618880337 98084.1179597552
1.92778267093615 98147.16904521694
1.926854441801578 98207.2173661628
1.925969867820927 98264.34210097602
1.925127885338506 98318.62242803987
1.92432743069862 98370.13752573761
1.923567440245578 98418.96657245247
1.922846850323686 98465.18874656771
1.922164597277252 98508.8832264666
1.921519617450582 98550.12919053236
1.920910847187985 98589.00581714827
1.920337222833766 98625.59228469757
1.919797680732234 98659.96777156352
1.919291157227694 98692.21145612937
1.918816588664456 98722.40251677838
1.918372911386825 98750.6201318938
1.917959061739109 98776.94347985888
1.917573976065614 98801.45173905687
1.91721659071065 98824.22408787101
1.91688584201852 98845.33970468459
1.916580666333535 98864.87776788083
1.9163 98882.91745584299
1.9161 98895.79594469225
1.915864195949796 98897.52972309115
1.915617820906621 98896.94899737352
1.915360538639739 98894.13610206652
1.915092012918413 98889.17337169735
1.914811907511907 98882.14314079318
1.914519886189487 98873.12774388117
1.914215612720413 98862.20951548852
1.913898750873951 98849.47079014238
1.913568964419365 98834.99390236996
1.913225917125917 98818.86118669841
1.912869272762873 98801.15497765492
1.912498695099495 98781.95760976667
1.912113847905048 98761.35141756083
1.911714394948795 98739.41873556457
1.9113 98716.24189830509
1.910821607866402 98678.22632009476
1.910249939023384 98615.32898770654
1.909614320741679 98532.95959435824
1.908944080292019 98436.52783326777
1.908268544945134 98331.44339765301
1.907617041971759 98223.11598073183
1.907018898642623 98116.95527572214
1.906503442228459 98018.37097584178
1.9061 97932.77277430866
1.90577300818716 97857.77685302297
1.905466362996439 97786.96642493158
1.905178581663439 97719.70172982239
1.904908181423763 97655.34300748327
1.904653679513015 97593.25049770213
1.904413593166798 97532.78444026684
1.904186439620715 97473.30507496529
1.903970736110369 97414.17264158536
1.903764999871365 97354.74737991496
1.903567748139305 97294.38952974194
1.903377498149792 97232.45933085422
1.903192767138431 97168.31702303966
1.903012072340823 97101.32284608617
1.902833930992573 97030.83703978162
1.902656860329283 96956.21984391389
1.902479377586558 96876.8314982709
1.9023 96792.0322426405
1.902117113763451 96701.80392448898
1.901930454753602 96606.67711023308
1.90174056473033 96506.83511808638
1.90154798545351 96402.46126626247
1.90135325868302 96293.73887297491
1.901156926178737 96180.85125643728
1.900959529700537 96063.98173486316
1.900761611008296 95943.31362646613
1.900563711861892 95819.03024945979
1.900366374021201 95691.31492205767
1.900170139246101 95560.3509624734
1.899975549296466 95426.32168892054
1.899783145932175 95289.41041961264
1.899593470913103 95149.80047276332
1.899407065999129 95007.67516658615
1.899224472950128 94863.21781929469
1.899046233525976 94716.61174910254
1.898872889486551 94568.04027422327
1.898704982591729 94417.68671287045
1.898543054601388 94265.73438325767
1.898387647275402 94112.36660359851
1.898239302373651 93957.76669210654
1.898098561656009 93802.11796699534
1.897965966882354 93645.60374647849
1.897842059812562 93488.40734876957
1.897727382206511 93330.71209208216
1.897622475824076 93172.70129462985
1.897527882425134 93014.55827462619
1.897444143769563 92856.46635028478
1.897371801617238 92698.60883981921
1.897311397728037 92541.16906144303
1.897263473861836 92384.33033336983
1.897228571778511 92228.2759738132
1.897207233237941 92073.18930098669
1.8972 91919.25363310392
1.897209217885099 91762.6078574984
1.897236192296123 91599.7655237002
1.897279904366657 91431.47194321762
1.897339335230292 91258.47242755897
1.897413466020613 91081.51228823254
1.89750127787121 90901.33683674662
1.897601751915669 90718.69138460953
1.897713869287579 90534.32124332957
1.897836611120528 90348.97172441502
1.897968958548102 90163.38813937423
1.898109892703891 89978.31579971548
1.898258394721481 89794.50001694707
1.898413445734461 89612.6861025773
1.898574026876418 89433.61936811448
1.898739119280941 89258.0451250669
1.898907704081616 89086.70868494287
1.899078762412032 88920.35535925069
1.899251275405777 88759.73045949869
1.899424224196437 88605.57929719513
1.899596589917603 88458.64718384834
1.899767353702859 88319.67943096661
1.899935496685796 88189.42135005826
1.9001 88068.61825263158
1.900262143651123 87955.03333388511
1.900424256217856 87845.75285464877
1.900586891693345 87740.50672487803
1.900750604070738 87639.02485452827
1.900915947343182 87541.03715355492
1.901083475503822 87446.27353191341
1.901253742545806 87354.46389955917
1.901427302462281 87265.3381664476
1.901604709246394 87178.62624253414
1.90178651689129 87094.0580377742
1.901973279390118 87011.3634621232
1.902165550736024 86930.27242553656
1.902363884922154 86850.51483796972
1.902568835941656 86771.82060937809
1.902780957787676 86693.91964971708
1.903000804453361 86616.54186894213
1.903228929931859 86539.41717700864
1.903465888216314 86462.27548387207
1.903712233299876 86384.8466994878
1.903968519175689 86306.86073381126
1.904235299836902 86228.04749679788
1.904513129276661 86148.13689840309
1.904802561488112 86066.85884858228
1.905104150464403 85983.94325729091
1.90541845019868 85899.12003448438
1.905746014684091 85812.11909011813
1.906087397913781 85722.67033414754
1.906443153880898 85630.50367652807
1.906813836578589 85535.34902721512
1.9072 85436.93629616413
1.907711782764759 85323.27933686071
1.908403364694802 85191.82738074225
1.909191361586739 85056.46340469189
1.909992389237178 84931.07038559274
1.910723063442729 84829.53130032793
1.9113 84765.72912578055
1.911759714077242 84726.60706305424
1.912195065555691 84689.90728746029
1.912607187301437 84655.71123719332
1.91299721218057 84624.100350448
1.91336627305918 84595.15606541897
1.913715502803356 84568.95982030086
1.914046034279189 84545.59305328832
1.914359000352768 84525.13720257601
1.914655533890183 84507.67370635853
1.914936767757524 84493.28400283057
1.915203834820881 84482.04953018672
1.915457867946343 84474.05172662168
1.9157 84469.37203033007
1.915886546549907 84467.2471518339
1.9161 84465.07679036574
1.916464068489228 84465.88403359665
1.91697173603144 84474.27734348769
1.917617314558897 84489.9607027343
1.918395116003857 84512.63809403199
1.91929945229858 84542.01350007627
1.920324635375326 84577.79090356261
1.921464977166355 84619.67428718648
1.922714789603927 84667.3676336434
1.9240683846203 84720.57492562884
1.925520074147736 84779.00014583828
1.927064170118493 84842.34727696721
1.928694984464831 84910.32030171112
1.93040682911901 84982.62320276552
1.932194016013291 85058.95996282586
1.934050857079931 85139.03456458764
1.935971664251191 85222.55099074636
1.937950749459332 85309.2132239975
1.939982424636612 85398.72524703653
1.942061001715292 85490.79104255897
1.94418079262763 85585.11459326028
1.946336109305887 85681.39988183594
1.948521263682322 85779.35089098147
1.950730567689196 85878.67160339234
1.952958333258767 85979.06600176403
1.955198872323296 86080.23806879204
1.957446496815043 86181.89178717186
1.959695518666266 86283.73113959895
1.961940249809226 86385.46010876882
1.964175002176182 86486.78267737696
1.966394087699395 86587.40282811885
1.968591818311123 86687.02454368997
1.970762505943627 86785.35180678582
1.972900462529166 86882.08860010187
1.975 86976.93890633363
1.977193702523292 87077.1020862361
1.979599758004526 87189.00989660512
1.982190883983444 87311.21491419732
1.984939797999789 87442.26971576941
1.987819217593302 87580.72687807801
1.990801860303726 87725.13897787982
1.993860443670803 87874.05859193152
1.996967685234276 88026.03829698973
2.000096302533886 88179.63066981117
2.003219013109375 88333.38828715248
2.006308534500485 88485.86372577034
2.00933758424696 88635.60956242141
2.012278879888541 88781.17837386235
2.01510513896497 88921.12273684985
2.017789079015989 89053.99522814056
2.020303417581342 89178.34842449115
2.022620872200769 89292.7349026583
2.024714160414012 89395.70723939866
2.026555999760815 89485.81801146892
2.028119107780919 89561.61979562572
2.029376202014067 89621.66516862577
2.0303 89664.50670722569
2.031041947994966 89692.44834121686
2.031760336262354 89711.00401271915
2.032438148352616 89723.54131698192
2.033058367816209 89733.42784925461
2.033603978203584 89744.03120478662
2.034057963065197 89758.71897882735
2.034403305951502 89780.85876662622
2.034622990412951 89813.81816343263
2.0347 89860.96476449599
2.0347 89988.27885869759
2.0347 90115.5929528992
*END
