*KEYWORD
*DEFINE_CURVE_TITLE
SYNTHETIC screenshot reconstruction absolute pressure
$ LCID SIDR SFA SFO OFFA OFFO DATTYP
26 0 1.0 1.0 0.0 0.0 0
$ Not a CFD solver result; screenshot anchors plus interpolated rows.
$ X in metres; ordinate in metres or absolute pressure in Pa.
$ ABSCISSA ORDINATE
1.4791 108498.172764273
1.479851735675113 108458.4185160118
1.480724157317516 108417.5755034885
1.481711671244822 108375.7055295911
1.482808683774642 108332.8703972073
1.48400960122459 108289.131909225
1.485308829912277 108244.551868532
1.486700776155315 108199.1920780162
1.488179846271316 108153.1143405655
1.489740446577894 108106.3804590676
1.491376983392658 108059.0522364105
1.493083863033223 108011.191475482
1.4948554918172 107962.8599791699
1.496686276062202 107914.119550362
1.498570622085839 107865.0319919463
1.500502936205726 107815.6591068106
1.502477624739473 107766.0626978426
1.504489094004693 107716.3045679304
1.506531750318998 107666.4465199616
1.5086 107616.5503568243
1.51071234126088 107566.6627104555
1.512911411375217 107516.451946336
1.515227825251226 107465.4124676686
1.517692197797119 107413.0386776563
1.52033514392111 107358.824979502
1.523187278531413 107302.2657764085
1.52627921653624 107242.8554715789
1.529641572843804 107180.088468216
1.53330496236232 107113.4591695228
1.5373 107042.461978702
1.542224457603239 106958.3188141813
1.548474587033738 106855.5385273542
1.555778723222672 106738.5459208729
1.563865201101215 106611.7657973896
1.57246235560054 106479.6229595565
1.581298521651822 106346.5422100257
1.590102034186235 106216.9483514496
1.598601228134953 106095.2661864802
1.60652443842915 105985.9205177698
1.6136 105893.3361479706
1.619711731351954 105816.1489671931
1.625241775432379 105746.4537391993
1.630665953836827 105678.8635771183
1.63646008816085 105607.9915940793
1.6431 105528.4509032114
1.651076798471014 105437.0877238674
1.660411382713937 105335.6423480648
1.670874259359286 105226.0689979302
1.682235935037575 105110.3218955899
1.694266916379319 104990.3552631703
1.706737710015032 104868.123322798
1.719418822575228 104745.5802965993
1.732080760690424 104624.6804067006
1.744494030991133 104507.3778752284
1.756429140107871 104395.6269243091
1.767656594671152 104291.3817760691
1.77794690131149 104196.5966526349
1.787070566659402 104113.2257761328
1.7947980973454 104043.2233686893
1.8009 103988.5436524309
1.8060604877428 103942.7821387319
1.811114687291474 103898.2385117763
1.816059475673645 103854.9232529048
1.820891729916942 103812.8468434582
1.825608327048989 103772.0197647772
1.830206144097412 103732.4524982024
1.834682058089838 103694.1555250745
1.839032946053892 103657.1393267343
1.843255685017201 103621.4143845224
1.847347152007389 103586.9911797796
1.851304224052085 103553.8801938466
1.855123778178912 103522.091908064
1.858802691415497 103491.6368037726
1.862337840789467 103462.525362313
1.865726103328447 103434.7680650261
1.868964356060062 103408.3753932524
1.87204947601194 103383.3578283327
1.874978340211706 103359.7258516077
1.877747825686985 103337.489944418
1.880354809465405 103316.6605881045
1.88279616857459 103297.2482640077
1.885068780042167 103279.2634534685
1.887169520895762 103262.7166378274
1.889095268163 103247.6182984253
1.890842898871508 103233.9789166028
1.892409290048911 103221.8089737005
1.893791318722836 103211.1189510593
1.894985861920909 103201.9193300198
1.895989796670755 103194.2205919228
1.8968 103188.0332181088
1.897504777027824 103182.3965386744
1.898189300872436 103176.4805703763
1.898845750560009 103170.4918245457
1.899466305116718 103164.6368125138
1.900043143568734 103159.1220456117
1.90056844494223 103154.1540351706
1.901034388263381 103149.9392925217
1.901433152558359 103146.6843289963
1.901756916853336 103144.5956559254
1.901997860174487 103143.8797846403
1.902148161547984 103144.7432264721
1.9022 103147.392492752
1.9022 103154.9912434589
1.9022 103167.889257179
1.9022 103182.072223155
1.9022 103193.5258306294
1.9022 103198.2357688448
1.902063682752588 103199.6069831164
1.901674558973611 103203.5211765828
1.90106237060796 103209.6791752209
1.900256859600525 103217.7818050079
1.899287767896195 103227.5298919209
1.89818483743986 103238.6242619369
1.896977810176411 103250.7657410332
1.895696428050736 103263.6551551866
1.894370433007727 103276.9933303745
1.893029566992273 103290.4810925738
1.891703571949264 103303.8192677616
1.890422189823589 103316.7086819151
1.88921516256014 103328.8501610113
1.888112232103805 103339.9445310274
1.887143140399475 103349.6926179404
1.88633762939204 103357.7952477274
1.885725441026389 103363.9532463655
1.885336317247412 103367.8674398318
1.8852 103369.2386541035
1.8852 103374.6912809713
1.8852 103390.4969968285
1.8852 103415.8275545561
1.8852 103449.8547070349
1.8852 103491.7502071456
1.8852 103540.6858077692
1.8852 103595.8332617865
1.8852 103656.3643220783
1.8852 103721.4507415254
1.8852 103790.2642730088
1.8852 103861.9766694092
1.8852 103935.7596836076
1.8852 104010.7850684846
1.8852 104086.2245769213
1.8852 104161.2499617983
1.8852 104235.0329759967
1.8852 104306.7453723971
1.8852 104375.5589038805
1.8852 104440.6453233276
1.8852 104501.1763836194
1.8852 104556.3238376367
1.8852 104605.2594382603
1.8852 104647.154938371
1.8852 104681.1820908498
1.8852 104706.5126485774
1.8852 104722.3183644346
1.8852 104727.7709913024
1.885336317247412 104725.9078250324
1.885725441026389 104720.5893322253
1.88633762939204 104712.2220218855
1.887143140399475 104701.2124030173
1.888112232103805 104687.9669846252
1.88921516256014 104672.8922757134
1.890422189823589 104656.3947852863
1.891703571949264 104638.8810223483
1.893029566992273 104620.7574959038
1.894370433007727 104602.4307149571
1.895696428050736 104584.3071885125
1.89697781017641 104566.7934255745
1.89818483743986 104550.2959351475
1.899287767896195 104535.2212262357
1.900256859600525 104521.9758078435
1.90106237060796 104510.9661889753
1.901674558973611 104502.5988786355
1.902063682752588 104497.2803858284
1.9022 104495.4172195584
1.9022 104505.585874777
1.9022 104515.7545299955
1.9022 104525.9231852141
1.9022 104536.0918404327
1.9022 104546.2604956512
1.9019 104551.1414501561
1.901473764201487 104558.0662864285
1.901008443436166 104565.6270952552
1.900502608569841 104573.8454054727
1.899954830468316 104582.7427459172
1.899363679997394 104592.3406454252
1.89872772802288 104602.660632833
1.898045545410577 104613.724236977
1.897315703026289 104625.5529866936
1.896536771735819 104638.1684108191
1.895707322404973 104651.5920381898
1.894825925899552 104665.8453976421
1.893891153085361 104680.9500180124
1.892901574828205 104696.9274281371
1.891855761993886 104713.7991568525
1.890752285448208 104731.586732995
1.889589716056975 104750.311685401
1.888366624685991 104769.9955429067
1.887081582201061 104790.6598343486
1.885733159467986 104812.326088563
1.884319927352572 104835.0158343863
1.882840456720623 104858.7506006548
1.881293318437941 104883.551916205
1.87967708337033 104909.4413098731
1.877990322383595 104936.4403104956
1.876231606343539 104964.5704469088
1.874399506115967 104993.853247949
1.872492592566681 105024.3102424527
1.870509436561485 105055.9629592561
1.868448608966184 105088.8329271957
1.866308680646582 105122.9416751078
1.864088222468481 105158.3107318288
1.861785805297686 105194.961626195
1.8594 105232.9158870428
1.856310890119993 105281.8483509034
1.852026077680947 105349.3722280149
1.846735411266738 105432.416607774
1.840628739461238 105527.9105795776
1.833895910848323 105632.7832328224
1.826726774011868 105743.9636569051
1.819311177535746 105858.3809412226
1.811838970003832 105972.9641751717
1.8045 106084.642448149
1.796983102179752 106198.2860802614
1.788917853248729 106319.6271145073
1.780405214866018 106446.8872246201
1.771546148690704 106578.2880843338
1.762441616381872 106712.051367382
1.753192579598609 106846.3987474983
1.7439 106979.5518984166
1.734381113316402 107114.8524355915
1.72449617649311 107254.5502543134
1.714410683011617 107395.2294480697
1.704290126353417 107533.4741103475
1.6943 107665.8683346343
1.684454536143907 107793.9634855584
1.674643304480354 107921.0339417889
1.664844804744847 108046.2483178742
1.655037536672894 108168.7752283622
1.6452 108287.7832878011
1.635255526638766 108403.6084043252
1.62521838519013 108516.7784885286
1.615203480422112 108626.7501586494
1.605325717102729 108732.9800329252
1.5957 108834.9247295941
1.585985082163669 108931.3420507807
1.576096917377082 109020.2004054703
1.566536211508661 109099.7723221914
1.557803670426827 109168.3303294728
1.5504 109224.146955843
1.54442447289398 109265.8387907708
1.5395 109296.0393482382
1.535374266078023 109319.0289255742
1.531751600927163 109337.420117066
1.528353135312721 109353.0092834492
1.5249 109367.5927854594
1.521196349991472 109382.0071248605
1.517430359884018 109395.0348800171
1.513899189834556 109405.3915265657
1.5109 109411.7925401427
1.508439481056489 109414.9427374438
1.506263418779224 109416.4897799026
1.504277615973714 109416.5634102631
1.502387875445469 109415.2933712692
1.5005 109412.8094056646
1.498551553226227 109408.7203641592
1.496600670041376 109402.9643460889
1.494734010243411 109396.1649671366
1.493038233630298 109388.9458429852
1.4916 109381.9305893176
1.49041576012183 109375.6439601571
1.489383971012971 109369.833275475
1.488444301843197 109363.9559998757
1.487536421782282 109357.469597964
1.4866 109349.8315343443
1.485657573693783 109340.6816668937
1.4847 109329.6975970116
1.483690195420343 109316.9157911503
1.482636678192802 109302.0676850804
1.4815 109284.2098126673
1.4802 109259.6694580732
1.4791 109234.2817155442
1.4782 109208.297411909
1.4774 109182.9469544492
1.4767 109158.3049133029
1.4762 109133.1849453613
1.4757 109109.986853256
1.4754 109086.3277821142
1.4751 109064.5634703947
1.4748 109044.6464643733
1.4746 109025.3666940789
1.4745 109006.5784087868
1.4744 108989.464562054
1.4743 108973.9099091213
1.4743 108957.0258739964
1.4742 108941.2875073595
1.4742 108924.3749999854
1.4742 108907.461475775
1.4743 108889.3514397859
1.4743 108872.467404661
1.4744 108854.536675959
1.4745 108835.0535325602
1.4746 108813.8823923952
1.4748 108789.8572496655
1.475 108764.0119176516
1.4754 108733.9499832739
1.4757 108703.186411686
1.4762 108668.1316675959
1.4767 108631.1448790143
1.4774 108589.8804761374
1.4782 108545.5180229706
1.4791 108498.172764273
2.0347 90870.22932956067
2.0347 90870.22932956067
2.0347 90881.48942043933
2.0347 90893.36468521861
2.0347 90904.0096021967
2.034635632747493 90913.18516768873
2.03444496925611 90923.13363101589
2.034131666925053 90933.88582828395
2.033699383153529 90945.47259559864
2.033151775340742 90957.92476906568
2.032492500885897 90971.27318479081
2.031725217188197 90985.54867887977
2.030853581646848 91000.78208743832
2.029881251661056 91017.00424657215
2.028811884630023 91034.24599238702
2.027649137952956 91052.53816098867
2.026396669029058 91071.91158848282
2.025058135257534 91092.3971109752
2.023637194037589 91114.02556457158
2.022137502768426 91136.82778537768
2.020562718849253 91160.83460949922
2.018916499679273 91186.07687304194
2.017202502657689 91212.5854121116
2.015424385183709 91240.3910628139
2.013585804656535 91269.5246612546
2.011690418475372 91300.01704353944
2.009741884039426 91331.89904577413
2.0077438587479 91365.20150406443
2.0057 91399.95525451605
2.003103877714197 91444.8833865764
1.999598236677489 91505.96177268805
1.995410496591872 91579.10042344955
1.990768077159341 91660.20934945937
1.985898398081893 91745.19856131608
1.981028879061524 91829.9780696182
1.976386939800227 91910.45788496423
1.9722 91982.54801795272
1.968160196731171 92051.59897794275
1.963901278945489 92124.12636962684
1.959563084167073 92197.78784660366
1.955285449920046 92270.24106247188
1.95120821372853 92339.14367083016
1.947471213116645 92402.15332527719
1.944214285608514 92456.92767941162
1.941577268728259 92501.12438683212
1.9397 92532.40110113738
1.938276718263103 92555.9749315519
1.936907728237056 92578.63683888553
1.935591966266167 92600.40525411486
1.934328368694742 92621.29860821649
1.933115871867089 92641.33533216703
1.931953412127515 92660.5338569431
1.930839925820327 92678.9126135213
1.929774349289832 92696.49003287824
1.928755618880337 92713.28454599052
1.92778267093615 92729.31458383476
1.926854441801578 92744.59857738754
1.925969867820927 92759.15495762549
1.925127885338506 92773.0021555252
1.92432743069862 92786.1586020633
1.923567440245578 92798.64272821638
1.922846850323686 92810.47296496104
1.922164597277252 92821.66774327391
1.921519617450582 92832.24549413158
1.920910847187985 92842.22464851066
1.920337222833766 92851.62363738776
1.919797680732234 92860.46089173949
1.919291157227694 92868.75484254245
1.918816588664456 92876.52392077324
1.918372911386825 92883.78655740847
1.917959061739109 92890.56118342475
1.917573976065614 92896.8662297987
1.91721659071065 92902.72012750691
1.91688584201852 92908.14130752601
1.916580666333535 92913.14820083257
1.9163 92917.75923840322
1.9161 92921.04710359055
1.915864195949796 92923.73398002531
1.915617820906621 92926.3297311354
1.915360538639739 92928.84525140957
1.915092012918413 92931.29143533662
1.914811907511907 92933.67917740527
1.914519886189487 92936.01937210429
1.914215612720413 92938.32291392246
1.913898750873951 92940.60069734851
1.913568964419365 92942.86361687121
1.913225917125917 92945.12256697933
1.912869272762873 92947.38844216161
1.912498695099495 92949.67213690684
1.912113847905048 92951.98454570374
1.911714394948795 92954.3365630411
1.9113 92956.73908340768
1.910821607866402 92958.51681620815
1.910249939023384 92959.09610946864
1.909614320741679 92958.64031560988
1.908944080292019 92957.31278705274
1.908268544945134 92955.27687621801
1.907617041971759 92952.69593552648
1.907018898642623 92949.73331739896
1.906503442228459 92946.55237425625
1.9061 92943.31645851918
1.90577300818716 92940.19684288146
1.905466362996439 92937.22879749614
1.905178581663439 92934.37167097309
1.904908181423763 92931.58481192212
1.904653679513015 92928.82756895309
1.904413593166798 92926.05929067582
1.904186439620715 92923.23932570014
1.903970736110369 92920.3270226359
1.903764999871365 92917.28173009292
1.903567748139305 92914.06279668104
1.903377498149792 92910.62957101011
1.903192767138431 92906.94140168994
1.903012072340823 92902.95763733039
1.902833930992573 92898.63762654127
1.902656860329283 92893.94071793242
1.902479377586558 92888.8262601137
1.9023 92883.25360169492
1.902117113763451 92877.23847632417
1.901930454753602 92870.83064690139
1.90174056473033 92864.04050591412
1.90154798545351 92856.87844584988
1.90135325868302 92849.35485919623
1.901156926178737 92841.48013844073
1.900959529700537 92833.2646760709
1.900761611008296 92824.7188645743
1.900563711861892 92815.85309643847
1.900366374021201 92806.67776415095
1.900170139246101 92797.20326019931
1.899975549296466 92787.43997707107
1.899783145932175 92777.39830725378
1.899593470913103 92767.08864323501
1.899407065999129 92756.52137750226
1.899224472950128 92745.70690254311
1.899046233525976 92734.65561084509
1.898872889486551 92723.37789489575
1.898704982591729 92711.88414718265
1.898543054601388 92700.18476019331
1.898387647275402 92688.29012641529
1.898239302373651 92676.21063833614
1.898098561656009 92663.95668844339
1.897965966882354 92651.53866922458
1.897842059812562 92638.96697316729
1.897727382206511 92626.25199275903
1.897622475824076 92613.40412048736
1.897527882425134 92600.43374883985
1.897444143769563 92587.35127030399
1.897371801617238 92574.16707736737
1.897311397728037 92560.89156251753
1.897263473861836 92547.53511824198
1.897228571778511 92534.10813702832
1.897207233237941 92520.62101136404
1.8972 92507.08413373673
1.897209217885099 92493.13081017269
1.897236192296123 92478.43866159038
1.897279904366657 92463.08455281558
1.897339335230292 92447.14534867404
1.897413466020613 92430.69791399152
1.89750127787121 92413.81911359383
1.897601751915669 92396.5858123067
1.897713869287579 92379.07487495591
1.897836611120528 92361.36316636723
1.897968958548102 92343.52755136642
1.898109892703891 92325.64489477927
1.898258394721481 92307.79206143152
1.898413445734461 92290.04591614896
1.898574026876418 92272.48332375733
1.898739119280941 92255.18114908243
1.898907704081616 92238.21625695002
1.899078762412032 92221.66551218585
1.899251275405777 92205.60577961571
1.899424224196437 92190.11392406536
1.899596589917603 92175.26681036055
1.899767353702859 92161.14130332708
1.899935496685796 92147.81426779069
1.9001 92135.36256857717
1.900262143651123 92123.57462238592
1.900424256217856 92112.16770942192
1.900586891693345 92101.11198976933
1.900750604070738 92090.37762351225
1.900915947343182 92079.93477073484
1.901083475503822 92069.75359152122
1.901253742545806 92059.80424595553
1.901427302462281 92050.0568941219
1.901604709246394 92040.48169610446
1.90178651689129 92031.04881198733
1.901973279390118 92021.72840185468
1.902165550736024 92012.49062579061
1.902363884922154 92003.30564387927
1.902568835941656 91994.14361620479
1.902780957787676 91984.97470285129
1.903000804453361 91975.76906390293
1.903228929931859 91966.49685944381
1.903465888216314 91957.1282495581
1.903712233299876 91947.6333943299
1.903968519175689 91937.98245384336
1.904235299836902 91928.14558818261
1.904513129276661 91918.09295743177
1.904802561488112 91907.794721675
1.905104150464403 91897.22104099642
1.90541845019868 91886.34207548015
1.905746014684091 91875.12798521035
1.906087397913781 91863.54893027112
1.906443153880898 91851.57507074662
1.906813836578589 91839.17656672098
1.9072 91826.32357827833
1.907711782764759 91810.77265420838
1.908403364694802 91791.71607489487
1.909191361586739 91771.27759781279
1.909992389237178 91751.5809804372
1.910723063442729 91734.74998024313
1.9113 91722.90835470562
1.911759714077242 91714.50898847425
1.912195065555691 91706.58561513919
1.912607187301437 91699.13326558641
1.91299721218057 91692.14697070184
1.91336627305918 91685.62176137144
1.913715502803356 91679.55266848116
1.914046034279189 91673.93472291698
1.914359000352768 91668.76295556482
1.914655533890183 91664.03239731064
1.914936767757524 91659.7380790404
1.915203834820881 91655.87503164005
1.915457867946343 91652.43828599557
1.9157 91649.42287299286
1.915886546549907 91647.23064071643
1.9161 91644.74529159232
1.916464068489228 91640.90504789124
1.91697173603144 91636.19287907575
1.917617314558897 91630.64371833208
1.918395116003857 91624.29249884641
1.91929945229858 91617.17415380495
1.920324635375326 91609.32361639394
1.921464977166355 91600.77581979954
1.922714789603927 91591.56569720799
1.9240683846203 91581.72818180546
1.925520074147736 91571.2982067782
1.927064170118493 91560.31070531237
1.928694984464831 91548.80061059422
1.93040682911901 91536.80285580992
1.932194016013291 91524.35237414569
1.934050857079931 91511.48409878773
1.935971664251191 91498.23296292225
1.937950749459332 91484.63389973546
1.939982424636612 91470.72184241358
1.942061001715292 91456.53172414277
1.94418079262763 91442.09847810928
1.946336109305887 91427.45703749929
1.948521263682322 91412.64233549901
1.950730567689196 91397.68930529465
1.952958333258767 91382.63288007243
1.955198872323296 91367.50799301853
1.957446496815043 91352.34957731917
1.959695518666266 91337.19256616055
1.961940249809226 91322.07189272888
1.964175002176182 91307.02249021037
1.966394087699395 91292.07929179122
1.968591818311123 91277.27723065762
1.970762505943627 91262.6512399958
1.972900462529166 91248.23625299195
1.975 91234.06720283229
1.977193702523292 91219.35630938988
1.979599758004526 91203.40257991977
1.982190883983444 91186.371128681
1.984939797999789 91168.4270699327
1.987819217593302 91149.73551793395
1.990801860303726 91130.46158694386
1.993860443670803 91110.77039122149
1.996967685234276 91090.82704502594
2.000096302533886 91070.79666261633
2.003219013109375 91050.84435825172
2.006308534500485 91031.13524619123
2.00933758424696 91011.83444069396
2.012278879888541 90993.10705601895
2.01510513896497 90975.11820642535
2.017789079015989 90958.03300617222
2.020303417581342 90942.01656951867
2.022620872200769 90927.23401072378
2.024714160414012 90913.85044404666
2.026555999760815 90902.03098374637
2.028119107780919 90891.94074408205
2.029376202014067 90883.74483931276
2.0303 90877.60838369759
2.031041947994966 90872.10796976708
2.031760336262354 90866.03056079229
2.032438148352616 90859.85682714316
2.033058367816209 90854.06743918962
2.033603978203584 90849.1430673016
2.034057963065197 90845.56438184902
2.034403305951502 90843.81205320182
2.034622990412951 90844.36675172995
2.0347 90847.7091478033
2.0347 90858.96923868198
2.0347 90870.22932956067
*END
