*KEYWORD
*DEFINE_CURVE_TITLE
SYNTHETIC screenshot reconstruction geometry
$ LCID SIDR SFA SFO OFFA OFFO DATTYP
26 0 1.0 1.0 0.0 0.0 0
$ Not a CFD solver result; screenshot anchors plus interpolated rows.
$ X in metres; ordinate in metres or absolute pressure in Pa.
$ ABSCISSA ORDINATE
1.4791 0.010859
1.479851735675113 0.01176873928863103
1.480724157317516 0.01266835967598582
1.481711671244822 0.01355799561576329
1.482808683774642 0.01443778156166235
1.48400960122459 0.01530785196738191
1.485308829912277 0.01616834128662088
1.486700776155315 0.01701938397307819
1.488179846271316 0.01786111448045274
1.489740446577894 0.01869366726244345
1.491376983392658 0.01951717677274922
1.493083863033223 0.02033177746506898
1.4948554918172 0.02113760379310163
1.496686276062202 0.02193479021054609
1.498570622085839 0.02272347117110128
1.500502936205726 0.0235037811284661
1.502477624739473 0.02427585453633947
1.504489094004693 0.0250398258484203
1.506531750318998 0.0257958295184075
1.5086 0.026544
1.51071234126088 0.02727648716329814
1.512911411375217 0.0279881519854773
1.515227825251226 0.02868319558084891
1.517692197797119 0.02936581906372442
1.52033514392111 0.03004022354841527
1.523187278531413 0.03071061014923289
1.52627921653624 0.03138117998048873
1.529641572843804 0.03205613415649424
1.53330496236232 0.03273967379156085
1.5373 0.033436
1.542224457603239 0.03419486733922614
1.548474587033738 0.03503958986408175
1.555778723222672 0.03593470793502025
1.563865201101215 0.03684476191249508
1.57246235560054 0.0377342921569597
1.581298521651822 0.03856783902886755
1.590102034186235 0.03930994288867205
1.598601228134953 0.03992514409682667
1.60652443842915 0.04037798301378484
1.6136 0.040633
1.619711731351954 0.04077110313023669
1.625241775432379 0.04089176602151626
1.630665953836827 0.04098737734767751
1.63646008816085 0.04105032578255917
1.6431 0.041073
1.651076798471014 0.04097655598989468
1.660411382713937 0.0407023362164342
1.670874259359286 0.04027300906490182
1.682235935037575 0.03971124292058074
1.694266916379319 0.03903970616875421
1.706737710015032 0.03828106719470546
1.719418822575228 0.03745799438371772
1.732080760690424 0.03659315612107422
1.744494030991133 0.03570922079205819
1.756429140107871 0.03482885678195287
1.767656594671152 0.03397473247604149
1.77794690131149 0.03316951625960728
1.787070566659402 0.03243587651793348
1.7947980973454 0.0317964816363033
1.8009 0.031274
1.8060604877428 0.03081790497010096
1.811114687291474 0.03036308019439507
1.816059475673645 0.02991030948823281
1.820891729916942 0.02946037666696466
1.825608327048989 0.02901406554594111
1.830206144097412 0.02857215994051262
1.834682058089838 0.02813544366602969
1.839032946053892 0.0277047005378428
1.843255685017201 0.02728071437130241
1.847347152007389 0.02686426898175902
1.851304224052085 0.02645614818456311
1.855123778178912 0.02605713579506516
1.858802691415497 0.02566801562861564
1.862337840789467 0.02528957150056503
1.865726103328447 0.02492258722626383
1.868964356060062 0.02456784662106249
1.87204947601194 0.02422613350031152
1.874978340211706 0.02389823167936139
1.877747825686985 0.02358492497356257
1.880354809465405 0.02328699719826555
1.88279616857459 0.02300523216882082
1.885068780042167 0.02274041370057884
1.887169520895762 0.0224933256088901
1.889095268163 0.02226475170910508
1.890842898871508 0.02205547581657426
1.892409290048911 0.02186628174664812
1.893791318722836 0.02169795331467715
1.894985861920909 0.02155127433601182
1.895989796670755 0.02142702862600261
1.8968 0.021326
1.897504777027824 0.02124562375921104
1.898189300872436 0.02118057583163217
1.898845750560009 0.02112750097279794
1.899466305116718 0.02108304393824289
1.900043143568734 0.02104384948350159
1.90056844494223 0.02100656236410859
1.901034388263381 0.02096782733559845
1.901433152558359 0.02092428915350572
1.901756916853336 0.02087259257336496
1.901997860174487 0.02080938235071071
1.902148161547984 0.02073130324107754
1.9022 0.020635
1.9022 0.02041081841816222
1.9022 0.02003029572043249
1.9022 0.01961186381362166
1.9022 0.01927395460454055
1.9022 0.019135
1.902063682752588 0.0191422568887593
1.901674558973611 0.01916297200758128
1.90106237060796 0.01919556203528211
1.900256859600525 0.01923844365067794
1.899287767896195 0.01929003353258492
1.89818483743986 0.01934874835981922
1.896977810176411 0.01941300481119697
1.895696428050736 0.01948121956553433
1.894370433007727 0.01955180930164747
1.893029566992273 0.01962319069835253
1.891703571949264 0.01969378043446567
1.890422189823589 0.01976199518880303
1.88921516256014 0.01982625164018078
1.888112232103805 0.01988496646741507
1.887143140399475 0.01993655634932206
1.88633762939204 0.01997943796471789
1.885725441026389 0.02001202799241872
1.885336317247412 0.0200327431112407
1.8852 0.02004
1.8852 0.01987913427831123
1.8852 0.01941282731290962
1.8852 0.01866551440329218
1.8852 0.01766163084895595
1.8852 0.01642561194939796
1.8852 0.01498189300411522
1.8852 0.01335490931260479
1.8852 0.01156909617436367
1.8852 0.009648888888888887
1.8852 0.007618722755677486
1.8852 0.005503033074226494
1.8852 0.003326255144032923
1.8852 0.001112824264593814
1.8852 -0.001112824264593811
1.8852 -0.003326255144032925
1.8852 -0.00550303307422649
1.8852 -0.007618722755677486
1.8852 -0.009648888888888891
1.8852 -0.01156909617436366
1.8852 -0.01335490931260479
1.8852 -0.01498189300411522
1.8852 -0.01642561194939795
1.8852 -0.01766163084895594
1.8852 -0.01866551440329219
1.8852 -0.01941282731290961
1.8852 -0.01987913427831124
1.8852 -0.02004
1.885336317247412 -0.0200327431112407
1.885725441026389 -0.02001202799241872
1.88633762939204 -0.01997943796471789
1.887143140399475 -0.01993655634932206
1.888112232103805 -0.01988496646741508
1.88921516256014 -0.01982625164018078
1.890422189823589 -0.01976199518880303
1.891703571949264 -0.01969378043446567
1.893029566992273 -0.01962319069835253
1.894370433007727 -0.01955180930164747
1.895696428050736 -0.01948121956553434
1.89697781017641 -0.01941300481119696
1.89818483743986 -0.01934874835981922
1.899287767896195 -0.01929003353258493
1.900256859600525 -0.01923844365067794
1.90106237060796 -0.01919556203528211
1.901674558973611 -0.01916297200758128
1.902063682752588 -0.0191422568887593
1.9022 -0.019135
1.9022 -0.019435
1.9022 -0.019735
1.9022 -0.020035
1.9022 -0.020335
1.9022 -0.020635
1.9019 -0.020674
1.901473764201487 -0.02072911694149829
1.901008443436166 -0.02078931687795569
1.900502608569841 -0.02085473476530918
1.899954830468316 -0.02092550555949574
1.899363679997394 -0.02100176421645233
1.89872772802288 -0.02108364569211596
1.898045545410577 -0.02117128494242358
1.897315703026289 -0.02126481692331216
1.896536771735819 -0.0213643765907187
1.895707322404973 -0.02147009890058016
1.894825925899552 -0.02158211880883353
1.893891153085361 -0.02170057127141577
1.892901574828205 -0.02182559124426387
1.891855761993886 -0.02195731368331481
1.890752285448208 -0.02209587354450555
1.889589716056975 -0.02224140578377309
1.888366624685991 -0.02239404535705439
1.887081582201061 -0.02255392722028643
1.885733159467986 -0.02272118632940618
1.884319927352572 -0.02289595764035062
1.882840456720623 -0.02307837610905674
1.881293318437941 -0.02326857669146151
1.87967708337033 -0.0234666943435019
1.877990322383595 -0.02367286402111489
1.876231606343539 -0.02388722068023745
1.874399506115967 -0.02410989927680658
1.872492592566681 -0.02434103476675923
1.870509436561485 -0.02458076210603239
1.868448608966184 -0.02482921625056304
1.866308680646582 -0.02508653215628814
1.864088222468481 -0.02535284477914469
1.861785805297686 -0.02562828907506965
1.8594 -0.025913
1.856310890119993 -0.0262754379451612
1.852026077680947 -0.02676787179179364
1.846735411266738 -0.02736614923085666
1.840628739461238 -0.02804611795330959
1.833895910848323 -0.02878362565011178
1.826726774011868 -0.02955452001222257
1.819311177535746 -0.03033464873060131
1.811838970003832 -0.03109985949620734
1.8045 -0.031826
1.796983102179752 -0.03254784863086187
1.788917853248729 -0.0333048664112184
1.780405214866018 -0.0340799249823433
1.771546148690704 -0.03485589598551023
1.762441616381872 -0.03561565106199287
1.753192579598609 -0.0363420618530649
1.7439 -0.037018
1.734381113316402 -0.0376780837717188
1.72449617649311 -0.03833978046880695
1.714410683011617 -0.0389602352800357
1.704290126353417 -0.03949659339417631
1.6943 -0.039906
1.684454536143907 -0.04023920538533695
1.674643304480354 -0.04055416105850407
1.664844804744847 -0.04081881403900271
1.655037536672894 -0.04100111134633424
1.6452 -0.041069
1.635255526638766 -0.04100555627434743
1.62521838519013 -0.0408313488230423
1.615203480422112 -0.04057056323456346
1.605325717102729 -0.04024738509738974
1.5957 -0.039886
1.585985082163669 -0.03933032365867954
1.576096917377082 -0.0384910030336444
1.566536211508661 -0.03749232057926948
1.557803670426827 -0.03645855874992971
1.5504 -0.035514
1.54442447289398 -0.03465257579542564
1.5395 -0.03382
1.535374266078023 -0.03305424143571804
1.531751600927163 -0.03232889340238369
1.528353135312721 -0.03159934866785749
1.5249 -0.030821
1.521196349991472 -0.02994998048122183
1.517430359884018 -0.02901623432849449
1.513899189834556 -0.02808587101151991
1.5109 -0.027225
1.508439481056489 -0.02645675683311817
1.506263418779224 -0.02574077654202482
1.504277615973714 -0.02504791783437241
1.502387875445469 -0.02434903941781333
1.5005 -0.023615
1.498551553226227 -0.02281240698399395
1.496600670041376 -0.02195978137104941
1.494734010243411 -0.02110585226610791
1.493038233630298 -0.02029934877411093
1.4916 -0.019589
1.49041576012183 -0.0189890452298735
1.489383971012971 -0.0184564897458454
1.488444301843197 -0.01795421164688055
1.487536421782282 -0.0174450890319438
1.4866 -0.016892
1.485657573693783 -0.01629220750374734
1.4847 -0.015633
1.483690195420343 -0.01490247411316973
1.482636678192802 -0.01409568793019395
1.4815 -0.013171
1.4802 -0.011992
1.4791 -0.010858
1.4782 -0.009776399999999999
1.4774 -0.008748499999999999
1.4767 -0.0077765
1.4762 -0.0068604
1.4757 -0.006001
1.4754 -0.005198
1.4751 -0.0044509
1.4748 -0.0037583
1.4746 -0.0031195
1.4745 -0.0025302
1.4744 -0.0019903
1.4743 -0.0014964
1.4743 -0.00099828
1.4742 -0.00049896
1.4742 4.3027e-13
1.4742 0.00049899
1.4743 0.00099828
1.4743 0.0014964
1.4744 0.0019904
1.4745 0.0025302
1.4746 0.0031198
1.4748 0.0037586
1.475 0.0044511
1.4754 0.005198
1.4757 0.0060006
1.4762 0.0068598
1.4767 0.007776
1.4774 0.0087484
1.4782 0.0097772
1.4791 0.010859
2.0347 0.0001661
2.0347 0.0001661
2.0347 -0.0001661
2.0347 -0.0005164491225936604
2.0347 -0.0008305
2.034635632747493 -0.00107867290526913
2.03444496925611 -0.001305444488262453
2.034131666925053 -0.00151300457863494
2.033699383153529 -0.001703543006041564
2.033151775340742 -0.001879249600137297
2.032492500885897 -0.00204231419057711
2.031725217188197 -0.002194926607015977
2.030853581646848 -0.00233927667910887
2.029881251661056 -0.00247755423651076
2.028811884630023 -0.002611949108876622
2.027649137952956 -0.002744651125861425
2.026396669029058 -0.002877850117120143
2.025058135257534 -0.003013735912307748
2.023637194037589 -0.003154498341079211
2.022137502768426 -0.003302327233089508
2.020562718849253 -0.003459412417993606
2.018916499679273 -0.003627943725446481
2.017202502657689 -0.003810110985103104
2.015424385183709 -0.004008104026618447
2.013585804656535 -0.004224112679647484
2.011690418475372 -0.004460326773845186
2.009741884039426 -0.004718936138866523
2.0077438587479 -0.005002130604366469
2.0057 -0.0053121
2.003103877714197 -0.005728946099770616
1.999598236677489 -0.006303932314764146
1.995410496591872 -0.006995990930259043
1.990768077159341 -0.007764054231533767
1.985898398081893 -0.008567054503866767
1.981028879061524 -0.009363924032536504
1.976386939800227 -0.01011359510282143
1.9722 -0.010775
1.968160196731171 -0.01139823970611351
1.963901278945489 -0.0120473525007739
1.959563084167073 -0.01270217661561557
1.955285449920046 -0.01334255028227295
1.95120821372853 -0.01394831173238046
1.947471213116645 -0.0144992991975725
1.944214285608514 -0.01497535090948349
1.941577268728259 -0.01535630509974786
1.9397 -0.015622
1.938276718263103 -0.01581933658382049
1.936907728237056 -0.01600877132305655
1.935591966266167 -0.01619047569674255
1.934328368694742 -0.0163646211839129
1.933115871867089 -0.01653137926360197
1.931953412127515 -0.01669092141484415
1.930839925820327 -0.01684341911667384
1.929774349289832 -0.01698904384812542
1.928755618880337 -0.01712796708823328
1.92778267093615 -0.01726036031603179
1.926854441801578 -0.01738639501055537
1.925969867820927 -0.0175062426508384
1.925127885338506 -0.01762007471591525
1.92432743069862 -0.01772806268482032
1.923567440245578 -0.017830378036588
1.922846850323686 -0.01792719225025268
1.922164597277252 -0.01801867680484874
1.921519617450582 -0.01810500317941057
1.920910847187985 -0.01818634285297256
1.920337222833766 -0.0182628673045691
1.919797680732234 -0.01833474801323457
1.919291157227694 -0.01840215645800337
1.918816588664456 -0.01846526411790988
1.918372911386825 -0.01852424247198849
1.917959061739109 -0.01857926299927359
1.917573976065614 -0.01863049717879956
1.91721659071065 -0.01867811648960081
1.91688584201852 -0.0187222924107117
1.916580666333535 -0.01876319642116664
1.9163 -0.018801
1.9161 -0.018828
1.915864195949796 -0.01882473795611684
1.915617820906621 -0.01881508764652919
1.915360538639739 -0.01879925280432985
1.915092012918413 -0.01877743716261161
1.914811907511907 -0.01874984445446725
1.914519886189487 -0.01871667841298955
1.914215612720413 -0.01867814277127131
1.913898750873951 -0.0186344412624053
1.913568964419365 -0.01858577761948432
1.913225917125917 -0.01853235557560116
1.912869272762873 -0.01847437886384859
1.912498695099495 -0.0184120512173194
1.912113847905048 -0.01834557636910638
1.911714394948795 -0.01827515805230232
1.9113 -0.018201
1.910821607866402 -0.01808601018396595
1.910249939023384 -0.01790301664556708
1.909614320741679 -0.01766710322229672
1.908944080292019 -0.0173933537516482
1.908268544945134 -0.01709685207111487
1.907617041971759 -0.01679268201819004
1.907018898642623 -0.01649592743036707
1.906503442228459 -0.01622167214513928
1.9061 -0.015985
1.90577300818716 -0.01577851663542429
1.905466362996439 -0.01558362627877391
1.905178581663439 -0.01539861064787232
1.904908181423763 -0.01522175146054297
1.904653679513015 -0.01505133043460928
1.904413593166798 -0.01488562928789469
1.904186439620715 -0.01472292973822266
1.903970736110369 -0.01456151350341663
1.903764999871365 -0.01439966230130003
1.903567748139305 -0.01423565784969631
1.903377498149792 -0.01406778186642891
1.903192767138431 -0.01389431606932127
1.903012072340823 -0.01371354217619684
1.902833930992573 -0.01352374190487906
1.902656860329283 -0.01332319697319136
1.902479377586558 -0.01311018909895719
1.9023 -0.012883
1.902117113763451 -0.0126415290249561
1.901930454753602 -0.01238715185694854
1.90174056473033 -0.01212036471553085
1.90154798545351 -0.01184166382025659
1.90135325868302 -0.01155154539067929
1.901156926178737 -0.01125050564635248
1.900959529700537 -0.0109390408068297
1.900761611008296 -0.01061764709166451
1.900563711861892 -0.01028682072041043
1.900366374021201 -0.009947057912621
1.900170139246101 -0.009598854887849766
1.899975549296466 -0.009242707865650263
1.899783145932175 -0.008879113065576035
1.899593470913103 -0.008508566707180615
1.899407065999129 -0.008131565010017544
1.899224472950128 -0.007748604193640364
1.899046233525976 -0.007360180477602613
1.898872889486551 -0.006966790081457827
1.898704982591729 -0.006568929224759549
1.898543054601388 -0.006167094127061318
1.898387647275402 -0.005761781007916673
1.898239302373651 -0.005353486086879147
1.898098561656009 -0.00494270558350229
1.897965966882354 -0.004529935717339636
1.897842059812562 -0.004115672707944719
1.897727382206511 -0.003700412774871086
1.897622475824076 -0.003284652137672268
1.897527882425134 -0.002868887015901818
1.897444143769563 -0.002453613629113264
1.897371801617238 -0.002039328196860147
1.897311397728037 -0.001626526938696008
1.897263473861836 -0.001215706074174381
1.897228571778511 -0.0008073618228488196
1.897207233237941 -0.0004019904042728431
1.8972 -8.8038e-08
1.897209217885099 0.0004083426007178782
1.897236192296123 0.0008323555859284768
1.897279904366657 0.001270039822027522
1.897339335230292 0.001719484213410739
1.897413466020613 0.002178777664473854
1.89750127787121 0.002646009079612592
1.897601751915669 0.003119267363222682
1.897713869287579 0.003596641419699845
1.897836611120528 0.004076220153439812
1.897968958548102 0.004556092468838304
1.898109892703891 0.005034347270291053
1.898258394721481 0.005509073462193779
1.898413445734461 0.005978359948942209
1.898574026876418 0.006440295634932072
1.898739119280941 0.00689296942455909
1.898907704081616 0.007334470222218992
1.899078762412032 0.007762886932307504
1.899251275405777 0.008176308459220348
1.899424224196437 0.008572823707353253
1.899596589917603 0.008950521581101946
1.899767353702859 0.00930749098486215
1.899935496685796 0.009641820823029595
1.9001 0.0099516
1.900262143651123 0.0102426227345032
1.900424256217856 0.01052241494388115
1.900586891693345 0.01079166308044772
1.900750604070738 0.01105105359651681
1.900915947343182 0.01130127294440231
1.901083475503822 0.01154300757641811
1.901253742545806 0.0117769439448781
1.901427302462281 0.01200376850209616
1.901604709246394 0.01222416770038619
1.90178651689129 0.01243882799206208
1.901973279390118 0.01264843582943772
1.902165550736024 0.01285367766482699
1.902363884922154 0.01305523995054379
1.902568835941656 0.013253809138902
1.902780957787676 0.01345007168221552
1.903000804453361 0.01364471403279824
1.903228929931859 0.01383842264296404
1.903465888216314 0.01403188396502682
1.903712233299876 0.01422578445130046
1.903968519175689 0.01442081055409885
1.904235299836902 0.01461764872573589
1.904513129276661 0.01481698541852546
1.904802561488112 0.01501950708478145
1.905104150464403 0.01522590017681776
1.90541845019868 0.01543685114694827
1.905746014684091 0.01565304644748687
1.906087397913781 0.01587517253074746
1.906443153880898 0.01610391584904391
1.906813836578589 0.01633996285469013
1.9072 0.016584
1.907711782764759 0.01686366602183719
1.908403364694802 0.01718382767088392
1.909191361586739 0.01751101342018187
1.909992389237178 0.01781175174277275
1.910723063442729 0.01805257111169822
1.9113 0.0182
1.911759714077242 0.01828690175521856
1.912195065555691 0.01836828747472585
1.912607187301437 0.01844390725631084
1.91299721218057 0.01851351119776245
1.91336627305918 0.01857684939686963
1.913715502803356 0.01863367195142131
1.914046034279189 0.01868372895920643
1.914359000352768 0.01872677051801393
1.914655533890183 0.01876254672563275
1.914936767757524 0.01879080767985183
1.915203834820881 0.01881130347846011
1.915457867946343 0.01882378421924652
1.9157 0.018828
1.915886546549907 0.01882738487845131
1.9161 0.018826
1.916464068489228 0.01881187253509909
1.91697173603144 0.01877320930798131
1.917617314558897 0.01871097052860826
1.918395116003857 0.01862611640694156
1.91929945229858 0.01851960715294283
1.920324635375326 0.01839240297657366
1.921464977166355 0.0182454640877957
1.922714789603927 0.01807975069657055
1.9240683846203 0.01789622301285981
1.925520074147736 0.01769584124662511
1.927064170118493 0.01747956560782806
1.928694984464831 0.01724835630643027
1.93040682911901 0.01700317355239336
1.932194016013291 0.01674497755567894
1.934050857079931 0.01647472852624864
1.935971664251191 0.01619338667406405
1.937950749459332 0.01590191220908679
1.939982424636612 0.01560126534127849
1.942061001715292 0.01529240628060075
1.94418079262763 0.01497629523701519
1.946336109305887 0.01465389242048342
1.948521263682322 0.01432615804096705
1.950730567689196 0.01399405230842771
1.952958333258767 0.01365853543282701
1.955198872323296 0.01332056762412655
1.957446496815043 0.01298110909228795
1.959695518666266 0.01264112004727284
1.961940249809226 0.01230156069904281
1.964175002176182 0.0119633912575595
1.966394087699395 0.0116275719327845
1.968591818311123 0.01129506293467943
1.970762505943627 0.01096682447320592
1.972900462529166 0.01064381675832557
1.975 0.010327
1.977193702523292 0.009993211164767691
1.979599758004526 0.009621765472425419
1.982190883983444 0.009217340512822214
1.984939797999789 0.008784613875807109
1.987819217593302 0.008328263151229143
1.990801860303726 0.007852965928937347
1.993860443670803 0.007363399798780754
1.996967685234276 0.006864242350608404
2.000096302533886 0.006360171174269329
2.003219013109375 0.005855863859612561
2.006308534500485 0.005355997996487138
2.00933758424696 0.004865251174742092
2.012278879888541 0.004388300984226458
2.01510513896497 0.003929825014789272
2.017789079015989 0.003494500856279567
2.020303417581342 0.003087006098546378
2.022620872200769 0.002712018331438735
2.024714160414012 0.002374215144805683
2.026555999760815 0.002078274128496248
2.028119107780919 0.001828872872359465
2.029376202014067 0.001630688966244373
2.0303 0.0014884
2.031041947994966 0.001390993757741294
2.031760336262354 0.001318856173838677
2.032438148352616 0.001263762063524399
2.033058367816209 0.001217486242030713
2.033603978203584 0.001171803524589871
2.034057963065197 0.001118488726434127
2.034403305951502 0.001049316662795732
2.034622990412951 0.0009560621489069392
2.0347 0.0008305
2.0347 0.0004983
2.0347 0.0001661
*END
