*KEYWORD
*DEFINE_CURVE_TITLE
SYNTHETIC screenshot reconstruction absolute pressure
$ LCID SIDR SFA SFO OFFA OFFO DATTYP
26 0 1.0 1.0 0.0 0.0 0
$ Not a CFD solver result; screenshot anchors plus interpolated rows.
$ X in metres; ordinate in metres or absolute pressure in Pa.
$ ABSCISSA ORDINATE
1.4791 102040
1.479851735675113 101878.3407684839
1.480724157317516 101720.7578053593
1.481711671244822 101567.7098139327
1.482808683774642 101419.6554975103
1.48400960122459 101277.0535593986
1.485308829912277 101140.3627029038
1.486700776155315 101010.0416313322
1.488179846271316 100886.5490479904
1.489740446577894 100770.3436561845
1.491376983392658 100661.8841592209
1.493083863033223 100561.629260406
1.4948554918172 100470.0376630461
1.496686276062202 100387.5680704476
1.498570622085839 100314.6791859167
1.500502936205726 100251.8297127599
1.502477624739473 100199.4783542835
1.504489094004693 100158.0838137938
1.506531750318998 100128.1047945972
1.5086 100110
1.51071234126088 100098.3080272317
1.512911411375217 100087.3410800699
1.515227825251226 100077.2182716428
1.517692197797119 100068.0587150787
1.52033514392111 100059.9815235058
1.523187278531413 100053.1058100524
1.52627921653624 100047.5506878469
1.529641572843804 100043.4352700175
1.53330496236232 100040.8786696924
1.5373 100040
1.542224457603239 100043.6611976048
1.548474587033738 100053.8620359281
1.555778723222672 100069.4283832335
1.563865201101215 100089.1861077844
1.57246235560054 100111.9610778443
1.581298521651822 100136.5791616766
1.590102034186235 100161.8662275449
1.598601228134953 100186.6481437126
1.60652443842915 100209.7507784431
1.6136 100230
1.619711731351954 100247.6131666374
1.625241775432379 100264.3221346428
1.630665953836827 100281.2245193295
1.63646008816085 100299.4179360108
1.6431 100320
1.651076798471014 100344.5941015623
1.660411382713937 100373.5918259927
1.670874259359286 100406.2430811493
1.682235935037575 100441.7977748902
1.694266916379319 100479.5058150733
1.706737710015032 100518.6171095567
1.719418822575228 100558.3815661986
1.732080760690424 100598.0490928568
1.744494030991133 100636.8695973895
1.756429140107871 100674.0929876547
1.767656594671152 100708.9691715105
1.77794690131149 100740.7480568148
1.787070566659402 100768.6795514259
1.7947980973454 100792.0135632016
1.8009 100810
1.8060604877428 100824.9047587693
1.811114687291474 100839.4876975464
1.816059475673645 100853.7396658222
1.820891729916942 100867.6515130878
1.825608327048989 100881.2140888341
1.830206144097412 100894.4182425523
1.834682058089838 100907.2548237334
1.839032946053892 100919.7146818683
1.843255685017201 100931.7886664481
1.847347152007389 100943.4676269638
1.851304224052085 100954.7424129064
1.855123778178912 100965.603873767
1.858802691415497 100976.0428590367
1.862337840789467 100986.0502182063
1.865726103328447 100995.616800767
1.868964356060062 101004.7334562098
1.87204947601194 101013.3910340256
1.874978340211706 101021.5803837056
1.877747825686985 101029.2923547407
1.880354809465405 101036.517796622
1.88279616857459 101043.2475588405
1.885068780042167 101049.4724908872
1.887169520895762 101055.1834422532
1.889095268163 101060.3712624294
1.890842898871508 101065.026800907
1.892409290048911 101069.1409071768
1.893791318722836 101072.70443073
1.894985861920909 101075.7082210576
1.895989796670755 101078.1431276506
1.8968 101080
1.897504777027824 101081.5261151448
1.898189300872436 101082.9769500352
1.898845750560009 101084.355654029
1.899466305116718 101085.665376484
1.900043143568734 101086.9092667583
1.90056844494223 101088.0904742095
1.901034388263381 101089.2121481956
1.901433152558359 101090.2774380744
1.901756916853336 101091.2894932037
1.901997860174487 101092.2514629414
1.902148161547984 101093.1664966454
1.9022 101094.0377436735
1.9022 101094.8683533835
1.9022 101095.6614751334
1.9022 101096.420258281
1.9022 101097.147852184
1.9022 101097.8474062005
1.902063682752588 101098.5220696882
1.901674558973611 101099.174992005
1.90106237060796 101099.8093225086
1.900256859600525 101100.4282105572
1.899287767896195 101101.0348055083
1.89818483743986 101101.63225672
1.896977810176411 101102.22371355
1.895696428050736 101102.8123253562
1.894370433007727 101103.4012414964
1.893029566992273 101103.9936113286
1.891703571949264 101104.5925842105
1.890422189823589 101105.2013095001
1.88921516256014 101105.8229365551
1.888112232103805 101106.4606147335
1.887143140399475 101107.117493393
1.88633762939204 101107.7967218916
1.885725441026389 101108.501449587
1.885336317247412 101109.2348258372
1.8852 101110
1.8852 101110.8055330622
1.8852 101111.6540490802
1.8852 101112.5397920163
1.8852 101113.457005833
1.8852 101114.3999344924
1.8852 101115.3628219571
1.8852 101116.3399121892
1.8852 101117.3254491512
1.8852 101118.3136768053
1.8852 101119.2988391139
1.8852 101120.2751800394
1.8852 101121.236943544
1.8852 101122.1783735901
1.8852 101123.0937141401
1.8852 101123.9772091562
1.8852 101124.8231026008
1.8852 101125.6256384362
1.8852 101126.3790606249
1.8852 101127.077613129
1.8852 101127.7155399109
1.8852 101128.2870849331
1.8852 101128.7864921577
1.8852 101129.2080055471
1.8852 101129.5458690638
1.8852 101129.7943266699
1.8852 101129.9476223279
1.8852 101130
1.885336317247412 101129.7469924785
1.885725441026389 101128.9887921456
1.88633762939204 101127.7266323487
1.887143140399475 101125.9617464352
1.888112232103805 101123.6953677526
1.88921516256014 101120.9287296483
1.890422189823589 101117.6630654698
1.891703571949264 101113.8996085645
1.893029566992273 101109.6395922797
1.894370433007727 101104.884249963
1.895696428050736 101099.6348149617
1.89697781017641 101093.8925206234
1.89818483743986 101087.6586002953
1.899287767896195 101080.934287325
1.900256859600525 101073.7208150599
1.90106237060796 101066.0194168474
1.901674558973611 101057.831326035
1.902063682752588 101049.1577759701
1.9022 101040
1.9022 101020
1.9022 101030
1.9022 100990
1.9022 100730
1.9022 100800
1.9019 101070
1.901473764201487 101069.8900854273
1.901008443436166 101069.5614547681
1.900502608569841 101069.0157776108
1.899954830468316 101068.254723544
1.899363679997394 101067.279962156
1.89872772802288 101066.0931630353
1.898045545410577 101064.6959957704
1.897315703026289 101063.0901299496
1.896536771735819 101061.2772351615
1.895707322404973 101059.2589809945
1.894825925899552 101057.037037037
1.893891153085361 101054.6130728775
1.892901574828205 101051.9887581045
1.891855761993886 101049.1657623063
1.890752285448208 101046.1457550714
1.889589716056975 101042.9304059883
1.888366624685991 101039.5213846453
1.887081582201061 101035.9203606311
1.885733159467986 101032.129003534
1.884319927352572 101028.1489829424
1.882840456720623 101023.9819684448
1.881293318437941 101019.6296296296
1.87967708337033 101015.0936360854
1.877990322383595 101010.3756574005
1.876231606343539 101005.4773631633
1.874399506115967 101000.4004229624
1.872492592566681 100995.1465063862
1.870509436561485 100989.7172830231
1.868448608966184 100984.1144224615
1.866308680646582 100978.33959429
1.864088222468481 100972.3944680969
1.861785805297686 100966.2807134708
1.8594 100960
1.856310890119993 100951.7955013094
1.852026077680947 100940.2573185559
1.846735411266738 100925.9075126263
1.840628739461238 100909.268144407
1.833895910848323 100890.8612747849
1.826726774011868 100871.2089646465
1.819311177535746 100850.8332748784
1.811838970003832 100830.2562663674
1.8045 100810
1.796983102179752 100789.2527332361
1.788917853248729 100766.989340379
1.780405214866018 100743.4118075802
1.771546148690704 100718.7221209913
1.762441616381872 100693.1222667639
1.753192579598609 100666.8142310496
1.7439 100640
1.734381113316402 100612.0748387097
1.72449617649311 100582.624516129
1.714410683011617 100552.1367741935
1.704290126353417 100521.0993548387
1.6943 100490
1.684454536143907 100458.6606451613
1.674643304480354 100426.7432258065
1.664844804744847 100394.495483871
1.655037536672894 100362.1651612903
1.6452 100330
1.635255526638766 100297.0518518519
1.62521838519013 100263.1555555556
1.615203480422112 100229.7333333333
1.605325717102729 100198.2074074074
1.5957 100170
1.585985082163669 100143.9607281858
1.576096917377082 100118.7710734463
1.566536211508661 100095.6010546139
1.557803670426827 100075.620690521
1.5504 100060
1.54442447289398 100046.7372881356
1.5395 100040
1.535374266078023 100052.5
1.531751600927163 100080
1.528353135312721 100107.5
1.5249 100120
1.521196349991472 100115.3125
1.517430359884018 100105
1.513899189834556 100094.6875
1.5109 100090
1.508439481056489 100105.2457142857
1.506263418779224 100144.9371428571
1.504277615973714 100200.0057142857
1.502387875445469 100261.3828571429
1.5005 100320
1.498551553226227 100382.1208163265
1.496600670041376 100454.5053061224
1.494734010243411 100528.8293877551
1.493038233630298 100596.7689795918
1.4916 100650
1.49041576012183 100686.6105752443
1.489383971012971 100714.5092767532
1.488444301843197 100740.10269064
1.487536421782282 100769.7974030179
1.4866 100810
1.485657573693783 100871.6738017505
1.4847 100960
1.483690195420343 101085.9878304721
1.482636678192802 101255.8221980644
1.4815 101460
1.4802 101740
1.4791 102020
1.4782 102290
1.4774 102550
1.4767 102800
1.4762 103040
1.4757 103260
1.4754 103450
1.4751 103630
1.4748 103770
1.4746 103890
1.4745 103990
1.4744 104060
1.4743 104110
1.4743 104150
1.4742 104170
1.4742 104180
1.4742 104170
1.4743 104150
1.4743 104110
1.4744 104060
1.4745 103990
1.4746 103900
1.4748 103780
1.475 103640
1.4754 103470
1.4757 103280
1.4762 103060
1.4767 102830
1.4774 102570
1.4782 102310
1.4791 102040
2.0347 101841.9838545941
2.0347 101841.9838545941
2.0347 101878.0161454059
2.0347 101889.4869857211
2.0347 101890.0807270294
2.034635632747493 101903.9108542982
2.03444496925611 101916.9149338423
2.034131666925053 101929.1977906617
2.033699383153529 101940.8642497563
2.033151775340742 101952.0191361262
2.032492500885897 101962.7672747714
2.031725217188197 101973.2134906919
2.030853581646848 101983.4626088876
2.029881251661056 101993.6194543587
2.028811884630023 102003.788852105
2.027649137952956 102014.0756271266
2.026396669029058 102024.5846044234
2.025058135257534 102035.4206089955
2.023637194037589 102046.6884658429
2.022137502768426 102058.4929999655
2.020562718849253 102070.9390363634
2.018916499679273 102084.1314000366
2.017202502657689 102098.174915985
2.015424385183709 102113.1744092087
2.013585804656535 102129.2347047076
2.011690418475372 102146.4606274818
2.009741884039426 102164.9570025312
2.0077438587479 102184.8286548559
2.0057 102206.1804094558
2.003103877714197 102232.970377291
1.999598236677489 102267.8106872693
1.995410496591872 102308.787191313
1.990768077159341 102353.9857413441
1.985898398081893 102401.4921892849
1.981028879061524 102449.3923870573
1.976386939800227 102495.7721865836
1.9722 102538.7174397859
1.968160196731171 102581.8035967623
1.963901278945489 102628.5132515577
1.959563084167073 102676.7929720141
1.955285449920046 102724.5893259737
1.95120821372853 102769.8488812785
1.947471213116645 102810.5182057706
1.944214285608514 102844.5438672923
1.941577268728259 102869.8724336854
1.9397 102884.4504727921
1.938276718263103 102892.5272764127
1.936907728237056 102899.7542878069
1.935591966266167 102906.1813020066
1.934328368694742 102911.8581140437
1.933115871867089 102916.83451895
1.931953412127515 102921.1603117573
1.930839925820327 102924.8852874973
1.929774349289832 102928.0592412019
1.928755618880337 102930.7319679029
1.92778267093615 102932.9532626322
1.926854441801578 102934.7729204216
1.925969867820927 102936.2407363029
1.925127885338506 102937.4065053078
1.92432743069862 102938.3200224683
1.923567440245578 102939.0310828161
1.922846850323686 102939.5894813831
1.922164597277252 102940.045013201
1.921519617450582 102940.4474733017
1.920910847187985 102940.8466567171
1.920337222833766 102941.2923584788
1.919797680732234 102941.8343736189
1.919291157227694 102942.5224971689
1.918816588664456 102943.4065241609
1.918372911386825 102944.5362496265
1.917959061739109 102945.9614685977
1.917573976065614 102947.7319761062
1.91721659071065 102949.8975671838
1.91688584201852 102952.5080368624
1.916580666333535 102955.6131801739
1.9163 102959.2627921499
1.9161 102972.1913648528
1.915864195949796 102990.1086506808
1.915617820906621 103016.1422369601
1.915360538639739 103048.8218406118
1.915092012918413 103086.677178557
1.914811907511907 103128.2379677168
1.914519886189487 103172.0339250122
1.914215612720413 103216.5947673643
1.913898750873951 103260.4502116942
1.913568964419365 103302.1299749229
1.913225917125917 103340.1637739716
1.912869272762873 103373.0813257612
1.912498695099495 103399.4123472129
1.912113847905048 103417.6865552478
1.911714394948795 103426.4336667868
1.9113 103424.1833987511
1.910821607866402 103398.6794028916
1.910249939023384 103343.906334583
1.909614320741679 103267.7554161818
1.908944080292019 103178.1178700446
1.908268544945134 103082.8849185279
1.907617041971759 102989.9477839884
1.907018898642623 102907.1976887826
1.906503442228459 102842.5258552671
1.9061 102803.8235057984
1.90577300818716 102781.7950796635
1.905466362996439 102761.7025717389
1.905178581663439 102743.2735377655
1.904908181423763 102726.2355334843
1.904653679513015 102710.316114636
1.904413593166798 102695.2428369617
1.904186439620715 102680.7432562023
1.903970736110369 102666.5449280986
1.903764999871365 102652.3754083916
1.903567748139305 102637.9622528223
1.903377498149792 102623.0330171315
1.903192767138431 102607.3152570601
1.903012072340823 102590.5365283491
1.902833930992573 102572.4243867393
1.902656860329283 102552.7063879717
1.902479377586558 102531.1100877873
1.9023 102507.3630419268
1.902117113763451 102481.7243977521
1.901930454753602 102454.6707772987
1.90174056473033 102426.2559483192
1.90154798545351 102396.5336785658
1.90135325868302 102365.5577357909
1.901156926178737 102333.3818877469
1.900959529700537 102300.0599021859
1.900761611008296 102265.6455468605
1.900563711861892 102230.1925895228
1.900366374021201 102193.7547979253
1.900170139246101 102156.3859398202
1.899975549296466 102118.1397829599
1.899783145932175 102079.0700950968
1.899593470913103 102039.2306439831
1.899407065999129 101998.6751973712
1.899224472950128 101957.4575230135
1.899046233525976 101915.6313886622
1.898872889486551 101873.2505620696
1.898704982591729 101830.3688109882
1.898543054601388 101787.0399031702
1.898387647275402 101743.317606368
1.898239302373651 101699.255688334
1.898098561656009 101654.9079168203
1.897965966882354 101610.3280595795
1.897842059812562 101565.5698843637
1.897727382206511 101520.6871589253
1.897622475824076 101475.7336510168
1.897527882425134 101430.7631283903
1.897444143769563 101385.8293587982
1.897371801617238 101340.9861099929
1.897311397728037 101296.2871497267
1.897263473861836 101251.7862457519
1.897228571778511 101207.5371658209
1.897207233237941 101163.5936776859
1.8972 101120.0095490994
1.897209217885099 101075.6372860663
1.897236192296123 101029.4378795505
1.897279904366657 100981.6278247428
1.897339335230292 100932.4236168341
1.897413466020613 100882.041751015
1.89750127787121 100830.6987224764
1.897601751915669 100778.611026409
1.897713869287579 100725.9951580036
1.897836611120528 100673.0676124509
1.897968958548102 100620.0448849418
1.898109892703891 100567.1434706671
1.898258394721481 100514.5798648174
1.898413445734461 100462.5705625836
1.898574026876418 100411.3320591564
1.898739119280941 100361.0808497266
1.898907704081616 100312.0334294851
1.899078762412032 100264.4062936225
1.899251275405777 100218.4159373296
1.899424224196437 100174.2788557972
1.899596589917603 100132.2115442161
1.899767353702859 100092.4304977771
1.899935496685796 100055.1522116709
1.9001 100020.5931810883
1.900262143651123 99988.06284270072
1.900424256217856 99956.68143256741
1.900586891693345 99926.38164496086
1.900750604070738 99897.09617415357
1.900915947343182 99868.75771441808
1.901083475503822 99841.29896002689
1.901253742545806 99814.6526052525
1.901427302462281 99788.75134436745
1.901604709246394 99763.52787164424
1.90178651689129 99738.91488135536
1.901973279390118 99714.84506777336
1.902165550736024 99691.2511251707
1.902363884922154 99668.06574781993
1.902568835941656 99645.22162999357
1.902780957787676 99622.65146596411
1.903000804453361 99600.28795000407
1.903228929931859 99578.06377638594
1.903465888216314 99555.91163938226
1.903712233299876 99533.76423326552
1.903968519175689 99511.55425230825
1.904235299836902 99489.21439078294
1.904513129276661 99466.67734296215
1.904802561488112 99443.87580311832
1.905104150464403 99420.74246552403
1.90541845019868 99397.21002445175
1.905746014684091 99373.21117417399
1.906087397913781 99348.67860896328
1.906443153880898 99323.54502309213
1.906813836578589 99297.74311083303
1.9072 99271.20556645852
1.907711782764759 99273.46400062542
1.908403364694802 99320.21893892439
1.909191361586739 99390.65644802862
1.909992389237178 99463.96259461126
1.910723063442729 99519.32344534551
1.9113 99535.92506690454
1.911759714077242 99520.8011770225
1.912195065555691 99495.81239476948
1.912607187301437 99462.3851388225
1.91299721218057 99421.94582785873
1.91336627305918 99375.92088055518
1.913715502803356 99325.736715589
1.914046034279189 99272.81975163726
1.914359000352768 99218.59640737706
1.914655533890183 99164.49310148548
1.914936767757524 99111.93625263963
1.915203834820881 99062.35227951656
1.915457867946343 99017.16760079339
1.9157 98977.80863514719
1.915886546549907 98933.88269565545
1.9161 98908.02556645851
1.916464068489228 98910.24139783988
1.91697173603144 98916.44982781734
1.917617314558897 98926.49321326394
1.918395116003857 98940.21391105271
1.91929945229858 98957.45427805664
1.920324635375326 98978.05667114872
1.921464977166355 99001.86344720198
1.922714789603927 99028.71696308944
1.9240683846203 99058.45957568409
1.925520074147736 99090.93364185898
1.927064170118493 99125.9815184871
1.928694984464831 99163.44556244144
1.93040682911901 99203.16813059505
1.932194016013291 99244.99157982091
1.934050857079931 99288.75826699205
1.935971664251191 99334.31054898151
1.937950749459332 99381.49078266222
1.939982424636612 99430.14132490726
1.942061001715292 99480.10453258963
1.94418079262763 99531.22276258234
1.946336109305887 99583.33837175838
1.948521263682322 99636.29371699078
1.950730567689196 99689.93115515256
1.952958333258767 99744.09304311671
1.955198872323296 99798.62173775627
1.957446496815043 99853.35959594422
1.959695518666266 99908.14897455358
1.961940249809226 99962.8322304574
1.964175002176182 100017.2517205286
1.966394087699395 100071.2498016403
1.968591818311123 100124.6688306655
1.970762505943627 100177.3511644771
1.972900462529166 100229.1391599482
1.975 100279.8751739518
1.977193702523292 100333.4525584284
1.979599758004526 100393.334532152
1.982190883983444 100458.7182522456
1.984939797999789 100528.8008758324
1.987819217593302 100602.7795600355
1.990801860303726 100679.8514619781
1.993860443670803 100759.2137387833
1.996967685234276 100840.0635475743
2.000096302533886 100921.5980454741
2.003219013109375 101003.014389606
2.006308534500485 101083.509737093
2.00933758424696 101162.2812450584
2.012278879888541 101238.5260706251
2.01510513896497 101311.4413709165
2.017789079015989 101380.2243030556
2.020303417581342 101444.0720241655
2.022620872200769 101502.1816913694
2.024714160414012 101553.7504617905
2.026555999760815 101597.9754925518
2.028119107780919 101634.0539407766
2.029376202014067 101661.1829635879
2.0303 101678.5597181088
2.031041947994966 101688.6183066041
2.031760336262354 101694.929234767
2.032438148352616 101698.3942648638
2.033058367816209 101699.9151591609
2.033603978203584 101700.3936799245
2.034057963065197 101700.731589421
2.034403305951502 101701.8306499167
2.034622990412951 101704.5926236777
2.0347 101709.9192729706
2.0347 101725.9515637823
2.0347 101841.9838545941
*END
