*KEYWORD
*DEFINE_CURVE_TITLE
SYNTHETIC screenshot reconstruction absolute pressure
$ LCID SIDR SFA SFO OFFA OFFO DATTYP
26 0 1.0 1.0 0.0 0.0 0
$ Not a CFD solver result; screenshot anchors plus interpolated rows.
$ X in metres; ordinate in metres or absolute pressure in Pa.
$ ABSCISSA ORDINATE
1.4791 99652.82145963426
1.479851735675113 99346.56053269992
1.480724157317516 99045.41471942463
1.481711671244822 98749.70070302201
1.482808683774642 98459.73516670569
1.48400960122459 98175.83479368925
1.485308829912277 97898.31626718635
1.486700776155315 97627.49627041057
1.488179846271316 97363.69148657554
1.489740446577894 97107.21859889488
1.491376983392658 96858.39429058218
1.493083863033223 96617.5352448511
1.4948554918172 96384.95814491522
1.496686276062202 96160.97967398816
1.498570622085839 95945.91651528352
1.500502936205726 95740.08535201497
1.502477624739473 95543.80286739608
1.504489094004693 95357.38574464049
1.506531750318998 95181.15066696178
1.5086 95015.4143175736
1.51071234126088 94857.67714968548
1.512911411375217 94704.71845515583
1.515227825251226 94555.77317517153
1.517692197797119 94410.07625091942
1.52033514392111 94266.86262358639
1.523187278531413 94125.36723435931
1.52627921653624 93984.82502442505
1.529641572843804 93844.47093497051
1.53330496236232 93703.53990718254
1.5373 93561.26688224799
1.542224457603239 93409.67957386734
1.548474587033738 93245.53636039776
1.555778723222672 93075.16818001137
1.563865201101215 92904.90597088024
1.57246235560054 92741.0806711764
1.581298521651822 92590.02321907193
1.590102034186235 92458.0645527389
1.598601228134953 92351.53561034941
1.60652443842915 92276.76733007547
1.6136 92240.0906500892
1.619711731351954 92225.21406274768
1.625241775432379 92213.20620196982
1.630665953836827 92206.43821827038
1.63646008816085 92207.28126216416
1.6431 92218.10648416592
1.651076798471014 92256.16617807077
1.660411382713937 92333.68339800216
1.670874259359286 92445.48543496757
1.682235935037575 92586.39957997436
1.694266916379319 92751.25312402996
1.706737710015032 92934.87335814173
1.719418822575228 93132.08757331711
1.732080760690424 93337.72306056351
1.744494030991133 93546.60711088832
1.756429140107871 93753.56701529893
1.767656594671152 93953.43006480276
1.77794690131149 94141.0235504072
1.787070566659402 94311.17476311969
1.7947980973454 94458.71099394758
1.8009 94578.45953389831
1.8060604877428 94682.39556509411
1.811114687291474 94785.8318957571
1.816059475673645 94888.60225604445
1.820891729916942 94990.54037611339
1.825608327048989 95091.47998612106
1.830206144097412 95191.2548162247
1.834682058089838 95289.69859658144
1.839032946053892 95386.64505734851
1.843255685017201 95481.92792868307
1.847347152007389 95575.38094074233
1.851304224052085 95666.83782368345
1.855123778178912 95756.13230766365
1.858802691415497 95843.09812284011
1.862337840789467 95927.56899937001
1.865726103328447 96009.37866741054
1.868964356060062 96088.36085711888
1.87204947601194 96164.34929865223
1.874978340211706 96237.17772216778
1.877747825686985 96306.67985782272
1.880354809465405 96372.68943577421
1.88279616857459 96435.04018617947
1.885068780042167 96493.56583919567
1.887169520895762 96548.10012498002
1.889095268163 96598.47677368969
1.890842898871508 96644.52951548187
1.892409290048911 96686.09208051373
1.893791318722836 96722.9981989425
1.894985861920909 96755.08160092533
1.895989796670755 96782.17601661944
1.8968 96804.11517618198
1.897504777027824 96821.6061281475
1.898189300872436 96835.92325327989
1.898845750560009 96847.75128008043
1.899466305116718 96857.77493705033
1.900043143568734 96866.6789526909
1.90056844494223 96875.14805550333
1.901034388263381 96883.86697398889
1.901433152558359 96893.52043664883
1.901756916853336 96904.79317198441
1.901997860174487 96918.36990849688
1.902148161547984 96934.9353746875
1.9022 96955.17429905751
1.9022 97001.38976058122
1.9022 97079.3726842146
1.9022 97165.03956743129
1.9022 97234.30690770502
1.9022 97263.09120250941
1.902063682752588 97262.12134413014
1.901674558973611 97258.39813784548
1.90106237060796 97252.24595061819
1.900256859600525 97243.98914941108
1.899287767896195 97233.95210118686
1.89818483743986 97222.45917290836
1.896977810176411 97209.8347315383
1.895696428050736 97196.40314403945
1.894370433007727 97182.48877737457
1.893029566992273 97168.41599850645
1.891703571949264 97154.50917439784
1.890422189823589 97141.09267201151
1.88921516256014 97128.49085831022
1.888112232103805 97117.02810025672
1.887143140399475 97107.02876481382
1.88633762939204 97098.81721894426
1.885725441026389 97092.71782961077
1.885336317247412 97089.05496377617
1.8852 97088.15298840321
1.8852 97121.47289940658
1.8852 97216.94358156367
1.8852 97369.59123513129
1.8852 97574.44206036621
1.8852 97826.52225752527
1.8852 98120.85802686526
1.8852 98452.47556864299
1.8852 98816.40108311524
1.8852 99207.66077053885
1.8852 99621.28083117059
1.8852 100052.2874652673
1.8852 100495.7068730857
1.8852 100946.5652548827
1.8852 101399.888810915
1.8852 101850.7037414394
1.8852 102294.0362467129
1.8852 102724.912526992
1.8852 103138.3587825338
1.8852 103529.4012135949
1.8852 103893.0660204321
1.8852 104224.3794033023
1.8852 104518.3675624623
1.8852 104770.0566981689
1.8852 104974.4730106788
1.8852 105126.6427002489
1.8852 105221.5919671359
1.8852 105254.3470115968
1.885336317247412 105252.6813999606
1.885725441026389 105247.8998516887
1.88633762939204 105240.3252967359
1.887143140399475 105230.2806650573
1.888112232103805 105218.0888866078
1.88921516256014 105204.0728913424
1.890422189823589 105188.5556092159
1.891703571949264 105171.8599701834
1.893029566992273 105154.3089041998
1.894370433007727 105136.22534122
1.895696428050736 105117.932211199
1.89697781017641 105099.7524440917
1.89818483743986 105082.0089698531
1.899287767896195 105065.0247184381
1.900256859600525 105049.1226198018
1.90106237060796 105034.6256038989
1.901674558973611 105021.8566006845
1.902063682752588 105011.1385401135
1.9022 105002.7943521409
1.9022 105048.8062834523
1.9022 105117.3182147636
1.9022 105148.3301460749
1.9022 105014.3420773863
1.9022 105127.8540086976
1.9019 105338.2855597681
1.901473764201487 105349.4124273345
1.901008443436166 105361.4090023003
1.900502608569841 105374.3039832649
1.899954830468316 105388.1260688273
1.899363679997394 105402.9039575867
1.89872772802288 105418.6663481424
1.898045545410577 105435.4419390935
1.897315703026289 105453.2594290393
1.896536771735819 105472.1475165788
1.895707322404973 105492.1349003114
1.894825925899552 105513.2502788361
1.893891153085361 105535.5223507522
1.892901574828205 105558.9798146589
1.891855761993886 105583.6513691554
1.890752285448208 105609.5657128408
1.889589716056975 105636.7515443144
1.888366624685991 105665.2375621753
1.887081582201061 105695.0524650228
1.885733159467986 105726.2249514559
1.884319927352572 105758.783720074
1.882840456720623 105792.7574694762
1.881293318437941 105828.1748982617
1.87967708337033 105865.0647050297
1.877990322383595 105903.4555883793
1.876231606343539 105943.3762469099
1.874399506115967 105984.8553792204
1.872492592566681 106027.9216839103
1.870509436561485 106072.6038595785
1.868448608966184 106118.9306048244
1.866308680646582 106166.9306182472
1.864088222468481 106216.6325984459
1.861785805297686 106268.0652440199
1.8594 106321.2572535682
1.856310890119993 106388.8140095996
1.852026077680947 106480.3081726215
1.846735411266738 106591.2193582317
1.840628739461238 106717.0271820278
1.833895910848323 106853.2112596074
1.826726774011868 106995.2512065683
1.819311177535746 107138.626638508
1.811838970003832 107278.8171710242
1.8045 107411.3024197145
1.796983102179752 107542.5465665861
1.788917853248729 107679.8060779984
1.780405214866018 107819.7489960784
1.771546148690704 107959.0433629527
1.762441616381872 108094.3572207481
1.753192579598609 108222.3586115914
1.7439 108339.7155776093
1.734381113316402 108453.014992441
1.72449617649311 108565.4985619444
1.714410683011617 108668.8165765744
1.704290126353417 108754.6193267856
1.6943 108814.557103033
1.684454536143907 108858.8176005131
1.674643304480354 108898.9330489883
1.664844804744847 108928.5705407617
1.655037536672894 108941.3971681367
1.6452 108931.0800234166
1.635255526638766 108893.4661648667
1.62521838519013 108832.6148324679
1.615203480422112 108754.5113910971
1.605325717102729 108665.1412056307
1.5957 108570.4896409456
1.585985082163669 108437.950564525
1.576096917377082 108248.3630823943
1.566536211508661 108027.8804172429
1.557803670426827 107802.65579176
1.5504 107598.8424286352
1.54442447289398 107413.7048800722
1.5395 107239.3283898305
1.535374266078023 107092.9686934137
1.531751600927163 106966.0774121251
1.528353135312721 106838.3326346869
1.5249 106689.4124498216
1.521196349991472 106508.7548813199
1.517430359884018 106311.1216525451
1.513899189834556 106114.176401579
1.5109 105935.5827665031
1.508439481056489 105790.7770544568
1.506263418779224 105674.9344914172
1.504277615973714 105575.3270937228
1.502387875445469 105479.2268777121
1.5005 105373.9058597235
1.498551553226227 105257.2706387567
1.496600670041376 105138.1578883327
1.494734010243411 105020.2347365725
1.493038233630298 104907.1683115964
1.4916 104802.6257415254
1.49041576012183 104708.0690088758
1.489383971012971 104620.6855729708
1.488444301843197 104537.7307771418
1.487536421782282 104456.45996472
1.4866 104374.1284790366
1.485657573693783 104298.4021684081
1.4847 104230.5817406334
1.483690195420343 104176.5032960593
1.482636678192802 104139.800461158
1.4815 104104.8771576717
1.4802 104075.1002676182
1.4791 104054.4751672614
1.4782 104037.0068175736
1.4774 104022.9596035905
1.4767 104012.7809461418
1.4762 104006.4708452275
1.4757 103996.691999331
1.4754 103975.883396521
1.4751 103958.9433502453
1.4748 103923.0871381579
1.4746 103883.1723990856
1.4745 103838.3246286798
1.4744 103781.0234896298
1.4743 103718.0775133809
1.4743 103646.7733026316
1.4742 103560.225044157
1.4742 103466.2499999125
1.4742 103357.2688546499
1.4743 103240.7266973684
1.4743 103109.4224866191
1.4744 102971.4561730598
1.4745 102809.1753713202
1.4746 102621.7665889831
1.4748 102401.8518499108
1.475 102156.0159751338
1.4754 101876.616603479
1.4757 101570.8893499108
1.4762 101231.1511786351
1.4767 100872.3207404103
1.4774 100479.5607337199
1.4782 100075.3304839429
1.4791 99652.82145963426
2.0347 101600.1369821588
2.0347 101600.1369821588
2.0347 101852.3630178412
2.0347 102098.4714436629
2.0347 102311.8150892061
2.034635632747493 102490.4266652089
2.03444496925611 102653.9105275886
2.034131666925053 102803.8298032785
2.033699383153529 102941.7476192117
2.033151775340742 103069.2271023215
2.032492500885897 103187.8313795413
2.031725217188197 103299.1235778041
2.030853581646848 103404.6668240433
2.029881251661056 103506.0242451922
2.028811884630023 103604.7589681839
2.027649137952956 103702.4341199518
2.026396669029058 103800.612827429
2.025058135257534 103900.8582175489
2.023637194037589 104004.7334172447
2.022137502768426 104113.8015534496
2.020562718849253 104229.6257530968
2.018916499679273 104353.7691431197
2.017202502657689 104487.7948504515
2.015424385183709 104633.2660020255
2.013585804656535 104791.7457247748
2.011690418475372 104964.7971456327
2.009741884039426 105153.9833915326
2.0077438587479 105360.8675894075
2.0057 105587.0128661909
2.003103877714197 105889.689626585
1.999598236677489 106305.6089641149
1.995410496591872 106805.4950389475
1.990768077159341 107360.07201125
1.985898398081893 107940.0640411896
1.981028879061524 108516.1952889333
1.976386939800227 109059.1899146481
1.9722 109539.7720785013
1.968160196731171 109994.5873422324
1.963901278945489 110469.6598637859
1.959563084167073 110949.7816976362
1.955285449920046 111419.744898258
1.95120821372853 111864.3415201256
1.947471213116645 112268.3636177136
1.944214285608514 112616.6032454965
1.941577268728259 112893.8524579488
1.9397 113084.9033095451
1.938276718263103 113224.7374244523
1.936907728237056 113358.5774529785
1.935591966266167 113486.5769888094
1.934328368694742 113608.8896256308
1.933115871867089 113725.6689571282
1.931953412127515 113837.0685769875
1.930839925820327 113943.2420788944
1.929774349289832 114044.3430565346
1.928755618880337 114140.5251035938
1.92778267093615 114231.9418137578
1.926854441801578 114318.7467807122
1.925969867820927 114401.0935981429
1.925127885338506 114479.1358597354
1.92432743069862 114553.0271591756
1.923567440245578 114622.9210901492
1.922846850323686 114688.9712463419
1.922164597277252 114751.3312214393
1.921519617450582 114810.1546091273
1.920910847187985 114865.5950030916
1.920337222833766 114917.8059970179
1.919797680732234 114966.9411845919
1.919291157227694 115013.1541594993
1.918816588664456 115056.5985154259
1.918372911386825 115097.4278460573
1.917959061739109 115135.7957450794
1.917573976065614 115171.8558061778
1.91721659071065 115205.7616230382
1.91688584201852 115237.6667893464
1.916580666333535 115267.7248987881
1.9163 115296.0895450491
1.9161 115324.0895539697
1.915864195949796 115335.3161450369
1.915617820906621 115348.2992900165
1.915360538639739 115362.0743893709
1.915092012918413 115375.6768435628
1.914811907511907 115388.1420530549
1.914519886189487 115398.5054183098
1.914215612720413 115405.8023397899
1.913898750873951 115409.0682179581
1.913568964419365 115407.3384532768
1.913225917125917 115399.6484462088
1.912869272762873 115385.0335972165
1.912498695099495 115362.5293067627
1.912113847905048 115331.1709753099
1.911714394948795 115289.9940033207
1.9113 115238.0337912578
1.910821607866402 115140.9530081702
1.910249939023384 114975.8199936586
1.909614320741679 114758.7786540133
1.908944080292019 114505.9728955247
1.908268544945134 114233.5466244828
1.907617041971759 113957.643747178
1.907018898642623 113694.4081699006
1.906503442228459 113459.9837989407
1.9061 113270.5145405888
1.90577300818716 113114.0160114718
1.905466362996439 112966.8284410484
1.905178581663439 112827.5826548562
1.904908181423763 112694.9094784329
1.904653679513015 112567.4397373159
1.904413593166798 112443.8042570429
1.904186439620715 112322.6338631513
1.903970736110369 112202.5593811789
1.903764999871365 112082.2116366632
1.903567748139305 111960.2214551418
1.903377498149792 111835.2196621522
1.903192767138431 111705.837083232
1.903012072340823 111570.7045439189
1.902833930992573 111428.4528697503
1.902656860329283 111277.7128862639
1.902479377586558 111117.1154189973
1.9023 110945.291293488
1.902117113763451 110762.3666376562
1.901930454753602 110569.6315078535
1.90174056473033 110367.4626222641
1.90154798545351 110156.2366990727
1.90135325868302 109936.3304564635
1.901156926178737 109708.120612621
1.900959529700537 109471.9838857297
1.900761611008296 109228.2969939739
1.900563711861892 108977.4366555381
1.900366374021201 108719.7795886067
1.900170139246101 108455.7025113641
1.899975549296466 108185.5821419948
1.899783145932175 107909.7951986831
1.899593470913103 107628.7183996136
1.899407065999129 107342.7284629706
1.899224472950128 107052.2021069386
1.899046233525976 106757.5160497019
1.898872889486551 106459.0470094451
1.898704982591729 106157.1717043524
1.898543054601388 105852.2668526084
1.898387647275402 105544.7091723975
1.898239302373651 105234.8753819041
1.898098561656009 104923.1421993126
1.897965966882354 104609.8863428075
1.897842059812562 104295.4845305731
1.897727382206511 103980.313480794
1.897622475824076 103664.7499116545
1.897527882425134 103349.170541339
1.897444143769563 103033.952088032
1.897371801617238 102719.4712699179
1.897311397728037 102406.1048051811
1.897263473861836 102094.2294120061
1.897228571778511 101784.2218085772
1.897207233237941 101476.458713079
1.8972 101171.3168436957
1.897209217885099 100861.1582900332
1.897236192296123 100539.0659448265
1.897279904366657 100206.4977309549
1.897339335230292 99864.91157129743
1.897413466020613 99515.76538873305
1.89750127787121 99160.51710614086
1.897601751915669 98800.62464639991
1.897713869287579 98437.54593238924
1.897836611120528 98072.73888698791
1.897968958548102 97707.66143307497
1.898109892703891 97343.77149352945
1.898258394721481 96982.52699123045
1.898413445734461 96625.38584905697
1.898574026876418 96273.80598988809
1.898739119280941 95929.24533660285
1.898907704081616 95593.1618120803
1.899078762412032 95267.0133391995
1.899251275405777 94952.25784083951
1.899424224196437 94650.35323987935
1.899596589917603 94362.75745919808
1.899767353702859 94090.92842167478
1.899935496685796 93836.32405018847
1.9001 93600.40226761821
1.900262143651123 93378.71719063257
1.900424256217856 93165.50709903245
1.900586891693345 92960.25616039528
1.900750604070738 92762.4485422985
1.900915947343182 92571.5684123196
1.901083475503822 92387.09993803602
1.901253742545806 92208.52728702519
1.901427302462281 92035.33462686461
1.901604709246394 91867.00612513172
1.90178651689129 91703.02594940396
1.901973279390118 91542.87826725881
1.902165550736024 91386.04724627369
1.902363884922154 91232.01705402609
1.902568835941656 91080.27185809345
1.902780957787676 90930.29582605323
1.903000804453361 90781.57312548289
1.903228929931859 90633.58792395984
1.903465888216314 90485.82438906161
1.903712233299876 90337.76668836561
1.903968519175689 90188.8989894493
1.904235299836902 90038.70545989014
1.904513129276661 89886.67026726561
1.904802561488112 89732.2775791531
1.905104150464403 89575.01156313013
1.90541845019868 89414.35638677413
1.905746014684091 89249.79621766256
1.906087397913781 89080.81522337286
1.906443153880898 88906.89757148252
1.906813836578589 88727.52742956895
1.9072 88542.18896520963
1.907711782764759 88354.29430067433
1.908403364694802 88172.31960950787
1.909191361586739 88003.34513620035
1.909992389237178 87854.4511252418
1.910723063442729 87732.71782112226
1.9113 87645.22546833185
1.911759714077242 87574.97095180667
1.912195065555691 87501.05714369132
1.912607187301437 87424.7232692884
1.91299721218057 87347.20855390064
1.91336627305918 87269.75222283063
1.913715502803356 87193.59350138111
1.914046034279189 87119.97161485467
1.914359000352768 87050.12578855401
1.914655533890183 86985.29524778179
1.914936767757524 86926.71921784064
1.915203834820881 86875.63692403324
1.915457867946343 86833.28759166226
1.9157 86800.91044603034
1.915886546549907 86768.38298867461
1.9161 86749.92896520963
1.916464068489228 86761.16799339163
1.91697173603144 86792.03451762121
1.917617314558897 86841.75936928405
1.918395116003857 86909.57337976574
1.91929945229858 86994.70738045195
1.920324635375326 87096.39220272822
1.921464977166355 87213.85867798021
1.922714789603927 87346.33763759355
1.9240683846203 87493.05991295385
1.925520074147736 87653.25633544673
1.927064170118493 87826.1577364578
1.928694984464831 88010.99494737269
1.93040682911901 88206.99879957704
1.932194016013291 88413.40012445643
1.934050857079931 88629.42975339651
1.935971664251191 88854.31851778291
1.937950749459332 89087.29724900122
1.939982424636612 89327.59677843707
1.942061001715292 89574.44793747608
1.94418079262763 89827.0815575039
1.946336109305887 90084.7284699061
1.948521263682322 90346.61950606832
1.950730567689196 90611.98549737621
1.952958333258767 90880.05727521534
1.955198872323296 91150.06567097138
1.957446496815043 91421.2415160299
1.959695518666266 91692.81564177656
1.961940249809226 91964.01887959697
1.964175002176182 92234.08206087674
1.966394087699395 92502.23601700149
1.968591818311123 92767.71157935687
1.970762505943627 93029.73957932845
1.972900462529166 93287.55084830189
1.975 93540.37621766279
1.977193702523292 93806.83816143895
1.979599758004526 94103.55652025467
1.982190883983444 94426.75817539039
1.984939797999789 94772.67000812657
1.987819217593302 95137.51889974366
1.990801860303726 95517.53173152209
1.993860443670803 95908.93538474229
1.996967685234276 96307.95674068473
2.000096302533886 96710.82268062986
2.003219013109375 97113.76008585808
2.006308534500485 97512.99583764988
2.00933758424696 97904.75681728568
2.012278879888541 98285.26990604594
2.01510513896497 98650.76198521109
2.017789079015989 98997.45993606158
2.020303417581342 99321.59063987786
2.022620872200769 99619.38097794035
2.024714160414012 99887.05783152953
2.026555999760815 100120.8480819258
2.028119107780919 100316.9786104097
2.029376202014067 100471.6762982615
2.0303 100581.1680267618
2.031041947994966 100654.7446677108
2.031760336262354 100708.3806784334
2.032438148352616 100748.3283184966
2.033058367816209 100780.8398474677
2.033603978203584 100812.167524914
2.034057963065197 100848.5636104025
2.034403305951502 100896.2803635005
2.034622990412951 100961.5700437753
2.0347 101050.6849107939
2.0347 101287.9109464764
2.0347 101600.1369821588
*END
