*KEYWORD
*DEFINE_CURVE_TITLE
SYNTHETIC screenshot reconstruction absolute pressure
$ LCID SIDR SFA SFO OFFA OFFO DATTYP
26 0 1.0 1.0 0.0 0.0 0
$ Not a CFD solver result; screenshot anchors plus interpolated rows.
$ X in metres; ordinate in metres or absolute pressure in Pa.
$ ABSCISSA ORDINATE
1.4791 100338.9910947257
1.479851735675113 100048.6731877064
1.480724157317516 99763.72021657822
1.481711671244822 99484.54170749127
1.482808683774642 99211.54718659565
1.48400960122459 98945.14618004141
1.485308829912277 98685.74821397867
1.486700776155315 98433.76281455751
1.488179846271316 98189.59950792804
1.489740446577894 97953.66782024034
1.491376983392658 97726.37727764447
1.493083863033223 97508.13740629058
1.4948554918172 97299.3577323287
1.496686276062202 97100.44778190895
1.498570622085839 96911.81708118141
1.500502936205726 96733.87515629618
1.502477624739473 96567.03153340337
1.504489094004693 96411.69573865304
1.506531750318998 96268.27729819529
1.5086 96137.1857381802
1.51071234126088 96014.49837247602
1.512911411375217 95895.66674639309
1.515227825251226 95780.16173324469
1.517692197797119 95667.45420634406
1.52033514392111 95557.01503900447
1.523187278531413 95448.31510453914
1.52627921653624 95340.82527626138
1.529641572843804 95234.01642748444
1.53330496236232 95127.35943152156
1.5373 95020.32516168599
1.542224457603239 94908.0076295023
1.548474587033738 94788.72553377137
1.555778723222672 94666.7867787211
1.563865201101215 94546.49926857934
1.57246235560054 94432.17090757392
1.581298521651822 94328.10959993268
1.590102034186235 94238.62324988352
1.598601228134953 94168.01976165427
1.60652443842915 94120.60703947277
1.6136 94100.6929875669
1.619711731351954 94096.14048454979
1.625241775432379 94093.40045196844
1.630665953836827 94094.66285845137
1.63646008816085 94102.11767262718
1.6431 94117.95486312444
1.651076798471014 94155.72242163893
1.660411382713937 94224.73448324887
1.670874259359286 94320.83023165667
1.682235935037575 94439.84885056458
1.694266916379319 94577.62952367496
1.706737710015032 94730.01143469008
1.719418822575228 94892.8337673123
1.732080760690424 95061.93570524393
1.744494030991133 95233.1564321873
1.756429140107871 95402.33513184472
1.767656594671152 95565.31098791849
1.77794690131149 95717.92318411096
1.787070566659402 95856.01090412446
1.7947980973454 95975.41333166127
1.8009 96071.96965042374
1.8060604877428 96155.5109583591
1.811114687291474 96238.55680839774
1.816059475673645 96320.97906671667
1.820891729916942 96402.64959949297
1.825608327048989 96483.44027290359
1.830206144097412 96563.22295312565
1.834682058089838 96641.86950633609
1.839032946053892 96719.25179871198
1.843255685017201 96795.24169643033
1.847347152007389 96869.71106566815
1.851304224052085 96942.53177260251
1.855123778178912 97013.57568341038
1.858802691415497 97082.71466426883
1.862337840789467 97149.82058135487
1.865726103328447 97214.76530084554
1.868964356060062 97277.42068891782
1.87204947601194 97337.65861174878
1.874978340211706 97395.35093551542
1.877747825686985 97450.36952639482
1.880354809465405 97502.58625056392
1.88279616857459 97551.87297419978
1.885068780042167 97598.10156347946
1.887169520895762 97641.14388457996
1.889095268163 97680.87180367831
1.890842898871508 97717.15718695152
1.892409290048911 97749.87190057662
1.893791318722836 97778.88781073064
1.894985861920909 97804.0767835906
1.895989796670755 97825.31068533355
1.8968 97842.46138213649
1.897504777027824 97856.15188928992
1.898189300872436 97867.43379622311
1.898845750560009 97876.82183032118
1.899466305116718 97884.83071896927
1.900043143568734 97891.97518955254
1.90056844494223 97898.76996945607
1.901034388263381 97905.72978606501
1.901433152558359 97913.3693667645
1.901756916853336 97922.20343893967
1.901997860174487 97932.74672997568
1.902148161547984 97945.51396725763
1.9022 97961.01987817069
1.9022 97995.99295295474
1.9022 98054.77756633598
1.9022 98119.31227242883
1.9022 98171.53562534778
1.9022 98193.38617920724
1.902063682752588 98192.91178423066
1.901674558973611 98190.36422538597
1.90106237060796 98185.98795890438
1.900256859600525 98180.02744101724
1.899287767896195 98172.72712795576
1.89818483743986 98164.33147595124
1.896977810176411 98155.08494123496
1.895696428050736 98145.23198003815
1.894370433007727 98135.0170485921
1.893029566992273 98124.68460312806
1.891703571949264 98114.47909987734
1.890422189823589 98104.64499507117
1.88921516256014 98095.42674494085
1.888112232103805 98087.0688057176
1.887143140399475 98079.81563363275
1.88633762939204 98073.91168491753
1.885725441026389 98069.60141580322
1.885336317247412 98067.12928252108
1.8852 98066.73974130242
1.8852 98092.03174945325
1.8852 98163.95295457781
1.8852 98278.77084835459
1.8852 98432.75292246201
1.8852 98622.16666857862
1.8852 98843.27957838285
1.8852 99092.35914355319
1.8852 99365.67285576812
1.8852 99659.48820670613
1.8852 99970.07268804566
1.8852 100293.6937914652
1.8852 100626.6190086433
1.8852 100965.1158312583
1.8852 101305.4517509888
1.8852 101643.8942595131
1.8852 101976.71084851
1.8852 102300.1690096576
1.8852 102610.5362346347
1.8852 102904.0800151195
1.8852 103177.0678427907
1.8852 103425.7672093266
1.8852 103646.4456064059
1.8852 103835.3705257068
1.8852 103988.809458908
1.8852 104103.0298976879
1.8852 104174.2993337249
1.8852 104198.8852586976
1.885336317247412 104197.5411721499
1.885725441026389 104193.6706858211
1.88633762939204 104187.5164596827
1.887143140399475 104179.3211537062
1.888112232103805 104169.3274278631
1.88921516256014 104157.7779421249
1.890422189823589 104144.9153564631
1.891703571949264 104130.9823308492
1.893029566992273 104116.2215252547
1.894370433007727 104100.8755996511
1.895696428050736 104085.1872140099
1.89697781017641 104069.3990283025
1.89818483743986 104053.7537025006
1.899287767896195 104038.4938965755
1.900256859600525 104023.8622704988
1.90106237060796 104010.101484242
1.901674558973611 103997.4541977765
1.902063682752588 103986.1630710739
1.9022 103976.4707641057
1.9022 104003.4797125892
1.9022 104058.6136610727
1.9022 104066.8726095562
1.9022 103868.8815580397
1.9022 103980.2655065232
1.9019 104239.3391698261
1.901473764201487 104247.6431025361
1.901008443436166 104256.5172972633
1.900502608569841 104265.9839040527
1.899954830468316 104276.0650729495
1.899363679997394 104286.7829539986
1.89872772802288 104298.1596972451
1.898045545410577 104310.217452734
1.897315703026289 104322.9783705106
1.896536771735819 104336.4646006197
1.895707322404973 104350.6982931065
1.894825925899552 104365.701598016
1.893891153085361 104381.4966653932
1.892901574828205 104398.1056452834
1.891855761993886 104415.5506877314
1.890752285448208 104433.8539427824
1.889589716056975 104453.0375604814
1.888366624685991 104473.1236908735
1.887081582201061 104494.1344840037
1.885733159467986 104516.0920899172
1.884319927352572 104539.0186586589
1.882840456720623 104562.936340274
1.881293318437941 104587.8672848074
1.87967708337033 104613.8336423043
1.877990322383595 104640.8575628097
1.876231606343539 104668.9611963686
1.874399506115967 104698.1666930262
1.872492592566681 104728.4962028275
1.870509436561485 104759.9718758176
1.868448608966184 104792.6158620414
1.866308680646582 104826.4503115441
1.864088222468481 104861.4973743708
1.861785805297686 104897.7792005665
1.8594 104935.3179401762
1.856310890119993 104982.9088201907
1.852026077680947 105047.2026239246
1.846735411266738 105125.0048359087
1.840628739461238 105213.1209406735
1.833895910848323 105308.3564227499
1.826726774011868 105407.5167666686
1.819311177535746 105507.4074569604
1.811838970003832 105604.8339781559
1.8045 105696.6018147859
1.796983102179752 105787.2546999031
1.788917853248729 105881.850561141
1.780405214866018 105977.9661749014
1.771546148690704 106073.1783175863
1.762441616381872 106165.0637655976
1.753192579598609 106251.1992953371
1.7439 106329.161683207
1.734381113316402 106403.6643088469
1.72449617649311 106476.9831150067
1.714410683011617 106543.0387227534
1.704290126353417 106595.7517531537
1.6943 106629.0428272748
1.684454536143907 106650.4859423203
1.674643304480354 106668.6034964186
1.664844804744847 106678.7387120229
1.655037536672894 106676.2348115864
1.6452 106656.4350175624
1.635255526638766 106615.8690680944
1.62521838519013 106557.5194576843
1.615203480422112 106486.4085433228
1.605325717102729 106407.5586820008
1.5957 106325.9922307092
1.585985082163669 106216.8231964635
1.576096917377082 106065.1864643381
1.566536211508661 105891.1357084124
1.557803670426827 105714.7246027654
1.5504 105556.0068214764
1.54442447289398 105412.180143105
1.5395 105278.8712923729
1.535374266078023 105173.7890200603
1.531751600927163 105088.9330590938
1.528353135312721 105003.4369760152
1.5249 104896.4343373662
1.521196349991472 104759.1833484899
1.517430359884018 104607.0912394088
1.513899189834556 104455.5151136843
1.5109 104319.8120748773
1.508439481056489 104216.9249336997
1.506263418779224 104144.9272971343
1.504277615973714 104090.8724631492
1.502387875445469 104041.8137297126
1.5005 103984.8043947926
1.498551553226227 103920.6232851899
1.496600670041376 103858.4329060455
1.494734010243411 103797.8620728375
1.493038233630298 103738.5396010443
1.4916 103680.0943061441
1.49041576012183 103622.9057223734
1.489383971012971 103567.8301585105
1.488444301843197 103515.2115918464
1.487536421782282 103465.3939996717
1.4866 103418.7213592774
1.485657573693783 103385.0543019625
1.4847 103367.311305475
1.483690195420343 103373.9979084715
1.482636678192802 103410.1586701426
1.4815 103460.5328682538
1.4802 103543.2002007136
1.4791 103632.731375446
1.4782 103720.8801131802
1.4774 103807.8447026929
1.4767 103893.9607096064
1.4762 103979.2281339206
1.4757 104054.3939994982
1.4754 104110.0375473907
1.4751 104164.832512684
1.4748 104190.4403536184
1.4746 104205.5042993142
1.4745 104209.3684715098
1.4744 104192.6426172223
1.4743 104164.1831350357
1.4743 104125.7049769737
1.4742 104068.2937831178
1.4742 104001.5624999344
1.4742 103916.0766409874
1.4743 103821.1700230263
1.4743 103707.6918649643
1.4744 103585.4671297948
1.4745 103437.5065284902
1.4746 103263.1999417373
1.4748 103053.2638874331
1.475 102816.3869813504
1.4754 102543.0874526093
1.4757 102242.5420124331
1.4762 101905.2383839764
1.4767 101549.8655553078
1.4774 101157.7955502899
1.4782 100757.1228629572
1.4791 100338.9910947257
2.0347 101725.2216820919
2.0347 101725.2216820919
2.0347 101927.9033179081
2.0347 102116.7862023926
2.0347 102277.0165895406
2.034635632747493 102416.1615692685
2.03444496925611 102543.6509958823
2.034131666925053 102660.696523957
2.033699383153529 102768.5098080674
2.033151775340742 102868.3025027885
2.032492500885897 102961.2862626952
2.031725217188197 103048.6727423626
2.030853581646848 103131.6735963654
2.029881251661056 103211.5004792786
2.028811884630023 103289.3650456773
2.027649137952956 103366.4789501363
2.026396669029058 103444.0538472305
2.025058135257534 103523.301391535
2.023637194037589 103605.4332376246
2.022137502768426 103691.6610400742
2.020562718849253 103783.1964534589
2.018916499679273 103881.2511323535
2.017202502657689 103987.036731333
2.015424385183709 104101.7649049723
2.013585804656535 104226.6473078464
2.011690418475372 104362.8955945302
2.009741884039426 104511.7214195986
2.0077438587479 104674.3364376266
2.0057 104851.9523031891
2.003103877714197 105089.0061114229
1.999598236677489 105414.0107308121
1.995410496591872 105804.291475953
1.990768077159341 106237.1736614416
1.985898398081893 106689.982601874
1.981028879061524 107140.0436118464
1.976386939800227 107564.682005955
1.9722 107941.2230987957
1.968160196731171 108298.4918554602
1.963901278945489 108672.3123671735
1.959563084167073 109050.5086377324
1.955285449920046 109420.9046709336
1.95120821372853 109771.3244705736
1.947471213116645 110089.5920404492
1.944214285608514 110363.531384357
1.941577268728259 110580.9665060936
1.9397 110729.7214094558
1.938276718263103 110837.625796994
1.936907728237056 110940.7159476615
1.935591966266167 111039.1257298596
1.934328368694742 111132.9890119895
1.933115871867089 111222.4396624524
1.931953412127515 111307.6115496496
1.930839925820327 111388.6385419823
1.929774349289832 111465.6545078517
1.928755618880337 111538.793315659
1.92778267093615 111608.1888338054
1.926854441801578 111673.9749306923
1.925969867820927 111736.2854747207
1.925127885338506 111795.254334292
1.92432743069862 111851.0153778073
1.923567440245578 111903.7024736679
1.922846850323686 111953.449490275
1.922164597277252 112000.3902960299
1.921519617450582 112044.6587593337
1.920910847187985 112086.3887485876
1.920337222833766 112125.714132193
1.919797680732234 112162.768778551
1.919291157227694 112197.6865560628
1.918816588664456 112230.6013331297
1.918372911386825 112261.6469781529
1.917959061739109 112290.9573595337
1.917573976065614 112318.6663456731
1.91721659071065 112344.9078049726
1.91688584201852 112369.8156058332
1.916580666333535 112393.5236166563
1.9163 112416.165705843
1.9161 112442.0139272971
1.915864195949796 112457.152852783
1.915617820906621 112476.6528063724
1.915360538639739 112499.2389822576
1.915092012918413 112523.636574631
1.914811907511907 112548.570777685
1.914519886189487 112572.7667856119
1.914215612720413 112594.9497926041
1.913898750873951 112613.8449928539
1.913568964419365 112628.1775805537
1.913225917125917 112636.6727498959
1.912869272762873 112638.0556950728
1.912498695099495 112631.0516102768
1.912113847905048 112614.3856897003
1.911714394948795 112586.7831275356
1.9113 112546.969117975
1.910821607866402 112464.594532212
1.910249939023384 112320.2048707126
1.909614320741679 112128.8672715782
1.908944080292019 111905.6488729102
1.908268544945134 111665.6168128101
1.907617041971759 111423.8382293791
1.907018898642623 111195.3802607189
1.906503442228459 110995.3100449307
1.9061 110838.694720116
1.90577300818716 110713.0601634776
1.905466362996439 110595.1347951884
1.905178581663439 110483.7895678043
1.904908181423763 110377.8954338813
1.904653679513015 110276.3233459754
1.904413593166798 110177.9442566428
1.904186439620715 110081.6291184393
1.903970736110369 109986.2488839212
1.903764999871365 109890.6745056443
1.903567748139305 109793.7769361647
1.903377498149792 109694.4271280384
1.903192767138431 109591.4960338215
1.903012072340823 109483.8546060701
1.902833930992573 109370.37379734
1.902656860329283 109249.9245601873
1.902479377586558 109121.3778471682
1.9023 108983.6046108385
1.902117113763451 108836.7966273992
1.901930454753602 108682.1001723771
1.90174056473033 108519.8179473178
1.90154798545351 108350.2526537667
1.90135325868302 108173.7069932692
1.901156926178737 107990.4836673708
1.900959529700537 107800.885377617
1.900761611008296 107605.2148255531
1.900563711861892 107403.7747127246
1.900366374021201 107196.867740677
1.900170139246101 106984.7966109557
1.899975549296466 106767.8640251061
1.899783145932175 106546.3726846737
1.899593470913103 106320.6252912039
1.899407065999129 106090.9245462422
1.899224472950128 105857.573151334
1.899046233525976 105620.8738080247
1.898872889486551 105381.1292178599
1.898704982591729 105138.6420823849
1.898543054601388 104893.7151031452
1.898387647275402 104646.6509816862
1.898239302373651 104397.7524195533
1.898098561656009 104147.3221182921
1.897965966882354 103895.6627794479
1.897842059812562 103643.0771045662
1.897727382206511 103389.8677951925
1.897622475824076 103136.3375528722
1.897527882425134 102882.7890791506
1.897444143769563 102629.5250755733
1.897371801617238 102376.8482436858
1.897311397728037 102125.0612850334
1.897263473861836 101874.4669011615
1.897228571778511 101625.3677936158
1.897207233237941 101378.0666639415
1.8972 101132.8662136841
1.897209217885099 100883.6076997997
1.897236192296123 100624.7136634513
1.897279904366657 100357.3587324948
1.897339335230292 100082.7175347858
1.897413466020613 99801.96469818041
1.89750127787121 99516.27485053428
1.897601751915669 99226.82261970329
1.897713869287579 98934.78263354326
1.897836611120528 98641.32951991002
1.897968958548102 98347.63790665941
1.898109892703891 98054.88242164724
1.898258394721481 97764.23769272935
1.898413445734461 97476.87834776157
1.898574026876418 97193.97901459971
1.898739119280941 96916.71432109963
1.898907704081616 96646.25889511713
1.899078762412032 96383.78736450805
1.899251275405777 96130.47435712822
1.899424224196437 95887.49450083346
1.899596589917603 95656.0224234796
1.899767353702859 95437.2327529225
1.899935496685796 95232.30011701793
1.9001 95042.39914362176
1.900262143651123 94863.9364589872
1.900424256217856 94692.26086148711
1.900586891693345 94526.96023715677
1.900750604070738 94367.62247203146
1.900915947343182 94213.83545214648
1.901083475503822 94065.1870635371
1.901253742545806 93921.26519223858
1.901427302462281 93781.65772428625
1.901604709246394 93645.95254571538
1.90178651689129 93513.73754256124
1.901973279390118 93384.60060085912
1.902165550736024 93258.12960664429
1.902363884922154 93133.91244595204
1.902568835941656 93011.53700481767
1.902780957787676 92890.59116927646
1.903000804453361 92770.66282536369
1.903228929931859 92651.33985911461
1.903465888216314 92532.21015656456
1.903712233299876 92412.86160374878
1.903968519175689 92292.88208670256
1.904235299836902 92171.85949146122
1.904513129276661 92049.38170406001
1.904802561488112 91925.0366105342
1.905104150464403 91798.41209691911
1.90541845019868 91669.09604925
1.905746014684091 91536.67635356216
1.906087397913781 91400.74089589088
1.906443153880898 91260.87756227143
1.906813836578589 91116.6742387391
1.9072 90967.71881132918
1.907711782764759 90827.64472574028
1.908403364694802 90708.69680922755
1.909191361586739 90608.380020161
1.909992389237178 90524.19931691057
1.910723063442729 90453.65965784626
1.9113 90394.2660013381
1.911759714077242 90335.90365523844
1.912195065555691 90271.09750580703
1.912607187301437 90201.31187902474
1.91299721218057 90128.01110087251
1.91336627305918 90052.65949733117
1.913715502803356 89976.7213943817
1.914046034279189 89901.66111800497
1.914359000352768 89828.94299418191
1.914655533890183 89760.03134889339
1.914936767757524 89696.39050812034
1.915203834820881 89639.48479784364
1.915457867946343 89590.77854404421
1.9157 89551.73607270294
1.915886546549907 89510.86825237675
1.9161 89487.33131132917
1.916464068489228 89496.59151923368
1.91697173603144 89522.06957364742
1.917617314558897 89563.12948193701
1.918395116003857 89619.13525146908
1.91929945229858 89689.45088961019
1.920324635375326 89773.44040372694
1.921464977166355 89870.46780118589
1.922714789603927 89979.8970893537
1.9240683846203 90101.09227559691
1.925520074147736 90233.41736728216
1.927064170118493 90376.236371776
1.928694984464831 90528.91329644505
1.93040682911901 90690.81214865592
1.932194016013291 90861.29693577517
1.934050857079931 91039.73166516941
1.935971664251191 91225.48034420525
1.937950749459332 91417.90698024924
1.939982424636612 91616.37558066804
1.942061001715292 91820.25015282817
1.94418079262763 92028.89470409631
1.946336109305887 92241.67324183897
1.948521263682322 92457.94977342279
1.950730567689196 92677.08830621437
1.952958333258767 92898.45284758027
1.955198872323296 93121.40740488713
1.957446496815043 93345.31598550151
1.959695518666266 93569.54259679002
1.961940249809226 93793.45124611925
1.964175002176182 94016.40594085578
1.966394087699395 94237.77068836623
1.968591818311123 94456.90949601719
1.970762505943627 94673.18637117525
1.972900462529166 94885.965321207
1.975 95094.61035347903
1.977193702523292 95314.54833048987
1.979599758004526 95559.542839748
1.982190883983444 95826.46297613488
1.984939797999789 96112.17783453206
1.987819217593302 96413.55650982106
1.990801860303726 96727.46809688334
1.993860443670803 97050.78169060046
1.996967685234276 97380.36638585391
2.000096302533886 97713.09127752519
2.003219013109375 98045.82546049581
2.006308534500485 98375.4380296473
2.00933758424696 98698.79807986114
2.012278879888541 99012.77470601888
2.01510513896497 99314.23700300201
2.017789079015989 99600.05406569203
2.020303417581342 99867.09498897048
2.022620872200769 100112.2288677188
2.024714160414012 100332.3247968186
2.026555999760815 100524.2518711513
2.028119107780919 100684.8791855985
2.029376202014067 100811.0758350416
2.0303 100899.7109143622
2.031041947994966 100958.6653657597
2.031760336262354 101001.2589718627
2.032438148352616 101032.5190881964
2.033058367816209 101057.4730702861
2.033603978203584 101081.1482736572
2.034057963065197 101108.5720538348
2.034403305951502 101144.7717663441
2.034622990412951 101194.7747667106
2.0347 101263.6084104594
2.0347 101447.5400462757
2.0347 101725.2216820919
*END
