*KEYWORD
*DEFINE_CURVE_TITLE
SYNTHETIC screenshot reconstruction absolute pressure
$ LCID SIDR SFA SFO OFFA OFFO DATTYP
26 0 1.0 1.0 0.0 0.0 0
$ Not a CFD solver result; screenshot anchors plus interpolated rows.
$ X in metres; ordinate in metres or absolute pressure in Pa.
$ ABSCISSA ORDINATE
1.4791 103099.5267701829
1.479851735675113 103040.4794922851
1.480724157317516 102984.2247598218
1.481711671244822 102931.2062792757
1.482808683774642 102881.8677571295
1.48400960122459 102836.652899866
1.485308829912277 102796.005413968
1.486700776155315 102760.3690059183
1.488179846271316 102730.1873821996
1.489740446577894 102705.9042492947
1.491376983392658 102687.9633136863
1.493083863033223 102676.8082818573
1.4948554918172 102672.8828602904
1.496686276062202 102676.6307554683
1.498570622085839 102688.4956738739
1.500502936205726 102708.9213219899
1.502477624739473 102738.351406299
1.504489094004693 102777.2296332841
1.506531750318998 102825.9997094279
1.5086 102885.1053412132
1.51071234126088 102948.6282108989
1.512911411375217 103010.7134400139
1.515227825251226 103071.8998939454
1.517692197797119 103132.726438081
1.52033514392111 103193.7319378082
1.523187278531413 103255.4552585142
1.52627921653624 103318.4352655865
1.529641572843804 103383.2108244127
1.53330496236232 103450.32080038
1.5373 103520.304058876
1.542224457603239 103600.9030349226
1.548474587033738 103696.3632419568
1.555778723222672 103801.9781629883
1.563865201101215 103913.0412810269
1.57246235560054 104024.8460790825
1.581298521651822 104132.6860401646
1.590102034186235 104231.8546472832
1.598601228134953 104317.645383448
1.60652443842915 104385.3517316688
1.6136 104430.2671749554
1.619711731351954 104460.8227498378
1.625241775432379 104488.7572007338
1.630665953836827 104514.3255724848
1.63646008816085 104537.7829099321
1.6431 104559.384257917
1.651076798471014 104572.6341692651
1.660411382713937 104571.9350726143
1.670874259359286 104558.8888265247
1.682235935037575 104535.0972895562
1.694266916379319 104502.1623202687
1.706737710015032 104461.6857772224
1.719418822575228 104415.269518977
1.732080760690424 104364.5154040928
1.744494030991133 104311.0252911296
1.756429140107871 104256.4010386473
1.767656594671152 104202.2445052061
1.77794690131149 104150.1575493659
1.787070566659402 104101.7420296866
1.7947980973454 104058.5998047283
1.8009 104022.3327330508
1.8060604877428 103989.9272133377
1.811114687291474 103957.3491551511
1.816059475673645 103924.6696833694
1.820891729916942 103891.959922871
1.825608327048989 103859.2909985343
1.830206144097412 103826.7340352376
1.834682058089838 103794.3601578593
1.839032946053892 103762.2404912778
1.843255685017201 103730.4461603715
1.847347152007389 103699.0482900188
1.851304224052085 103668.118005098
1.855123778178912 103637.7264304874
1.858802691415497 103607.9446910656
1.862337840789467 103578.8439117108
1.865726103328447 103550.4952173014
1.868964356060062 103522.9697327159
1.87204947601194 103496.3385828325
1.874978340211706 103470.6728925297
1.877747825686985 103446.0437866859
1.880354809465405 103422.5223901793
1.88279616857459 103400.1798278884
1.885068780042167 103379.0872246917
1.887169520895762 103359.3157054673
1.889095268163 103340.9363950938
1.890842898871508 103324.0204184495
1.892409290048911 103308.6389004127
1.893791318722836 103294.8629658619
1.894985861920909 103282.7637396755
1.895989796670755 103272.4123467317
1.8968 103263.879911909
1.897504777027824 103257.1374620538
1.898189300872436 103251.8831202812
1.898845750560009 103247.7786558728
1.899466305116718 103244.4858381101
1.900043143568734 103241.6664362748
1.90056844494223 103238.9822196483
1.901034388263381 103236.0949575123
1.901433152558359 103232.6664191482
1.901756916853336 103228.3583738376
1.901997860174487 103222.8325908621
1.902148161547984 103215.7508395033
1.9022 103206.7748890427
1.9022 103184.7573335253
1.9022 103146.8068440053
1.9022 103104.9693052781
1.9022 103071.2906021391
1.9022 103057.8166193834
1.902063682752588 103059.1870444007
1.901674558973611 103061.9056080838
1.90106237060796 103065.8142604835
1.900256859600525 103070.7549516507
1.899287767896195 103076.5696316362
1.89818483743986 103083.1002504908
1.896977810176411 103090.1887582652
1.895696428050736 103097.6771050102
1.894370433007727 103105.4072407768
1.893029566992273 103113.2211156156
1.891703571949264 103120.9606795774
1.890422189823589 103128.4678827131
1.88921516256014 103135.5846750735
1.888112232103805 103142.1530067093
1.887143140399475 103148.0148276714
1.88633762939204 103153.0120880106
1.885725441026389 103156.9867377776
1.885336317247412 103159.7807270232
1.8852 103161.2360057984
1.8852 103145.6333124408
1.8852 103099.0116486359
1.8852 103023.8503594558
1.8852 102922.6287899726
1.8852 102797.8262852587
1.8852 102651.922190386
1.8852 102487.3958504268
1.8852 102306.7266104533
1.8852 102112.3938155375
1.8852 101906.8768107517
1.8852 101692.654941168
1.8852 101472.2075518587
1.8852 101248.0139878957
1.8852 101022.5535943514
1.8852 100798.3057162978
1.8852 100577.7496988071
1.8852 100363.3648869516
1.8852 100157.6306258033
1.8852 99963.02626043437
1.8852 99782.03113591704
1.8852 99617.12459732348
1.8852 99470.7859897258
1.8852 99345.49465819618
1.8852 99243.7299478068
1.8852 99167.9712036298
1.8852 99120.69777073734
1.8852 99104.38899420161
1.885336317247412 99104.88972764771
1.885725441026389 99106.28536384672
1.88633762939204 99108.41605658965
1.887143140399475 99111.12195966754
1.888112232103805 99114.24322687139
1.88921516256014 99117.62001199226
1.890422189823589 99121.09246882118
1.891703571949264 99124.50075114916
1.893029566992273 99127.68501276722
1.894370433007727 99130.48540746643
1.895696428050736 99132.74208903777
1.89697781017641 99134.29521127231
1.89818483743986 99134.98492796105
1.899287767896195 99134.65139289503
1.900256859600525 99133.13475986529
1.90106237060796 99130.27518266282
1.901674558973611 99125.91281507871
1.902063682752588 99119.88781090394
1.9022 99112.04032392953
1.9022 99062.78435827386
1.9022 99041.6533926182
1.9022 98973.64742696253
1.9022 98699.39146130686
1.9022 98734.51049565121
1.9019 98983.66972011597
1.901473764201487 98977.96202345607
1.901008443436166 98971.5324082329
1.900502608569841 98964.36871648177
1.899954830468316 98956.45879023784
1.899363679997394 98947.79047153638
1.89872772802288 98938.35160241264
1.898045545410577 98928.13002490185
1.897315703026289 98917.11358103926
1.896536771735819 98905.29011286011
1.895707322404973 98892.64746239963
1.894825925899552 98879.17347169307
1.893891153085361 98864.85598277567
1.892901574828205 98849.68283768266
1.891855761993886 98833.64187844927
1.890752285448208 98816.72094711076
1.889589716056975 98798.90788570239
1.888366624685991 98780.19053625935
1.887081582201061 98760.55674081694
1.885733159467986 98739.99434141035
1.884319927352572 98718.49118007484
1.882840456720623 98696.03509884566
1.881293318437941 98672.61393975804
1.87967708337033 98648.2155448472
1.877990322383595 98622.82775614843
1.876231606343539 98596.43841569693
1.874399506115967 98569.03536552793
1.872492592566681 98540.60644767674
1.870509436561485 98511.13950417851
1.868448608966184 98480.62237706853
1.866308680646582 98449.04290838203
1.864088222468481 98416.38894015427
1.861785805297686 98382.64831442048
1.8594 98347.80887321588
1.856310890119993 98303.26209066877
1.852026077680947 98242.37114429387
1.846735411266738 98168.0814312061
1.840628739461238 98083.33834852034
1.833895910848323 97991.08729335143
1.826726774011868 97894.27366281436
1.819311177535746 97795.84285402394
1.811838970003832 97698.74026409509
1.8045 97605.91129014273
1.796983102179752 97513.05842907942
1.788917853248729 97415.20797024824
1.780405214866018 97314.29099940979
1.771546148690704 97212.23860232467
1.762441616381872 97110.98186475348
1.753192579598609 97012.45187245685
1.7439 96918.57971119536
1.734381113316402 96825.27822958597
1.72449617649311 96730.38289644716
1.714410683011617 96638.70872784185
1.704290126353417 96555.07073983298
1.6943 96484.2839484835
1.684454536143907 96421.02079651765
1.674643304480354 96359.07145937684
1.664844804744847 96301.92755219976
1.655037536672894 96253.08069012516
1.6452 96216.02248829171
1.635255526638766 96191.58497312224
1.62521838519013 96177.5217504327
1.615203480422112 96172.70680445145
1.605325717102729 96176.01411940684
1.5957 96186.31767952722
1.585985082163669 96218.41067348138
1.576096917377082 96280.14299270115
1.566536211508661 96359.97367555936
1.557803670426827 96446.36176042884
1.5504 96527.76628568243
1.54442447289398 96602.9277506419
1.5395 96681.27330508475
1.535374266078023 96770.85940329313
1.531751600927163 96870.39879393748
1.528353135312721 96970.36493265656
1.5249 97061.2312750892
1.521196349991472 97145.40771559007
1.517430359884018 97230.68917372744
1.513899189834556 97315.62664296049
1.5109 97398.77111674844
1.508439481056489 97491.18397277161
1.506263418779224 97601.20025429141
1.504277615973714 97723.28145313862
1.502387875445469 97851.88906114397
1.5005 97981.48457013827
1.498551553226227 98121.33575205026
1.496600670041376 98275.89677011933
1.494734010243411 98432.40870314236
1.493038233630298 98578.11262991605
1.4916 98700.24962923728
1.49041576012183 98795.57937557023
1.489383971012971 98875.88813925316
1.488444301843197 98950.9568928941
1.487536421782282 99030.56660910095
1.4866 99124.49826048172
1.485657573693783 99243.30828059354
1.4847 99393.14662968332
1.483690195420343 99585.54487946499
1.482636678192802 99826.80390438046
1.4815 100112.2489211641
1.4802 100494.6373661909
1.4791 100872.4499163693
1.4782 101235.5590912132
1.4774 101583.8326982047
1.4767 101917.0470269291
1.4762 102235.2020773863
1.4757 102528.8415003345
1.4754 102788.6208017395
1.4751 103033.3408248773
1.4748 103235.0189309211
1.4746 103412.4763004572
1.4745 103566.1501856601
1.4744 103686.6757551851
1.4743 103783.7737433095
1.4743 103871.9258486842
1.4742 103941.4499779215
1.4742 104001.5625000438
1.4742 104042.9280726751
1.4743 104074.9491513158
1.4743 104088.1012566905
1.4744 104091.4594134701
1.4745 104080.7248143399
1.4746 104056.3042055085
1.4748 104008.7615750446
1.475 103947.9295124331
1.4754 103864.5041982605
1.4757 103767.9928250446
1.4762 103649.1119106824
1.4767 103526.6521297948
1.4774 103381.78213314
1.4782 103242.6472580285
1.4791 103099.5267701829
2.0347 101865.9728180754
2.0347 101865.9728180754
2.0347 101787.1521819246
2.0347 101679.1534469276
2.0347 101573.2609096231
2.034635632747493 101502.107163662
2.03444496925611 101437.4330868737
2.034131666925053 101378.5946986042
2.033699383153529 101324.9480181993
2.033151775340742 101275.8490650049
2.032492500885897 101230.6538583668
2.031725217188197 101188.7184176311
2.030853581646848 101149.3987621433
2.029881251661056 101112.0509112497
2.028811884630023 101076.0308842958
2.027649137952956 101040.6947006277
2.026396669029058 101005.3983795912
2.025058135257534 100969.4979405321
2.023637194037589 100932.3494027964
2.022137502768426 100893.30878573
2.020562718849253 100851.7321086786
2.018916499679273 100806.9753909881
2.017202502657689 100758.3946520045
2.015424385183709 100705.3459110736
2.013585804656535 100647.1851875413
2.011690418475372 100583.2685007535
2.009741884039426 100512.9518700559
2.0077438587479 100435.5913147946
2.0057 100350.5428543153
2.003103877714197 100234.3663069019
1.999598236677489 100072.1345449835
1.995410496591872 99875.97316912455
1.990768077159341 99658.00777988919
1.985898398081893 99430.36397784163
1.981028879061524 99205.16736354615
1.976386939800227 98994.54353756696
1.9722 98810.61810046833
1.968160196731171 98639.76104963431
1.963901278945489 98463.53121077651
1.959563084167073 98286.83742695038
1.955285449920046 98114.58854121146
1.95120821372853 97951.69339661523
1.947471213116645 97803.06083621718
1.944214285608514 97673.59970307283
1.941577268728259 97568.21884023766
1.9397 97491.82709076717
1.938276718263103 97432.51083806547
1.936907728237056 97375.0762762573
1.935591966266167 97319.511964479
1.934328368694742 97265.80646186703
1.933115871867089 97213.94832755777
1.931953412127515 97163.92612068761
1.930839925820327 97115.72840039295
1.929774349289832 97069.34372581016
1.928755618880337 97024.76065607571
1.92778267093615 96981.96775032592
1.926854441801578 96940.95356769726
1.925969867820927 96901.70666732609
1.925127885338506 96864.21560834881
1.92432743069862 96828.46894990183
1.923567440245578 96794.45525112154
1.922846850323686 96762.16307114436
1.922164597277252 96731.58096910667
1.921519617450582 96702.69750414486
1.920910847187985 96675.50123539535
1.920337222833766 96649.98072199452
1.919797680732234 96626.1245230788
1.919291157227694 96603.92119778456
1.918816588664456 96583.3593052482
1.918372911386825 96564.42740460615
1.917959061739109 96547.11405499477
1.917573976065614 96531.40781555048
1.91721659071065 96517.29724540966
1.91688584201852 96504.77090370875
1.916580666333535 96493.81734958412
1.9163 96484.42514217217
1.9161 96487.39388938448
1.915864195949796 96505.29703150006
1.915617820906621 96532.97454100185
1.915360538639739 96568.97897111753
1.915092012918413 96611.86287507463
1.914811907511907 96660.17880610081
1.914519886189487 96712.47931742361
1.914215612720413 96767.31696227066
1.913898750873951 96823.2442938696
1.913568964419365 96878.81386544794
1.913225917125917 96932.57823023334
1.912869272762873 96983.08994145338
1.912498695099495 97028.90155233565
1.912113847905048 97068.56561610778
1.911714394948795 97100.63468599733
1.9113 97123.66131523193
1.910821607866402 97138.7277122102
1.910249939023384 97149.40456731089
1.909614320741679 97157.97715673194
1.908944080292019 97166.7307566712
1.908268544945134 97177.95064332649
1.907617041971759 97193.92209289575
1.907018898642623 97216.93038157685
1.906503442228459 97249.26078556766
1.9061 97293.19858106601
1.90577300818716 97342.5355363225
1.905466362996439 97389.75790488312
1.905178581663439 97435.19269088915
1.904908181423763 97479.16689848165
1.904653679513015 97522.00753180182
1.904413593166798 97564.04159499083
1.904186439620715 97605.59609218982
1.903970736110369 97646.99802753996
1.903764999871365 97688.57440518243
1.903567748139305 97730.65222925837
1.903377498149792 97773.55850390895
1.903192767138431 97817.62023327535
1.903012072340823 97863.16442149872
1.902833930992573 97910.51807272018
1.902656860329283 97960.00819108095
1.902479377586558 98011.96178072218
1.9023 98066.70584578501
1.902117113763451 98124.51745322146
1.901930454753602 98185.37714127784
1.90174056473033 98249.16712103688
1.90154798545351 98315.76960358131
1.90135325868302 98385.06679999386
1.901156926178737 98456.94092135724
1.900959529700537 98531.27417875419
1.900761611008296 98607.94878326741
1.900563711861892 98686.84694597963
1.900366374021201 98767.85087797356
1.900170139246101 98850.84279033197
1.899975549296466 98935.70489413751
1.899783145932175 99022.31940047296
1.899593470913103 99110.56852042103
1.899407065999129 99200.33446506444
1.899224472950128 99291.49944548588
1.899046233525976 99383.94567276812
1.898872889486551 99477.55535799387
1.898704982591729 99572.21071224581
1.898543054601388 99667.79394660673
1.898387647275402 99764.1872721593
1.898239302373651 99861.27289998629
1.898098561656009 99958.93304117036
1.897965966882354 100057.0499067943
1.897842059812562 100155.5057079407
1.897727382206511 100254.1826556925
1.897622475824076 100352.9629611323
1.897527882425134 100451.7288353427
1.897444143769563 100550.3624894067
1.897371801617238 100648.7461344068
1.897311397728037 100746.7619814258
1.897263473861836 100844.2922415464
1.897228571778511 100941.2191258513
1.897207233237941 101037.4248454233
1.8972 101132.7916113451
1.897209217885099 101229.6322929454
1.897236192296123 101330.0417444967
1.897279904366657 101433.5751544975
1.897339335230292 101539.787711446
1.897413466020613 101648.2346038407
1.89750127787121 101758.4710201798
1.897601751915669 101870.0521489618
1.897713869287579 101982.533178685
1.897836611120528 102095.4692978479
1.897968958548102 102208.4156949487
1.898109892703891 102320.9275584858
1.898258394721481 102432.5600769576
1.898413445734461 102542.8684388624
1.898574026876418 102651.4078326987
1.898739119280941 102757.7334469648
1.898907704081616 102861.400470159
1.899078762412032 102961.9640907797
1.899251275405777 103058.9794973253
1.899424224196437 103152.0018782942
1.899596589917603 103240.5864221846
1.899767353702859 103324.2883174951
1.899935496685796 103402.6627527238
1.9001 103475.2649163693
1.900262143651123 103543.4113857284
1.900424256217856 103608.8283307285
1.900586891693345 103671.6853288135
1.900750604070738 103732.1519574273
1.900915947343182 103790.3977940139
1.901083475503822 103846.5924160173
1.901253742545806 103900.9054008813
1.901427302462281 103953.50632605
1.901604709246394 104004.5647689672
1.90178651689129 104054.2503070769
1.901973279390118 104102.7325178231
1.902165550736024 104150.1809786497
1.902363884922154 104196.7652670006
1.902568835941656 104242.6549603198
1.902780957787676 104288.0196360513
1.903000804453361 104333.0288716389
1.903228929931859 104377.8522445266
1.903465888216314 104422.6593321584
1.903712233299876 104467.6197119782
1.903968519175689 104512.9029614299
1.904235299836902 104558.6786579575
1.904513129276661 104605.116379005
1.904802561488112 104652.3857020163
1.905104150464403 104700.6562044352
1.90541845019868 104750.0974637059
1.905746014684091 104800.8790572721
1.906087397913781 104853.1705625779
1.906443153880898 104907.1415570672
1.906813836578589 104962.9616181839
1.9072 105020.800323372
1.907711782764759 105117.7118504837
1.908403364694802 105270.0650525843
1.909191361586739 105447.0015199374
1.909992389237178 105617.6628428064
1.910723063442729 105751.1906114548
1.9113 105816.7264161463
1.911759714077242 105832.0035689387
1.912195065555691 105836.1626962893
1.912607187301437 105830.4563600603
1.91299721218057 105816.1371221142
1.91336627305918 105794.4575443133
1.913715502803356 105766.67018852
1.914046034279189 105734.0276165966
1.914359000352768 105697.7823904054
1.914655533890183 105659.1870718088
1.914936767757524 105619.4942226692
1.915203834820881 105579.9564048489
1.915457867946343 105541.8261802102
1.9157 105506.3561106155
1.915886546549907 105464.9670437105
1.9161 105440.256573372
1.916464068489228 105437.545337969
1.91697173603144 105430.2606401997
1.917617314558897 105418.5801577669
1.918395116003857 105402.6815683738
1.91929945229858 105382.7425497234
1.920324635375326 105358.9407795186
1.921464977166355 105331.4539354625
1.922714789603927 105300.4596952581
1.9240683846203 105266.1357366085
1.925520074147736 105228.6597372166
1.927064170118493 105188.2093747854
1.928694984464831 105144.962327018
1.93040682911901 105099.0962716175
1.932194016013291 105050.7888862867
1.934050857079931 105000.2178487288
1.935971664251191 104947.5608366468
1.937950749459332 104892.9955277436
1.939982424636612 104836.6995997223
1.942061001715292 104778.8507302858
1.94418079262763 104719.6265971374
1.946336109305887 104659.2048779798
1.948521263682322 104597.7632505162
1.950730567689196 104535.4793924496
1.952958333258767 104472.530981483
1.955198872323296 104409.0956953194
1.957446496815043 104345.3512116618
1.959695518666266 104281.4752082133
1.961940249809226 104217.6453626768
1.964175002176182 104154.0393527555
1.966394087699395 104090.8348561522
1.968591818311123 104028.20955057
1.970762505943627 103966.341113712
1.972900462529166 103905.4072232811
1.975 103845.5855569804
1.977193702523292 103782.6749022178
1.979599758004526 103712.9108133221
1.982190883983444 103637.1261183771
1.984939797999789 103556.1536454667
1.987819217593302 103470.8262226748
1.990801860303726 103381.9766780852
1.993860443670803 103290.4378397819
1.996967685234276 103197.0425358489
2.000096302533886 103102.6235943699
2.003219013109375 103008.0138434288
2.006308534500485 102914.0461111097
2.00933758424696 102821.5532254963
2.012278879888541 102731.3680146725
2.01510513896497 102644.3233067224
2.017789079015989 102561.2519297297
2.020303417581342 102482.9867117783
2.022620872200769 102410.3604809522
2.024714160414012 102344.2060653353
2.026555999760815 102285.3562930114
2.028119107780919 102234.6439920644
2.029376202014067 102192.9019905783
2.0303 102160.9631166369
2.031041947994966 102137.3766935624
2.031760336262354 102118.841781415
2.032438148352616 102103.4158133855
2.033058367816209 102089.1562226648
2.033603978203584 102074.120442444
2.034057963065197 102056.3659059138
2.034403305951502 102033.9500462653
2.034622990412951 102004.9302966894
2.0347 101967.3640903769
2.0347 101869.7934542261
2.0347 101865.9728180754
*END
