*KEYWORD
*DEFINE_CURVE_TITLE
SYNTHETIC screenshot reconstruction absolute pressure
$ LCID SIDR SFA SFO OFFA OFFO DATTYP
26 0 1.0 1.0 0.0 0.0 0
$ Not a CFD solver result; screenshot anchors plus interpolated rows.
$ X in metres; ordinate in metres or absolute pressure in Pa.
$ ABSCISSA ORDINATE
1.4791 99095.42861284567
1.479851735675113 98687.08071026656
1.480724157317516 98285.55295923285
1.481711671244822 97891.26760402936
1.482808683774642 97504.64688894092
1.48400960122459 97126.11305825235
1.485308829912277 96756.08835624847
1.486700776155315 96394.99502721408
1.488179846271316 96043.25531543406
1.489740446577894 95701.29146519318
1.491376983392658 95369.52572077623
1.493083863033223 95048.38032646813
1.4948554918172 94738.27752655362
1.496686276062202 94439.63956531754
1.498570622085839 94152.8886870447
1.500502936205726 93878.44713601995
1.502477624739473 93616.73715652811
1.504489094004693 93368.18099285397
1.506531750318998 93133.20088928237
1.5086 92912.21909009812
1.51071234126088 92701.90286624731
1.512911411375217 92497.95794020778
1.515227825251226 92299.36423356204
1.517692197797119 92105.10166789255
1.52033514392111 91914.15016478185
1.523187278531413 91725.48964581241
1.52627921653624 91538.10003256674
1.529641572843804 91350.96124662735
1.53330496236232 91163.05320957671
1.5373 90973.35584299732
1.542224457603239 90771.23943182312
1.548474587033738 90552.38181386369
1.555778723222672 90325.22424001516
1.563865201101215 90098.20796117364
1.57246235560054 89879.7742282352
1.581298521651822 89678.3642920959
1.590102034186235 89502.41940365187
1.598601228134953 89360.3808137992
1.60652443842915 89260.68977343397
1.6136 89211.78753345227
1.619711731351954 89191.95208366356
1.625241775432379 89175.94160262642
1.630665953836827 89166.91762436052
1.63646008816085 89168.04168288555
1.6431 89182.47531222123
1.651076798471014 89233.22157076102
1.660411382713937 89336.57786400287
1.670874259359286 89485.64724662343
1.682235935037575 89673.53277329914
1.694266916379319 89893.33749870661
1.706737710015032 90138.16447752231
1.719418822575228 90401.11676442283
1.732080760690424 90675.29741408468
1.744494030991133 90953.80948118442
1.756429140107871 91229.75602039858
1.767656594671152 91496.24008640368
1.77794690131149 91746.36473387627
1.787070566659402 91973.23301749291
1.7947980973454 92169.94799193011
1.8009 92329.61271186441
1.8060604877428 92468.19408679215
1.811114687291474 92606.1091943428
1.816059475673645 92743.13634139262
1.820891729916942 92879.05383481787
1.825608327048989 93013.63998149475
1.830206144097412 93146.67308829959
1.834682058089838 93277.93146210859
1.839032946053892 93407.193409798
1.843255685017201 93534.2372382441
1.847347152007389 93658.8412543231
1.851304224052085 93780.78376491128
1.855123778178912 93899.84307688486
1.858802691415497 94015.79749712015
1.862337840789467 94128.42533249334
1.865726103328447 94237.50488988071
1.868964356060062 94342.8144761585
1.87204947601194 94444.13239820297
1.874978340211706 94541.23696289037
1.877747825686985 94633.90647709696
1.880354809465405 94721.91924769896
1.88279616857459 94805.05358157262
1.885068780042167 94883.08778559424
1.887169520895762 94955.80016664002
1.889095268163 95022.96903158625
1.890842898871508 95084.37268730917
1.892409290048911 95139.78944068498
1.893791318722836 95188.99759858999
1.894985861920909 95231.77546790044
1.895989796670755 95267.90135549258
1.8968 95297.15356824265
1.897504777027824 95320.47483753001
1.898189300872436 95339.56433770653
1.898845750560009 95355.33504010724
1.899466305116718 95368.69991606711
1.900043143568734 95380.5719369212
1.90056844494223 95391.86407400444
1.901034388263381 95403.48929865185
1.901433152558359 95416.36058219844
1.901756916853336 95431.3908959792
1.901997860174487 95449.49321132919
1.902148161547984 95471.58049958333
1.9022 95498.56573207668
1.9022 95560.18634744163
1.9022 95664.16357895279
1.9022 95778.3860899084
1.9022 95870.7425436067
1.9022 95909.12160334589
1.902063682752588 95907.82845884017
1.901674558973611 95902.86418379398
1.90106237060796 95894.66126749091
1.900256859600525 95883.65219921476
1.899287767896195 95870.26946824916
1.89818483743986 95854.9455638778
1.896977810176411 95838.1129753844
1.895696428050736 95820.2041920526
1.894370433007727 95801.65170316611
1.893029566992273 95782.88799800861
1.891703571949264 95764.3455658638
1.890422189823589 95746.45689601534
1.88921516256014 95729.65447774697
1.888112232103805 95714.37080034231
1.887143140399475 95701.0383530851
1.88633762939204 95690.089625259
1.885725441026389 95681.9571061477
1.885336317247412 95677.0732850349
1.8852 95675.87065120428
1.8852 95720.29719920877
1.8852 95847.59144208489
1.8852 96051.12164684171
1.8852 96324.25608048828
1.8852 96660.3630100337
1.8852 97052.81070248701
1.8852 97494.96742485731
1.8852 97980.20144415366
1.8852 98501.88102738513
1.8852 99053.37444156079
1.8852 99628.04995368968
1.8852 100219.2758307809
1.8852 100820.4203398435
1.8852 101424.8517478866
1.8852 102025.9383219193
1.8852 102617.0483289505
1.8852 103191.5500359894
1.8852 103742.811710045
1.8852 104264.2016181265
1.8852 104749.0880272428
1.8852 105190.8392044031
1.8852 105582.8234166164
1.8852 105918.4089308918
1.8852 106190.9640142384
1.8852 106393.8569336652
1.8852 106520.4559561813
1.8852 106564.1293487957
1.885336317247412 106561.9085332808
1.885725441026389 106555.5331355849
1.88633762939204 106545.4337289812
1.887143140399475 106532.0408867431
1.888112232103805 106515.7851821438
1.88921516256014 106497.0971884565
1.890422189823589 106476.4074789546
1.891703571949264 106454.1466269112
1.893029566992273 106430.7452055997
1.894370433007727 106406.6337882933
1.895696428050736 106382.2429482653
1.89697781017641 106358.0032587889
1.89818483743986 106334.3452931375
1.899287767896195 106311.6996245842
1.900256859600525 106290.4968264023
1.90106237060796 106271.1674718652
1.901674558973611 106254.142134246
1.902063682752588 106239.8513868181
1.9022 106228.7258028546
1.9022 106290.075044603
1.9022 106381.4242863515
1.9022 106422.7735280999
1.9022 106244.1227698484
1.9022 106395.4720115968
1.9019 106676.0474130241
1.901473764201487 106690.883236446
1.901008443436166 106706.8786697338
1.900502608569841 106724.0719776865
1.899954830468316 106742.5014251031
1.899363679997394 106762.2052767823
1.89872772802288 106783.2217975232
1.898045545410577 106805.5892521247
1.897315703026289 106829.3459053857
1.896536771735819 106854.5300221051
1.895707322404973 106881.1798670818
1.894825925899552 106909.3337051148
1.893891153085361 106939.029801003
1.892901574828205 106970.3064195452
1.891855761993886 107003.2018255405
1.890752285448208 107037.7542837878
1.889589716056975 107074.0020590859
1.888366624685991 107111.9834162338
1.887081582201061 107151.7366200304
1.885733159467986 107193.2999352746
1.884319927352572 107236.7116267654
1.882840456720623 107282.0099593016
1.881293318437941 107329.2331976823
1.87967708337033 107378.4196067062
1.877990322383595 107429.6074511724
1.876231606343539 107482.8349958798
1.874399506115967 107538.1405056272
1.872492592566681 107595.5622452137
1.870509436561485 107655.1384794381
1.868448608966184 107716.9074730993
1.866308680646582 107780.9074909962
1.864088222468481 107847.1767979279
1.861785805297686 107915.7536586932
1.8594 107986.676338091
1.856310890119993 108076.7520127995
1.852026077680947 108198.744230162
1.846735411266738 108346.6258109756
1.840628739461238 108514.3695760371
1.833895910848323 108695.9483461433
1.826726774011868 108885.334942091
1.819311177535746 109076.5021846773
1.811838970003832 109263.4228946989
1.8045 109440.0698929527
1.796983102179752 109615.0620887814
1.788917853248729 109798.0747706646
1.780405214866018 109984.6653281045
1.771546148690704 110170.3911506036
1.762441616381872 110350.8096276642
1.753192579598609 110521.4781487885
1.7439 110677.954103479
1.734381113316402 110829.0199899213
1.72449617649311 110978.9980825926
1.714410683011617 111116.7554354325
1.704290126353417 111231.1591023808
1.6943 111311.0761373773
1.684454536143907 111370.0901340175
1.674643304480354 111423.577398651
1.664844804744847 111463.094054349
1.655037536672894 111480.1962241823
1.6452 111466.4400312221
1.635255526638766 111416.2882198222
1.62521838519013 111335.1531099572
1.615203480422112 111231.0151881294
1.605325717102729 111111.854940841
1.5957 110985.6528545941
1.585985082163669 110808.9340860334
1.576096917377082 110556.1507765258
1.566536211508661 110262.1738896572
1.557803670426827 109961.8743890133
1.5504 109690.1232381802
1.54442447289398 109443.2731734295
1.5395 109210.7711864407
1.535374266078023 109015.6249245516
1.531751600927163 108846.4365495001
1.528353135312721 108676.1101795825
1.5249 108477.5499330954
1.521196349991472 108236.6731750931
1.517430359884018 107973.1622033935
1.513899189834556 107710.5685354387
1.5109 107472.4436886708
1.508439481056489 107279.3694059424
1.506263418779224 107124.9126552229
1.504277615973714 106992.1027916304
1.502387875445469 106863.9691702827
1.5005 106723.541146298
1.498551553226227 106568.0275183422
1.496600670041376 106409.210517777
1.494734010243411 106251.9796487633
1.493038233630298 106101.2244154619
1.4916 105961.8343220339
1.49041576012183 105835.758678501
1.489383971012971 105719.2474306277
1.488444301843197 105608.6410361891
1.487536421782282 105500.27995296
1.4866 105390.5046387154
1.485657573693783 105289.5362245441
1.4847 105199.1089875112
1.483690195420343 105127.0043947458
1.482636678192802 105078.067281544
1.4815 105031.5028768956
1.4802 104991.8003568243
1.4791 104964.3002230152
1.4782 104941.0090900981
1.4774 104922.2794714541
1.4767 104908.7079281891
1.4762 104900.2944603033
1.4757 104887.2559991079
1.4754 104859.5111953613
1.4751 104836.9244669938
1.4748 104789.1161842105
1.4746 104735.8965321142
1.4745 104676.0995049063
1.4744 104599.6979861731
1.4743 104515.7700178412
1.4743 104420.6977368421
1.4742 104305.300058876
1.4742 104179.9999998833
1.4742 104034.6918061998
1.4743 103879.3022631579
1.4743 103704.2299821588
1.4744 103520.274897413
1.4745 103303.9004950937
1.4746 103054.0221186441
1.4748 102760.8024665477
1.475 102433.0213001784
1.4754 102060.4888046387
1.4757 101652.8524665477
1.4762 101199.8682381802
1.4767 100721.4276538805
1.4774 100197.7476449599
1.4782 99658.77397859054
1.4791 99095.42861284567
2.0347 101691.8493095451
2.0347 101691.8493095451
2.0347 102028.1506904549
2.0347 102356.2952582172
2.0347 102640.7534522748
2.034635632747493 102878.9022202786
2.03444496925611 103096.8807034515
2.034131666925053 103296.773071038
2.033699383153529 103480.6634922823
2.033151775340742 103650.6361364287
2.032492500885897 103808.7751727217
2.031725217188197 103957.1647704055
2.030853581646848 104097.8890987244
2.029881251661056 104233.0323269229
2.028811884630023 104364.6786242453
2.027649137952956 104494.9121599357
2.026396669029058 104625.8171032387
2.025058135257534 104759.4776233985
2.023637194037589 104897.9778896596
2.022137502768426 105043.4020712661
2.020562718849253 105197.8343374625
2.018916499679273 105363.358857493
2.017202502657689 105542.059800602
2.015424385183709 105736.0213360339
2.013585804656535 105947.327633033
2.011690418475372 106178.0628608436
2.009741884039426 106430.3111887101
2.0077438587479 106706.1567858767
2.0057 107007.6838215879
2.003103877714197 107411.2528354467
1.999598236677489 107965.8119521531
1.995410496591872 108632.3267185966
1.990768077159341 109371.7626816667
1.985898398081893 110145.0853882528
1.981028879061524 110913.2603852443
1.976386939800227 111637.2532195308
1.9722 112278.0294380018
1.968160196731171 112884.4497896432
1.963901278945489 113517.8798183812
1.959563084167073 114158.042263515
1.955285449920046 114784.6598643439
1.95120821372853 115377.4553601674
1.947471213116645 115916.1514902848
1.944214285608514 116380.4709939953
1.941577268728259 116750.1366105984
1.9397 117004.8710793934
1.938276718263103 117191.3165659364
1.936907728237056 117369.7699373047
1.935591966266167 117540.4359850793
1.934328368694742 117703.519500841
1.933115871867089 117859.225276171
1.931953412127515 118007.7581026501
1.930839925820327 118149.3227718592
1.929774349289832 118284.1240753795
1.928755618880337 118412.3668047918
1.92778267093615 118534.255751677
1.926854441801578 118649.9957076163
1.925969867820927 118759.7914641905
1.925127885338506 118863.8478129806
1.92432743069862 118962.3695455675
1.923567440245578 119055.5614535322
1.922846850323686 119143.6283284558
1.922164597277252 119226.7749619191
1.921519617450582 119305.2061455031
1.920910847187985 119379.1266707888
1.920337222833766 119448.7413293572
1.919797680732234 119514.2549127892
1.919291157227694 119575.8722126657
1.918816588664456 119633.7980205678
1.918372911386825 119688.2371280764
1.917959061739109 119739.3943267725
1.917573976065614 119787.474408237
1.91721659071065 119832.6821640509
1.91688584201852 119875.2223857952
1.916580666333535 119915.2998650508
1.9163 119953.1193933988
1.9161 119990.4527386262
1.915864195949796 120005.4215267159
1.915617820906621 120022.7323866886
1.915360538639739 120041.0991858279
1.915092012918413 120059.2357914171
1.914811907511907 120075.8560707399
1.914519886189487 120089.6738910797
1.914215612720413 120099.4031197199
1.913898750873951 120103.7576239441
1.913568964419365 120101.4512710358
1.913225917125917 120091.1979282784
1.912869272762873 120071.7114629553
1.912498695099495 120041.7057423502
1.912113847905048 119999.8946337465
1.911714394948795 119944.9920044276
1.9113 119875.7117216771
1.910821607866402 119746.2706775602
1.910249939023384 119526.0933248781
1.909614320741679 119236.7048720178
1.908944080292019 118899.6305273662
1.908268544945134 118536.3954993104
1.907617041971759 118168.5249962373
1.907018898642623 117817.5442265341
1.906503442228459 117504.9783985876
1.9061 117252.352720785
1.90577300818716 117043.6880152957
1.905466362996439 116847.4379213979
1.905178581663439 116661.7768731417
1.904908181423763 116484.8793045772
1.904653679513015 116314.9196497545
1.904413593166798 116150.0723427238
1.904186439620715 115988.5118175351
1.903970736110369 115828.4125082386
1.903764999871365 115667.9488488843
1.903567748139305 115505.2952735224
1.903377498149792 115338.6262162029
1.903192767138431 115166.116110976
1.903012072340823 114985.9393918918
1.902833930992573 114796.2704930004
1.902656860329283 114595.2838483519
1.902479377586558 114381.1538919964
1.9023 114152.0550579839
1.902117113763451 113908.1555168749
1.901930454753602 113651.1753438046
1.90174056473033 113381.6168296855
1.90154798545351 113099.9822654302
1.90135325868302 112806.7739419513
1.901156926178737 112502.4941501614
1.900959529700537 112187.6451809729
1.900761611008296 111862.7293252985
1.900563711861892 111528.2488740508
1.900366374021201 111184.7061181422
1.900170139246101 110832.6033484855
1.899975549296466 110472.4428559931
1.899783145932175 110104.7269315775
1.899593470913103 109729.9578661515
1.899407065999129 109348.6379506275
1.899224472950128 108961.2694759181
1.899046233525976 108568.3547329359
1.898872889486551 108170.3960125934
1.898704982591729 107767.8956058032
1.898543054601388 107361.3558034779
1.898387647275402 106951.27889653
1.898239302373651 106538.1671758721
1.898098561656009 106122.5229324168
1.897965966882354 105704.8484570767
1.897842059812562 105285.6460407642
1.897727382206511 104865.417974392
1.897622475824076 104444.6665488726
1.897527882425134 104023.8940551187
1.897444143769563 103603.6027840427
1.897371801617238 103184.2950265572
1.897311397728037 102766.4730735748
1.897263473861836 102350.6392160081
1.897228571778511 101937.2957447697
1.897207233237941 101526.944950772
1.8972 101120.0891249277
1.897209217885099 100706.5443867109
1.897236192296123 100277.0879264354
1.897279904366657 99833.66364127326
1.897339335230292 99378.21542839656
1.897413466020613 98912.6871849774
1.89750127787121 98439.0228081878
1.897601751915669 97959.16619519988
1.897713869287579 97475.06124318564
1.897836611120528 96988.6518493172
1.897968958548102 96501.88191076662
1.898109892703891 96016.69532470594
1.898258394721481 95535.03598830727
1.898413445734461 95058.84779874263
1.898574026876418 94590.07465318411
1.898739119280941 94130.6604488038
1.898907704081616 93682.54908277374
1.899078762412032 93247.68445226601
1.899251275405777 92828.01045445267
1.899424224196437 92425.4709865058
1.899596589917603 92042.00994559744
1.899767353702859 91679.5712288997
1.899935496685796 91340.09873358461
1.9001 91025.53635682426
1.900262143651123 90729.95625417675
1.900424256217856 90445.67613204326
1.900586891693345 90172.00821386036
1.900750604070738 89908.26472306467
1.900915947343182 89653.7578830928
1.901083475503822 89407.79991738136
1.901253742545806 89169.70304936693
1.901427302462281 88938.77950248616
1.901604709246394 88714.34150017564
1.90178651689129 88495.70126587196
1.901973279390118 88282.17102301175
1.902165550736024 88073.06299503159
1.902363884922154 87867.68940536812
1.902568835941656 87665.36247745794
1.902780957787676 87465.39443473764
1.903000804453361 87267.09750064385
1.903228929931859 87069.78389861314
1.903465888216314 86872.76585208216
1.903712233299876 86675.35558448748
1.903968519175689 86476.86531926574
1.904235299836902 86276.60727985352
1.904513129276661 86073.89368968748
1.904802561488112 85868.03677220414
1.905104150464403 85658.34875084019
1.90541845019868 85444.14184903218
1.905746014684091 85224.72829021675
1.906087397913781 84999.42029783048
1.906443153880898 84767.53009531002
1.906813836578589 84528.36990609193
1.9072 84281.25195361284
1.907711782764759 84030.72573423244
1.908403364694802 83788.09281267718
1.909191361586739 83562.79351493382
1.909992389237178 83364.26816698906
1.910723063442729 83201.95709482969
1.9113 83085.30062444246
1.911759714077242 82991.62793574222
1.912195065555691 82893.07619158842
1.912607187301437 82791.29769238454
1.91299721218057 82687.94473853419
1.91336627305918 82584.66963044085
1.913715502803356 82483.12466850814
1.914046034279189 82384.96215313957
1.914359000352768 82291.83438473869
1.914655533890183 82205.39366370905
1.914936767757524 82127.29229045419
1.915203834820881 82059.18256537766
1.915457867946343 82002.716788883
1.9157 81959.54726137378
1.915886546549907 81916.1773182328
1.9161 81891.57195361285
1.916464068489228 81906.55732452217
1.91697173603144 81947.71269016163
1.917617314558897 82014.01249237872
1.918395116003857 82104.431173021
1.91929945229858 82217.94317393593
1.920324635375326 82353.52293697096
1.921464977166355 82510.14490397362
1.922714789603927 82686.7835167914
1.9240683846203 82882.41321727178
1.925520074147736 83096.00844726228
1.927064170118493 83326.54364861039
1.928694984464831 83572.99326316359
1.93040682911901 83834.33173276938
1.932194016013291 84109.53349927525
1.934050857079931 84397.57300452869
1.935971664251191 84697.42469037723
1.937950749459332 85008.06299866831
1.939982424636612 85328.46237124944
1.942061001715292 85657.59724996812
1.94418079262763 85994.44207667187
1.946336109305887 86337.97129320813
1.948521263682322 86687.15934142444
1.950730567689196 87040.98066316829
1.952958333258767 87398.40970028713
1.955198872323296 87758.42089462851
1.957446496815043 88119.98868803987
1.959695518666266 88482.08752236875
1.961940249809226 88843.69183946263
1.964175002176182 89203.77608116898
1.966394087699395 89561.31468933533
1.968591818311123 89915.28210580915
1.970762505943627 90264.65277243794
1.972900462529166 90608.40113106919
1.975 90945.5016235504
1.977193702523292 91300.78421525193
1.979599758004526 91696.40869367289
1.982190883983444 92127.34423385386
1.984939797999789 92588.56001083543
1.987819217593302 93075.02519965822
1.990801860303726 93581.70897536278
1.993860443670803 94103.58051298972
1.996967685234276 94635.60898757966
2.000096302533886 95172.76357417315
2.003219013109375 95710.01344781078
2.006308534500485 96242.32778353318
2.00933758424696 96764.67575638091
2.012278879888541 97272.02654139459
2.01510513896497 97759.34931361479
2.017789079015989 98221.61324808211
2.020303417581342 98653.78751983716
2.022620872200769 99050.84130392048
2.024714160414012 99407.74377537271
2.026555999760815 99719.46410923442
2.028119107780919 99980.97148054623
2.029376202014067 100187.2350643487
2.0303 100333.2240356824
2.031041947994966 100431.3262236145
2.031760336262354 100502.8409045778
2.032438148352616 100556.1044246621
2.033058367816209 100599.453129957
2.033603978203584 100641.2233665519
2.034057963065197 100689.7514805367
2.034403305951502 100753.3738180007
2.034622990412951 100840.4267250337
2.0347 100959.2465477252
2.0347 101275.5479286351
2.0347 101691.8493095451
*END
