*KEYWORD
*DEFINE_CURVE_TITLE
SYNTHETIC screenshot reconstruction absolute pressure
$ LCID SIDR SFA SFO OFFA OFFO DATTYP
26 0 1.0 1.0 0.0 0.0 0
$ Not a CFD solver result; screenshot anchors plus interpolated rows.
$ X in metres; ordinate in metres or absolute pressure in Pa.
$ ABSCISSA ORDINATE
1.4791 101451.0857225691
1.479851735675113 101240.0887568404
1.480724157317516 101033.716836134
1.481711671244822 100832.421371952
1.482808683774642 100636.6537757965
1.48400960122459 100446.8654591693
1.485308829912277 100263.5078335727
1.486700776155315 100087.0323105086
1.488179846271316 99917.8903014791
1.489740446577894 99756.53321798622
1.491376983392658 99603.41247153195
1.493083863033223 99458.97947361843
1.4948554918172 99323.68563574761
1.496686276062202 99197.98236942154
1.498570622085839 99082.3210861423
1.500502936205726 98977.15319741191
1.502477624739473 98882.93011473241
1.504489094004693 98800.10324960585
1.506531750318998 98729.12401353422
1.5086 98670.44381801963
1.51071234126088 98619.02699503486
1.512911411375217 98569.4644520975
1.515227825251226 98521.64746402665
1.517692197797119 98475.46730564143
1.52033514392111 98430.815251761
1.523187278531413 98387.58257720443
1.52627921653624 98345.66055679087
1.529641572843804 98304.94046533946
1.53330496236232 98265.31357766928
1.5373 98226.67116859947
1.542224457603239 98189.17684444846
1.548474587033738 98153.56599151525
1.555778723222672 98120.58755458985
1.563865201101215 98090.99047846228
1.57246235560054 98065.52370792249
1.581298521651822 98044.93618776048
1.590102034186235 98029.9768627663
1.598601228134953 98021.3946777299
1.60652443842915 98019.93857744128
1.6136 98026.35750669046
1.619711731351954 98036.48095004266
1.625241775432379 98046.64602823956
1.630665953836827 98058.36314033573
1.63646008816085 98073.14268538577
1.6431 98092.49506244424
1.651076798471014 98122.31959540203
1.660411382713937 98166.18903359474
1.670874259359286 98222.12391424415
1.682235935037575 98288.14477457196
1.694266916379319 98362.27215179996
1.706737710015032 98442.52658314985
1.719418822575228 98526.92860584341
1.732080760690424 98613.49875710237
1.744494030991133 98700.25757414848
1.756429140107871 98785.22559420348
1.767656594671152 98866.42335448912
1.77794690131149 98941.87139222711
1.787070566659402 99009.59024463927
1.7947980973454 99067.60044894727
1.8009 99113.92254237288
1.8060604877428 99153.56262437391
1.811114687291474 99192.81199690569
1.816059475673645 99231.61900093628
1.820891729916942 99269.93197743379
1.825608327048989 99307.69926736626
1.830206144097412 99344.86921170178
1.834682058089838 99381.39015140841
1.839032946053892 99417.21042745421
1.843255685017201 99452.27838080727
1.847347152007389 99486.54235243563
1.851304224052085 99519.9506833074
1.855123778178912 99552.45171439061
1.858802691415497 99583.99378665337
1.862337840789467 99614.52524106372
1.865726103328447 99643.99441858976
1.868964356060062 99672.34966019951
1.87204947601194 99699.5393068611
1.874978340211706 99725.51169954255
1.877747825686985 99750.21517921198
1.880354809465405 99773.59808683742
1.88279616857459 99795.60876338693
1.885068780042167 99816.19554982863
1.887169520895762 99835.30678713057
1.889095268163 99852.8908162608
1.890842898871508 99868.89597818741
1.892409290048911 99883.27061387846
1.893791318722836 99895.96306430204
1.894985861920909 99906.92167042618
1.895989796670755 99916.094773219
1.8968 99923.43071364853
1.897504777027824 99929.31585962183
1.898189300872436 99934.29442756943
1.898845750560009 99938.55153124461
1.899466305116718 99942.27228440066
1.900043143568734 99945.64180079088
1.90056844494223 99948.84519416851
1.901034388263381 99952.06757828685
1.901433152558359 99955.49406689916
1.901756916853336 99959.30977375877
1.901997860174487 99963.69981261896
1.902148161547984 99968.84929723295
1.9022 99974.94334135411
1.9022 99987.93195219515
1.9022 100009.3618958973
1.9022 100032.8134246064
1.9022 100051.8667904686
1.9022 100060.1022456296
1.902063682752588 100060.3833475186
1.901674558973611 100059.9128303628
1.90106237060796 100058.7797115051
1.900256859600525 100057.0730082887
1.899287767896195 100054.8817380565
1.89818483743986 100052.2949181515
1.896977810176411 100049.4015659169
1.895696428050736 100046.2906986954
1.894370433007727 100043.0513338304
1.893029566992273 100039.7724886646
1.891703571949264 100036.5431805412
1.890422189823589 100033.4524268031
1.88921516256014 100030.5892447935
1.888112232103805 100028.0426518552
1.887143140399475 100025.9016653314
1.88633762939204 100024.2553025651
1.885725441026389 100023.1925808992
1.885336317247412 100022.8025176767
1.8852 100023.1741302409
1.8852 100032.7038662915
1.8852 100058.8415276811
1.8852 100100.2561629814
1.8852 100155.616820764
1.8852 100223.5925496007
1.8852 100302.8523980631
1.8852 100392.0654147228
1.8852 100489.9006481517
1.8852 100595.0271469213
1.8852 100706.1139596033
1.8852 100821.8301347694
1.8852 100940.8447209914
1.8852 101061.8267668408
1.8852 101183.4453208894
1.8852 101304.3694317088
1.8852 101423.2681478708
1.8852 101538.8105179469
1.8852 101649.6655905089
1.8852 101754.5024141285
1.8852 101851.9900373773
1.8852 101940.7975088271
1.8852 102019.5938770494
1.8852 102087.0481906161
1.8852 102141.8294980987
1.8852 102182.606848069
1.8852 102208.0492890985
1.8852 102216.8258697591
1.885336317247412 102216.1793006389
1.885725441026389 102214.2976608334
1.88633762939204 102211.2680516752
1.887143140399475 102207.1775744968
1.888112232103805 102202.1133306308
1.88921516256014 102196.16242141
1.890422189823589 102189.4119481668
1.891703571949264 102181.9490122338
1.893029566992273 102173.8607149437
1.894370433007727 102165.234157629
1.895696428050736 102156.1564416224
1.89697781017641 102146.7146682565
1.89818483743986 102136.9959388637
1.899287767896195 102127.0873547769
1.900256859600525 102117.0760173284
1.90106237060796 102107.049027851
1.901674558973611 102097.0934876772
1.902063682752588 102087.2964981397
1.9022 102077.7451605709
1.9022 102074.0150089206
1.9022 102100.2848572703
1.9022 102076.55470562
1.9022 101832.8245539697
1.9022 101919.0944023194
1.9019 102191.2094826048
1.901473764201487 102194.088715631
1.901008443436166 102197.0248977612
1.900502608569841 102200.027017626
1.899954830468316 102203.1040638558
1.899363679997394 102206.2650250813
1.89872772802288 102209.5188899329
1.898045545410577 102212.8746470412
1.897315703026289 102216.3412850368
1.896536771735819 102219.9277925502
1.895707322404973 102223.643158212
1.894825925899552 102227.4963706526
1.893891153085361 102231.4964185026
1.892901574828205 102235.6522903926
1.891855761993886 102239.9729749531
1.890752285448208 102244.4674608146
1.889589716056975 102249.1447366078
1.888366624685991 102254.013790963
1.887081582201061 102259.083612511
1.885733159467986 102264.3631898821
1.884319927352572 102269.861511707
1.882840456720623 102275.5875666161
1.881293318437941 102281.5503432402
1.87967708337033 102287.7588302095
1.877990322383595 102294.2220161548
1.876231606343539 102300.9488897066
1.874399506115967 102307.9484394954
1.872492592566681 102315.2296541517
1.870509436561485 102322.8015223061
1.868448608966184 102330.6730325891
1.866308680646582 102338.8531736312
1.864088222468481 102347.3509340631
1.861785805297686 102356.1753025153
1.8594 102365.3352676182
1.856310890119993 102376.7868036074
1.852026077680947 102391.9547008771
1.846735411266738 102410.0511722961
1.840628739461238 102430.2884307331
1.833895910848323 102451.8786890566
1.826726774011868 102474.0341601354
1.819311177535746 102495.9670568382
1.811838970003832 102516.8895920337
1.8045 102536.0139785905
1.796983102179752 102554.4146043452
1.788917853248729 102573.2064264361
1.780405214866018 102591.662511685
1.771546148690704 102609.0559269137
1.762441616381872 102624.6597389439
1.753192579598609 102637.7470145974
1.7439 102647.5908206958
1.734381113316402 102655.463868952
1.72449617649311 102661.8992294217
1.714410683011617 102665.0605064413
1.704290126353417 102663.1113043471
1.6943 102654.2152274755
1.684454536143907 102640.9465429326
1.674643304480354 102626.1100603754
1.664844804744847 102608.2151979666
1.655037536672894 102585.7713738687
1.6452 102557.2880062444
1.635255526638766 102520.8991254459
1.62521838519013 102477.5550664359
1.615203480422112 102429.9897042925
1.605325717102729 102380.9369140941
1.5957 102333.1305709188
1.585985082163669 102276.9553997553
1.576096917377082 102206.2470140622
1.566536211508661 102128.9156216226
1.557803670426827 102052.8714302195
1.5504 101986.024647636
1.54442447289398 101926.0444651944
1.5395 101874.1542372881
1.535374266078023 101845.1249849103
1.531751600927163 101833.2873099
1.528353135312721 101821.2220359165
1.5249 101791.5099866191
1.521196349991472 101739.5846350186
1.517430359884018 101678.6324406787
1.513899189834556 101617.8637070877
1.5109 101566.4887377342
1.508439481056489 101540.070452617
1.506263418779224 101540.9322453303
1.504277615973714 101558.4251297547
1.502387875445469 101581.9001197708
1.5005 101600.7082292596
1.498551553226227 101619.3021567297
1.496600670041376 101645.4463484534
1.494734010243411 101673.4594399567
1.493038233630298 101697.6600667658
1.4916 101712.3668644068
1.49041576012183 101716.4401958956
1.489383971012971 101715.4569075281
1.488444301843197 101713.8103597498
1.487536421782282 101715.8939130063
1.4866 101726.1009277431
1.485657573693783 101755.2462863093
1.4847 101807.8217975022
1.483690195420343 101894.1911433269
1.482636678192802 102020.2712147603
1.4815 102174.3005753791
1.4802 102390.3600713648
1.4791 102608.860044603
1.4782 102820.2018180196
1.4774 103024.4558942908
1.4767 103221.7415856378
1.4762 103412.0588920607
1.4757 103585.4511998216
1.4754 103731.9022390723
1.4751 103871.3848933987
1.4748 103973.8232368421
1.4746 104059.1793064228
1.4745 104127.2199009813
1.4744 104167.9395972346
1.4743 104191.1540035682
1.4743 104204.1395473684
1.4742 104197.0600117752
1.4742 104179.9999999767
1.4742 104142.93836124
1.4743 104095.8604526316
1.4743 104028.8459964318
1.4744 103952.0549794826
1.4745 103852.7800990187
1.4746 103730.8044237288
1.4748 103576.1604933096
1.475 103398.6042600357
1.4754 103188.0977609277
1.4757 102954.5704933095
1.4762 102687.973647636
1.4767 102408.2855307761
1.4774 102095.549528992
1.4782 101779.7547957181
1.4791 101451.0857225691
2.0347 101811.9569455843
2.0347 101811.9569455843
2.0347 101908.0430544157
2.0347 101982.8486402204
2.0347 102040.2152720785
2.034635632747493 102098.9091274943
2.03444496925611 102152.9080877642
2.034131666925053 102202.7128467369
2.033699383153529 102248.8240982615
2.033151775340742 102291.7425361867
2.032492500885897 102331.9688543615
2.031725217188197 102370.0037466346
2.030853581646848 102406.347906855
2.029881251661056 102441.5020288715
2.028811884630023 102475.966806533
2.027649137952956 102510.2429336884
2.026396669029058 102544.8311041865
2.025058135257534 102580.2320118761
2.023637194037589 102616.9463506062
2.022137502768426 102655.4748142256
2.020562718849253 102696.3180965832
2.018916499679273 102739.9768915279
2.017202502657689 102786.9518929084
2.015424385183709 102837.7437945737
2.013585804656535 102892.8532903727
2.011690418475372 102952.7810741542
2.009741884039426 103018.027839767
2.0077438587479 103089.0942810601
2.0057 103166.4810918822
2.003103877714197 103268.6268689221
1.999598236677489 103407.4109402461
1.995410496591872 103573.4950967697
1.990768077159341 103757.5411294087
1.985898398081893 103950.2108290785
1.981028879061524 104142.1659866947
1.976386939800227 104324.0683931731
1.9722 104486.5798394291
1.968160196731171 104642.3328353385
1.963901278945489 104806.3865649224
1.959563084167073 104973.0428303143
1.955285449920046 105136.6034336477
1.95120821372853 105291.3701770563
1.947471213116645 105431.6448626735
1.944214285608514 105551.7292926329
1.941577268728259 105645.925269068
1.9397 105708.5345941124
1.938276718263103 105752.2851343174
1.936907728237056 105793.7574177065
1.935591966266167 105833.0322386212
1.934328368694742 105870.1903914032
1.933115871867089 105905.3126703942
1.931953412127515 105938.4798699358
1.930839925820327 105969.7727843697
1.929774349289832 105999.2722080374
1.928755618880337 106027.0589352807
1.92778267093615 106053.2137604412
1.926854441801578 106077.8174778605
1.925969867820927 106100.9508818804
1.925127885338506 106122.6947668424
1.92432743069862 106143.1299270881
1.923567440245578 106162.3371569593
1.922846850323686 106180.3972507976
1.922164597277252 106197.3910029446
1.921519617450582 106213.399207742
1.920910847187985 106228.5026595314
1.920337222833766 106242.7821526545
1.919797680732234 106256.3184814529
1.919291157227694 106269.1924402683
1.918816588664456 106281.4848234423
1.918372911386825 106293.2764253165
1.917959061739109 106304.6480402326
1.917573976065614 106315.6804625323
1.91721659071065 106326.4544865572
1.91688584201852 106337.050906649
1.916580666333535 106347.5505171493
1.9163 106358.0341123996
1.9161 106375.8436396075
1.915864195949796 106393.1712258878
1.915617820906621 106417.4602669058
1.915360538639739 106447.277309655
1.915092012918413 106481.188901129
1.914811907511907 106517.7615883214
1.914519886189487 106555.5619182257
1.914215612720413 106593.1564378354
1.913898750873951 106629.1116941442
1.913568964419365 106661.9942341455
1.913225917125917 106690.3706048329
1.912869272762873 106712.8073532001
1.912498695099495 106727.8710262404
1.912113847905048 106734.1281709475
1.911714394948795 106730.145334315
1.9113 106714.4890633363
1.910821607866402 106668.1976578254
1.910249939023384 106580.343732642
1.909614320741679 106461.545307349
1.908944080292019 106322.4204015089
1.908268544945134 106173.5870346844
1.907617041971759 106025.6632264382
1.907018898642623 105889.2669963329
1.906503442228459 105775.0163639312
1.9061 105693.5293487957
1.90577300818716 105634.17366679
1.905466362996439 105578.8496416707
1.905178581663439 105526.9742048408
1.904908181423763 105477.9642877028
1.904653679513015 105431.2368216597
1.904413593166798 105386.2087381141
1.904186439620715 105342.2969684688
1.903970736110369 105298.9184441266
1.903764999871365 105255.4900964902
1.903567748139305 105211.4288569623
1.903377498149792 105166.1516569458
1.903192767138431 105119.0754278433
1.903012072340823 105069.6171010576
1.902833930992573 105017.1936079915
1.902656860329283 104961.2218800478
1.902479377586558 104901.1188486291
1.9023 104836.3014451383
1.902117113763451 104767.0106215766
1.901930454753602 104693.9716905999
1.90174056473033 104617.3281245925
1.90154798545351 104537.2233959387
1.90135325868302 104453.800977023
1.901156926178737 104367.2043402298
1.900959529700537 104277.5769579433
1.900761611008296 104185.0623025481
1.900563711861892 104089.8038464284
1.900366374021201 103991.9450619687
1.900170139246101 103891.6294215533
1.899975549296466 103789.0003975666
1.899783145932175 103684.2014623929
1.899593470913103 103577.3760884168
1.899407065999129 103468.6677480225
1.899224472950128 103358.2199135944
1.899046233525976 103246.1760575169
1.898872889486551 103132.6796521744
1.898704982591729 103017.8741699512
1.898543054601388 102901.9030832318
1.898387647275402 102784.9098644004
1.898239302373651 102667.0379858416
1.898098561656009 102548.4309199396
1.897965966882354 102429.2321390789
1.897842059812562 102309.5851156438
1.897727382206511 102189.6333220187
1.897622475824076 102069.5202305879
1.897527882425134 101949.389313736
1.897444143769563 101829.3840438471
1.897371801617238 101709.6478933058
1.897311397728037 101590.3243344963
1.897263473861836 101471.5568398032
1.897228571778511 101353.4888816107
1.897207233237941 101236.2639323031
1.8972 101120.0254642651
1.897209217885099 101001.8187061952
1.897236192296123 100878.9678889274
1.897279904366657 100752.0349880489
1.897339335230292 100621.5819791466
1.897413466020613 100488.1708378075
1.89750127787121 100352.3635396186
1.897601751915669 100214.7220601671
1.897713869287579 100075.80837504
1.897836611120528 99936.18445982417
1.897968958548102 99796.41229010679
1.898109892703891 99657.05384147483
1.898258394721481 99518.67108951537
1.898413445734461 99381.82600981537
1.898574026876418 99247.08057796194
1.898739119280941 99114.99676954208
1.898907704081616 98986.1365601428
1.899078762412032 98861.06192535117
1.899251275405777 98740.33484075421
1.899424224196437 98624.51728193893
1.899596589917603 98514.17122449238
1.899767353702859 98409.85864400164
1.899935496685796 98312.14151605366
1.9001 98221.5818162355
1.900262143651123 98136.44152499593
1.900424256217856 98054.48037246258
1.900586891693345 97975.50695874076
1.900750604070738 97899.32988393579
1.900915947343182 97825.75774815303
1.901083475503822 97754.59915149778
1.901253742545806 97685.66269407539
1.901427302462281 97618.7569759912
1.901604709246394 97553.69059735052
1.90178651689129 97490.27215825868
1.901973279390118 97428.31025882105
1.902165550736024 97367.61349914288
1.902363884922154 97307.99047932957
1.902568835941656 97249.24979948644
1.902780957787676 97191.20005971882
1.903000804453361 97133.64986013202
1.903228929931859 97076.40780083138
1.903465888216314 97019.28248192224
1.903712233299876 96962.08250350991
1.903968519175689 96904.61646569974
1.904235299836902 96846.69296859707
1.904513129276661 96788.12061230722
1.904802561488112 96728.7079969355
1.905104150464403 96668.26372258726
1.90541845019868 96606.59638936784
1.905746014684091 96543.51459738254
1.906087397913781 96478.82694673672
1.906443153880898 96412.34203753571
1.906813836578589 96343.86846988481
1.9072 96273.21484388938
1.907711782764759 96224.91634734682
1.908403364694802 96213.79371367495
1.909191361586739 96225.08386140966
1.909992389237178 96244.02370908682
1.910723063442729 96255.85017524235
1.9113 96245.80017841213
1.911759714077242 96214.96652876644
1.912195065555691 96175.26515413326
1.912607187301437 96128.16764953491
1.91299721218057 96075.14560999381
1.91336627305918 96017.6706305323
1.913715502803356 95957.21430617283
1.914046034279189 95895.24823193772
1.914359000352768 95833.24400284939
1.914655533890183 95772.6732139302
1.914936767757524 95715.00746020254
1.915203834820881 95661.71833668878
1.915457867946343 95614.27743841131
1.9157 95574.1563603925
1.915886546549907 95530.34162017093
1.9161 95504.73484388938
1.916464068489228 95509.50458317634
1.91697173603144 95522.7024002862
1.917617314558897 95543.99706908689
1.918395116003857 95573.05736344637
1.91929945229858 95609.55205723249
1.920324635375326 95653.14992431317
1.921464977166355 95703.51973855631
1.922714789603927 95760.33027382984
1.9240683846203 95823.25030400163
1.925520074147736 95891.94860293965
1.927064170118493 95966.09394451175
1.928694984464831 96045.35510258588
1.93040682911901 96129.40085102992
1.932194016013291 96217.89996371177
1.934050857079931 96310.52121449937
1.935971664251191 96406.93337726065
1.937950749459332 96506.80522586344
1.939982424636612 96609.8055341757
1.942061001715292 96715.60307606532
1.94418079262763 96823.86662540025
1.946336109305887 96934.26495604834
1.948521263682322 97046.46684187751
1.950730567689196 97160.1410567557
1.952958333258767 97274.95637455079
1.955198872323296 97390.58156913071
1.957446496815043 97506.68541436335
1.959695518666266 97622.93668411662
1.961940249809226 97739.00415225845
1.964175002176182 97854.55659265669
1.966394087699395 97969.26277917931
1.968591818311123 98082.79148569421
1.970762505943627 98194.81148606927
1.972900462529166 98304.9915541724
1.975 98413.00046387155
1.977193702523292 98526.91888979313
1.979599758004526 98653.94936445616
1.982190883983444 98792.44344856722
1.984939797999789 98940.75270283296
1.987819217593302 99097.22868796004
1.990801860303726 99260.22296465503
1.993860443670803 99428.08709362458
1.996967685234276 99599.17263557535
2.000096302533886 99771.83115121393
2.003219013109375 99944.41420124694
2.006308534500485 100115.2733463811
2.00933758424696 100282.7601473229
2.012278879888541 100445.226164779
2.01510513896497 100601.0229594562
2.017789079015989 100748.5020920609
2.020303417581342 100886.0151232999
2.022620872200769 101011.9136138797
2.024714160414012 101124.549124507
2.026555999760815 101222.2732158883
2.028119107780919 101303.4374487305
2.029376202014067 101366.39338374
2.0303 101409.4925816235
2.031041947994966 101437.1598900062
2.031760336262354 101456.5115687292
2.032438148352616 101469.9362968235
2.033058367816209 101479.8227533201
2.033603978203584 101488.55961725
2.034057963065197 101498.5355676442
2.034403305951502 101512.1392835335
2.034622990412951 101531.7594439489
2.0347 101559.7847279215
2.0347 101635.8708367529
2.0347 101811.9569455843
*END
