*KEYWORD
*DEFINE_CURVE_TITLE
SYNTHETIC screenshot reconstruction absolute pressure
$ LCID SIDR SFA SFO OFFA OFFO DATTYP
26 0 1.0 1.0 0.0 0.0 0
$ Not a CFD solver result; screenshot anchors plus interpolated rows.
$ X in metres; ordinate in metres or absolute pressure in Pa.
$ ABSCISSA ORDINATE
1.4791 100273.2571677074
1.479851735675113 99963.58473355348
1.480724157317516 99659.63489768344
1.481711671244822 99361.84448799069
1.482808683774642 99070.65033236869
1.48400960122459 98786.48925871083
1.485308829912277 98509.79809491058
1.486700776155315 98241.01366886134
1.488179846271316 97980.57280845658
1.489740446577894 97728.91234158969
1.491376983392658 97486.46909615409
1.493083863033223 97253.67990004328
1.4948554918172 97030.98158115061
1.496686276062202 96818.81096736954
1.498570622085839 96617.6048865935
1.500502936205726 96427.80016671594
1.502477624739473 96249.83363563026
1.504489094004693 96084.1421212299
1.506531750318998 95931.16245140829
1.5086 95791.33145405888
1.51071234126088 95660.46493064109
1.512911411375217 95533.71119615264
1.515227825251226 95410.50584879435
1.517692197797119 95290.28448676699
1.52033514392111 95172.48270827143
1.523187278531413 95056.53611150842
1.52627921653624 94941.88029467881
1.529641572843804 94827.95085598341
1.53330496236232 94714.183393623
1.5373 94600.01350579839
1.542224457603239 94480.20813813579
1.548474587033738 94352.97390268947
1.555778723222672 94222.90589730251
1.563865201101215 94094.59921981796
1.57246235560054 93972.64896807885
1.581298521651822 93861.65023992819
1.590102034186235 93766.19813320908
1.598601228134953 93690.88774576456
1.60652443842915 93640.31417543763
1.6136 93619.07252007136
1.619711731351954 93614.21651685311
1.625241775432379 93611.29381543299
1.630665953836827 93612.64038234812
1.63646008816085 93620.59218413566
1.6431 93637.48518733274
1.651076798471014 93677.77058308152
1.660411382713937 93751.38344879881
1.670874259359286 93853.88558043378
1.682235935037575 93980.83877393555
1.694266916379319 94127.80482525328
1.706737710015032 94290.34553033608
1.719418822575228 94464.02268513312
1.732080760690424 94644.39808559352
1.744494030991133 94827.03352766646
1.756429140107871 95007.49080730104
1.767656594671152 95181.3317204464
1.77794690131149 95344.11806305169
1.787070566659402 95491.41163106609
1.7947980973454 95618.77422043869
1.8009 95721.76762711865
1.8060604877428 95810.87835558303
1.811114687291474 95899.46059562424
1.816059475673645 95987.37767116445
1.820891729916942 96074.49290612583
1.825608327048989 96160.66962443051
1.830206144097412 96245.77115000068
1.834682058089838 96329.6608067585
1.839032946053892 96412.20191862612
1.843255685017201 96493.25780952568
1.847347152007389 96572.69180337936
1.851304224052085 96650.36722410933
1.855123778178912 96726.14739563773
1.858802691415497 96799.89564188676
1.862337840789467 96871.47528677853
1.865726103328447 96940.74965423523
1.868964356060062 97007.58206817901
1.87204947601194 97071.83585253204
1.874978340211706 97133.37433121646
1.877747825686985 97192.06082815447
1.880354809465405 97247.75866726819
1.88279616857459 97300.33117247977
1.885068780042167 97349.64166771143
1.887169520895762 97395.5534768853
1.889095268163 97437.92992392353
1.890842898871508 97476.63433274829
1.892409290048911 97511.53002728173
1.893791318722836 97542.48033144602
1.894985861920909 97569.34856916331
1.895989796670755 97591.99806435579
1.8968 97610.29214094559
1.897504777027824 97624.89534857593
1.898189300872436 97636.92938263797
1.898845750560009 97646.94328567592
1.899466305116718 97655.48610023389
1.900043143568734 97663.10686885603
1.90056844494223 97670.35463408647
1.901034388263381 97677.77843846935
1.901433152558359 97685.9273245488
1.901756916853336 97695.35033486898
1.901997860174487 97706.59651197407
1.902148161547984 97720.21489840814
1.9022 97736.75453671539
1.9022 97774.05914981839
1.9022 97836.76273742504
1.9022 97905.59975725741
1.9022 97961.30466703764
1.9022 97984.61192448772
1.902063682752588 97984.10590317937
1.901674558973611 97981.38850707837
1.90106237060796 97976.72048949801
1.900256859600525 97970.36260375172
1.899287767896195 97962.57560315281
1.89818483743986 97953.62024101467
1.896977810176411 97943.75727065062
1.895696428050736 97933.24744537403
1.894370433007727 97922.35151849824
1.893029566992273 97911.3302433366
1.891703571949264 97900.44437320248
1.890422189823589 97889.95466140924
1.88921516256014 97880.12186127024
1.888112232103805 97871.20672609877
1.887143140399475 97863.47000920826
1.88633762939204 97857.17246391204
1.885725441026389 97852.57484352343
1.885336317247412 97849.93790135582
1.8852 97849.52239072257
1.8852 97876.50053275013
1.8852 97953.21648488299
1.8852 98075.68890491156
1.8852 98239.93645062615
1.8852 98441.9777798172
1.8852 98677.83155027503
1.8852 98943.51641979007
1.8852 99235.05104615266
1.8852 99548.45408715319
1.8852 99879.74420058205
1.8852 100224.9400442296
1.8852 100580.0602758862
1.8852 100941.1235533422
1.8852 101304.148534388
1.8852 101665.153876814
1.8852 102020.1582384106
1.8852 102365.1802769681
1.8852 102696.238650277
1.8852 103009.3520161275
1.8852 103300.5390323101
1.8852 103565.8183566151
1.8852 103801.2086468329
1.8852 104002.7285607539
1.8852 104166.3967561685
1.8852 104288.2318908671
1.8852 104364.2526226399
1.8852 104390.4776092774
1.885336317247412 104389.0439169599
1.885725441026389 104384.9153982092
1.88633762939204 104378.3508903282
1.887143140399475 104369.60923062
1.888112232103805 104358.9492563873
1.88921516256014 104346.6298049332
1.890422189823589 104332.9097135607
1.891703571949264 104318.0478195725
1.893029566992273 104302.3029602717
1.894370433007727 104285.9339729612
1.895696428050736 104269.1996949438
1.89697781017641 104252.3589635227
1.89818483743986 104235.6706160006
1.899287767896195 104219.3934896805
1.900256859600525 104203.7864218654
1.90106237060796 104189.1082498581
1.901674558973611 104175.6178109616
1.902063682752588 104163.5739424789
1.9022 104153.2354817128
1.9022 104182.0450267618
1.9022 104240.8545718109
1.9022 104249.6641168599
1.9022 104038.473661909
1.9022 104157.2832069581
1.9019 104433.6284478145
1.901473764201487 104442.4859760385
1.901008443436166 104451.9517837475
1.900502608569841 104462.0494976562
1.899954830468316 104472.8027444794
1.899363679997394 104484.2351509318
1.89872772802288 104496.3703437281
1.898045545410577 104509.231949583
1.897315703026289 104522.8435952113
1.896536771735819 104537.2289073277
1.895707322404973 104552.4115126469
1.894825925899552 104568.4150378837
1.893891153085361 104585.2631097528
1.892901574828205 104602.9793549689
1.891855761993886 104621.5874002468
1.890752285448208 104641.1108723012
1.889589716056975 104661.5733978468
1.888366624685991 104682.9986035984
1.887081582201061 104705.4101162707
1.885733159467986 104728.8315625783
1.884319927352572 104753.2865692362
1.882840456720623 104778.7987629589
1.881293318437941 104805.3917704612
1.87967708337033 104833.0892184579
1.877990322383595 104861.9147336636
1.876231606343539 104891.8919427932
1.874399506115967 104923.0444725613
1.872492592566681 104955.3959496827
1.870509436561485 104988.9700008721
1.868448608966184 105023.7902528442
1.866308680646582 105059.8803323137
1.864088222468481 105097.2638659955
1.861785805297686 105135.9644806042
1.8594 105176.0058028546
1.856310890119993 105226.7694082034
1.852026077680947 105295.3494655196
1.846735411266738 105378.3384916359
1.840628739461238 105472.3290033851
1.833895910848323 105573.9135175999
1.826726774011868 105679.6845511132
1.819311177535746 105786.2346207577
1.811838970003832 105890.1562433663
1.8045 105988.0419357716
1.796983102179752 106084.7383465633
1.788917853248729 106185.6405985504
1.780405214866018 106288.1639198948
1.771546148690704 106389.7235387587
1.762441616381872 106487.7346833041
1.753192579598609 106579.612581693
1.7439 106662.7724620874
1.734381113316402 106742.2419294367
1.72449617649311 106820.4486560072
1.714410683011617 106890.9079709369
1.704290126353417 106947.135203364
1.6943 106982.6456824264
1.684454536143907 107005.518338475
1.674643304480354 107024.8437295132
1.664844804744847 107035.6546261578
1.655037536672894 107032.9837990255
1.6452 107011.8640187333
1.635255526638766 106968.5936726341
1.62521838519013 106906.3540881966
1.615203480422112 106830.502446211
1.605325717102729 106746.3959274675
1.5957 106659.3917127565
1.585985082163669 106542.9447428944
1.576096917377082 106381.198895294
1.566536211508661 106195.5447556399
1.557803670426827 106007.3729096164
1.5504 105838.0739429081
1.54442447289398 105684.658819312
1.5395 105542.4627118644
1.535374266078023 105430.374954731
1.531751600927163 105339.8619297
1.528353135312721 105248.6661077495
1.5249 105134.5299598573
1.521196349991472 104988.1289050559
1.517430359884018 104825.8973220361
1.513899189834556 104664.2161212632
1.5109 104519.4662132025
1.508439481056489 104409.7199292797
1.506263418779224 104332.9224502766
1.504277615973714 104275.2639606925
1.502387875445469 104222.9346450268
1.5005 104162.1246877788
1.498551553226227 104093.6648375359
1.496600670041376 104027.3284331152
1.494734010243411 103962.71954436
1.493038233630298 103899.4422411139
1.4916 103837.1005932203
1.49041576012183 103776.0994371983
1.489383971012971 103717.3521690779
1.488444301843197 103661.2256979695
1.487536421782282 103608.0869329831
1.4866 103558.3027832293
1.485657573693783 103522.3912554267
1.4847 103503.4653925067
1.483690195420343 103510.5977690363
1.482636678192802 103549.1692481522
1.4815 103602.9017261374
1.4802 103691.0802140946
1.4791 103786.5801338091
1.4782 103880.6054540589
1.4774 103973.3676828724
1.4767 104065.2247569135
1.4762 104156.176676182
1.4757 104236.3535994648
1.4754 104295.7067172168
1.4751 104354.1546801963
1.4748 104381.4697105263
1.4746 104397.5379192685
1.4745 104401.6597029438
1.4744 104383.8187917038
1.4743 104353.4620107047
1.4743 104312.4186421053
1.4742 104251.1800353256
1.4742 104179.99999993
1.4742 104088.8150837199
1.4743 103987.5813578947
1.4743 103866.5379892953
1.4744 103736.1649384478
1.4745 103578.3402970562
1.4746 103392.4132711864
1.4748 103168.4814799286
1.475 102915.8127801071
1.4754 102624.2932827832
1.4757 102303.7114799286
1.4762 101943.9209429081
1.4767 101564.8565923283
1.4774 101146.6485869759
1.4782 100719.2643871543
1.4791 100273.2571677074
2.0347 101751.9031275647
2.0347 101751.9031275647
2.0347 101968.0968724353
2.0347 102169.5719492188
2.0347 102340.4843621766
2.034635632747493 102488.9056738864
2.03444496925611 102624.8943956078
2.034131666925053 102749.7429588875
2.033699383153529 102864.7437952719
2.033151775340742 102971.1893363077
2.032492500885897 103070.3720135416
2.031725217188197 103163.5842585201
2.030853581646848 103252.1185027897
2.029881251661056 103337.2671778972
2.028811884630023 103420.3227153891
2.027649137952956 103502.5775468121
2.026396669029058 103585.3241037126
2.025058135257534 103669.8548176373
2.023637194037589 103757.4621201329
2.022137502768426 103849.4384427459
2.020562718849253 103947.0762170228
2.018916499679273 104051.6678745104
2.017202502657689 104164.5058467552
2.015424385183709 104286.8825653038
2.013585804656535 104420.0904617029
2.011690418475372 104565.4219674989
2.009741884039426 104724.1695142385
2.0077438587479 104897.6255334684
2.0057 105087.0824567351
2.003103877714197 105339.9398521844
1.999598236677489 105686.6114461996
1.995410496591872 106102.9109076832
1.990768077159341 106564.6519055377
1.985898398081893 107047.6481086656
1.981028879061524 107527.7131859696
1.976386939800227 107980.660806352
1.9722 108382.3046387154
1.968160196731171 108763.3913124909
1.963901278945489 109162.1331916518
1.959563084167073 109565.5425469146
1.955285449920046 109960.6316489958
1.95120821372853 110334.4127686118
1.947471213116645 110673.8981764791
1.944214285608514 110966.1001433141
1.941577268728259 111198.0309398332
1.9397 111356.7028367529
1.938276718263103 111471.8008501269
1.936907728237056 111581.7636775056
1.935591966266167 111686.7341118502
1.934328368694742 111786.8549461221
1.933115871867089 111882.2689732826
1.931953412127515 111973.1189862929
1.930839925820327 112059.5477781144
1.929774349289832 112141.6981417084
1.928755618880337 112219.7128700362
1.92778267093615 112293.7347560591
1.926854441801578 112363.9065927384
1.925969867820927 112430.3711730354
1.925127885338506 112493.2712899115
1.92432743069862 112552.7497363278
1.923567440245578 112608.9493052458
1.922846850323686 112662.0127896267
1.922164597277252 112712.0829824319
1.921519617450582 112759.3026766226
1.920910847187985 112803.8146651601
1.920337222833766 112845.7617410058
1.919797680732234 112885.286697121
1.919291157227694 112922.532326467
1.918816588664456 112957.641422005
1.918372911386825 112990.7567766964
1.917959061739109 113022.0211835026
1.917573976065614 113051.5774353847
1.91721659071065 113079.5683253041
1.91688584201852 113106.1366462221
1.916580666333535 113131.4251911
1.9163 113155.5767528992
1.9161 113183.1481891169
1.915864195949796 113199.2963763018
1.915617820906621 113220.0963267972
1.915360538639739 113244.1882477414
1.915092012918413 113270.2123462731
1.914811907511907 113296.8088295307
1.914519886189487 113322.6179046527
1.914215612720413 113346.2797787777
1.913898750873951 113366.4346590442
1.913568964419365 113381.7227525906
1.913225917125917 113390.7842665557
1.912869272762873 113392.2594080777
1.912498695099495 113384.7883842953
1.912113847905048 113367.011402347
1.911714394948795 113337.5686693713
1.9113 113295.1003925067
1.910821607866402 113207.2341676928
1.910249939023384 113053.2185287601
1.909614320741679 112849.1250896834
1.908944080292019 112611.0254644376
1.908268544945134 112354.9912669974
1.907617041971759 112097.0941113377
1.907018898642623 111853.4056114335
1.906503442228459 111639.9973812594
1.9061 111472.9410347904
1.90577300818716 111338.9308410428
1.905466362996439 111213.1437815343
1.905178581663439 111094.3755389912
1.904908181423763 110981.42179614
1.904653679513015 110873.0782357071
1.904413593166798 110768.140540419
1.904186439620715 110665.404393002
1.903970736110369 110563.6654761826
1.903764999871365 110461.7194726872
1.903567748139305 110358.3620652423
1.903377498149792 110252.3889365743
1.903192767138431 110142.5957694097
1.903012072340823 110027.7782464747
1.902833930992573 109906.732050496
1.902656860329283 109778.2528641998
1.902479377586558 109641.1363703127
1.9023 109494.1782515611
1.902117113763451 109337.5830692258
1.901930454753602 109172.5735172023
1.90174056473033 108999.472477139
1.90154798545351 108818.6028306845
1.90135325868302 108630.2874594872
1.901156926178737 108434.8492451956
1.900959529700537 108232.6110694581
1.900761611008296 108023.8958139233
1.900563711861892 107809.0263602396
1.900366374021201 107588.3255900554
1.900170139246101 107362.1163850194
1.899975549296466 107130.7216267798
1.899783145932175 106894.4641969852
1.899593470913103 106653.6669772842
1.899407065999129 106408.652849325
1.899224472950128 106159.7446947562
1.899046233525976 105907.2653952264
1.898872889486551 105651.5378323839
1.898704982591729 105392.8848878772
1.898543054601388 105131.6294433548
1.898387647275402 104868.0943804652
1.898239302373651 104602.6025808569
1.898098561656009 104335.4769261782
1.897965966882354 104067.0402980778
1.897842059812562 103797.615578204
1.897727382206511 103527.5256482053
1.897622475824076 103257.0933897303
1.897527882425134 102986.6416844273
1.897444143769563 102716.4934139449
1.897371801617238 102446.9714599315
1.897311397728037 102178.3987040356
1.897263473861836 101911.0980279057
1.897228571778511 101645.3923131902
1.897207233237941 101381.6044415376
1.8972 101120.0572945964
1.897209217885099 100854.181546453
1.897236192296123 100578.0279076814
1.897279904366657 100292.8493146611
1.897339335230292 99999.89870377157
1.897413466020613 99700.42901139244
1.89750127787121 99395.69317390323
1.897601751915669 99086.94412768351
1.897713869287579 98775.4348091128
1.897836611120528 98462.41815457068
1.897968958548102 98149.1471004367
1.898109892703891 97836.87458309039
1.898258394721481 97526.85353891131
1.898413445734461 97220.336904279
1.898574026876418 96918.57761557303
1.898739119280941 96622.82860917294
1.898907704081616 96334.34282145827
1.899078762412032 96054.37318880859
1.899251275405777 95784.17264760344
1.899424224196437 95524.99413422236
1.899596589917603 95278.09058504492
1.899767353702859 95044.71493645068
1.899935496685796 94826.12012481914
1.9001 94623.55908652989
1.900262143651123 94433.19888958633
1.900424256217856 94250.07825225292
1.900586891693345 94073.75758630056
1.900750604070738 93903.79730350022
1.900915947343182 93739.75781562291
1.901083475503822 93581.19953443957
1.901253742545806 93427.68287172116
1.901427302462281 93278.76823923868
1.901604709246394 93134.01604876308
1.90178651689129 92992.98671206532
1.901973279390118 92855.2406409164
1.902165550736024 92720.33824708723
1.902363884922154 92587.83994234884
1.902568835941656 92457.3061384722
1.902780957787676 92328.29724722823
1.903000804453361 92200.37368038793
1.903228929931859 92073.09584972226
1.903465888216314 91946.02416700219
1.903712233299876 91818.71904399869
1.903968519175689 91690.74089248275
1.904235299836902 91561.6501242253
1.904513129276661 91431.00715099735
1.904802561488112 91298.37238456981
1.905104150464403 91163.30623671372
1.90541845019868 91025.36911920001
1.905746014684091 90884.12144379964
1.906087397913781 90739.1236222836
1.906443153880898 90589.93606642286
1.906813836578589 90436.11918798837
1.9072 90277.23339875112
1.907711782764759 90127.82104078964
1.908403364694802 90000.94326317606
1.909191361586739 89893.93868817174
1.909992389237178 89804.14593803794
1.910723063442729 89728.90363503601
1.9113 89665.5504014273
1.911759714077242 89603.29723225432
1.912195065555691 89534.17067286084
1.912607187301437 89459.73267095973
1.91299721218057 89381.545174264
1.91336627305918 89301.17013048657
1.913715502803356 89220.16948734049
1.914046034279189 89140.10519253864
1.914359000352768 89062.53919379404
1.914655533890183 88989.03343881962
1.914936767757524 88921.14987532837
1.915203834820881 88860.45045103322
1.915457867946343 88808.49711364716
1.9157 88766.85181088313
1.915886546549907 88723.25946920186
1.9161 88698.15339875111
1.916464068489228 88708.03095384926
1.91697173603144 88735.20754522391
1.917617314558897 88779.00478073281
1.918395116003857 88838.74426823368
1.91929945229858 88913.7476155842
1.920324635375326 89003.33643064207
1.921464977166355 89106.83232126496
1.922714789603927 89223.55689531061
1.9240683846203 89352.83176063671
1.925520074147736 89493.97852510097
1.927064170118493 89646.31879656107
1.928694984464831 89809.17418287473
1.93040682911901 89981.86629189966
1.932194016013291 90163.71673149351
1.934050857079931 90354.04710951404
1.935971664251191 90552.17903381893
1.937950749459332 90757.43411226587
1.939982424636612 90969.13395271257
1.942061001715292 91186.60016301673
1.94418079262763 91409.15435103606
1.946336109305887 91636.11812462824
1.948521263682322 91866.81309165097
1.950730567689196 92100.560859962
1.952958333258767 92336.68303741896
1.955198872323296 92574.50123187961
1.957446496815043 92813.33705120161
1.959695518666266 93052.51210324268
1.961940249809226 93291.34799586055
1.964175002176182 93529.16633691284
1.966394087699395 93765.28873425731
1.968591818311123 93999.03679575167
1.970762505943627 94229.73212925361
1.972900462529166 94456.69634262079
1.975 94679.25104371097
1.977193702523292 94913.85155252254
1.979599758004526 95175.17902906453
1.982190883983444 95459.89384121053
1.984939797999789 95764.6563568342
1.987819217593302 96086.12694380913
1.990801860303726 96420.9659700089
1.993860443670803 96765.83380330715
1.996967685234276 97117.3908115775
2.000096302533886 97472.29736269354
2.003219013109375 97827.21382452885
2.006308534500485 98178.80056495713
2.00933758424696 98523.71795185188
2.012278879888541 98858.62635308682
2.01510513896497 99180.18613653547
2.017789079015989 99485.0576700715
2.020303417581342 99769.90132156851
2.022620872200769 100031.3774589001
2.024714160414012 100266.1464499398
2.026555999760815 100470.8686625614
2.028119107780919 100642.2044646384
2.029376202014067 100776.8142240444
2.0303 100871.358308653
2.031041947994966 100934.2430568103
2.031760336262354 100979.6762366535
2.032438148352616 101013.0203607428
2.033058367816209 101039.6379416385
2.033603978203584 101064.891491901
2.034057963065197 101094.1435240904
2.034403305951502 101132.7565507671
2.034622990412951 101186.0930844913
2.0347 101259.5156378234
2.0347 101455.709382694
2.0347 101751.9031275647
*END
