*KEYWORD
*DEFINE_CURVE_TITLE
SYNTHETIC screenshot reconstruction absolute pressure
$ LCID SIDR SFA SFO OFFA OFFO DATTYP
26 0 1.0 1.0 0.0 0.0 0
$ Not a CFD solver result; screenshot anchors plus interpolated rows.
$ X in metres; ordinate in metres or absolute pressure in Pa.
$ ABSCISSA ORDINATE
1.4791 102744.6214161463
1.479851735675113 102697.3835938281
1.480724157317516 102652.3798078574
1.481711671244822 102609.9650234205
1.482808683774642 102570.4942057036
1.48400960122459 102534.3223198928
1.485308829912277 102501.8043311744
1.486700776155315 102473.2952047346
1.488179846271316 102449.1499057597
1.489740446577894 102429.7233994357
1.491376983392658 102415.370650949
1.493083863033223 102406.4466254859
1.4948554918172 102403.3062882323
1.496686276062202 102406.3046043747
1.498570622085839 102415.7965390991
1.500502936205726 102432.1370575919
1.502477624739473 102455.6811250392
1.504489094004693 102486.7837066273
1.506531750318998 102525.7997675423
1.5086 102573.0842729706
1.51071234126088 102623.9025687191
1.512911411375217 102673.5707520111
1.515227825251226 102722.5199151563
1.517692197797119 102771.1811504648
1.52033514392111 102819.9855502465
1.523187278531413 102869.3642068113
1.52627921653624 102919.7482124692
1.529641572843804 102971.5686595302
1.53330496236232 103025.256640304
1.5373 103081.2432471008
1.542224457603239 103145.7224279381
1.548474587033738 103222.0905935654
1.555778723222672 103306.5825303906
1.563865201101215 103395.4330248216
1.57246235560054 103484.876863266
1.581298521651822 103571.1488321317
1.590102034186235 103650.4837178266
1.598601228134953 103719.1163067584
1.60652443842915 103773.2813853351
1.6136 103809.2137399643
1.619711731351954 103833.6581998702
1.625241775432379 103856.0057605871
1.630665953836827 103876.4604579879
1.63646008816085 103895.2263279457
1.6431 103912.5074063336
1.651076798471014 103923.1073354121
1.660411382713937 103922.5480580915
1.670874259359286 103912.1110612198
1.682235935037575 103893.0778316449
1.694266916379319 103866.729856215
1.706737710015032 103834.3486217779
1.719418822575228 103797.2156151816
1.732080760690424 103756.6123232742
1.744494030991133 103713.8202329036
1.756429140107871 103670.1208309179
1.767656594671152 103626.7956041649
1.77794690131149 103585.1260394927
1.787070566659402 103546.3936237493
1.7947980973454 103511.8798437826
1.8009 103482.8661864407
1.8060604877428 103456.9417706702
1.811114687291474 103430.8793241209
1.816059475673645 103404.7357466955
1.820891729916942 103378.5679382968
1.825608327048989 103352.4327988274
1.830206144097412 103326.3872281901
1.834682058089838 103300.4881262875
1.839032946053892 103274.7923930223
1.843255685017201 103249.3569282972
1.847347152007389 103224.238632015
1.851304224052085 103199.4944040784
1.855123778178912 103175.1811443899
1.858802691415497 103151.3557528525
1.862337840789467 103128.0751293686
1.865726103328447 103105.3961738412
1.868964356060062 103083.3757861727
1.87204947601194 103062.070866266
1.874978340211706 103041.5383140238
1.877747825686985 103021.8350293487
1.880354809465405 103003.0179121434
1.88279616857459 102985.1438623108
1.885068780042167 102968.2697797533
1.887169520895762 102952.4525643738
1.889095268163 102937.749116075
1.890842898871508 102924.2163347596
1.892409290048911 102911.9111203302
1.893791318722836 102900.8903726895
1.894985861920909 102891.2109917404
1.895989796670755 102882.9298773854
1.8968 102876.1039295272
1.897504777027824 102870.709969643
1.898189300872436 102866.506496225
1.898845750560009 102863.2229246982
1.899466305116718 102860.5886704881
1.900043143568734 102858.3331490199
1.90056844494223 102856.1857757187
1.901034388263381 102853.8759660098
1.901433152558359 102851.1331353185
1.901756916853336 102847.6866990701
1.901997860174487 102843.2660726897
1.902148161547984 102837.6006716026
1.9022 102830.4199112341
1.9022 102812.8058668202
1.9022 102782.4454752042
1.9022 102748.9754442225
1.9022 102722.0324817112
1.9022 102711.2532955067
1.902063682752588 102712.3496355205
1.901674558973611 102714.524486467
1.90106237060796 102717.6514083868
1.900256859600525 102721.6039613206
1.899287767896195 102726.255705309
1.89818483743986 102731.4802003926
1.896977810176411 102737.1510066121
1.895696428050736 102743.1416840082
1.894370433007727 102749.3257926214
1.893029566992273 102755.5768924924
1.891703571949264 102761.7685436619
1.890422189823589 102767.7743061705
1.88921516256014 102773.4677400588
1.888112232103805 102778.7224053675
1.887143140399475 102783.4118621371
1.88633762939204 102787.4096704085
1.885725441026389 102790.5893902221
1.885336317247412 102792.8245816186
1.8852 102793.9888046387
1.8852 102781.5066499526
1.8852 102744.2093189087
1.8852 102684.0802875646
1.8852 102603.1030319781
1.8852 102503.261028207
1.8852 102386.5377523088
1.8852 102254.9166803415
1.8852 102110.3812883626
1.8852 101954.91505243
1.8852 101790.5014486014
1.8852 101619.1239529344
1.8852 101442.7660414869
1.8852 101263.4111903166
1.8852 101083.0428754811
1.8852 100903.6445730382
1.8852 100727.1997590457
1.8852 100555.6919095613
1.8852 100391.1045006426
1.8852 100235.4210083475
1.8852 100090.6249087336
1.8852 99958.69967785878
1.8852 99841.62879178065
1.8852 99741.39572655695
1.8852 99659.98395824544
1.8852 99599.37696290384
1.8852 99561.55821658988
1.8852 99548.51119536128
1.885336317247412 99548.91178211817
1.885725441026389 99550.02829107738
1.88633762939204 99551.73284527172
1.887143140399475 99553.89756773403
1.888112232103805 99556.39458149711
1.88921516256014 99559.09600959381
1.890422189823589 99561.87397505694
1.891703571949264 99564.60060091932
1.893029566992273 99567.14801021377
1.894370433007727 99569.38832597314
1.895696428050736 99571.19367123021
1.89697781017641 99572.43616901785
1.89818483743986 99572.98794236884
1.899287767896195 99572.72111431602
1.900256859600525 99571.50780789222
1.90106237060796 99569.22014613026
1.901674558973611 99565.73025206297
1.902063682752588 99560.91024872314
1.9022 99554.63225914362
1.9022 99515.22748661909
1.9022 99498.32271409455
1.9022 99443.91794157002
1.9022 99224.5131690455
1.9022 99252.60839652097
1.9019 99451.93577609277
1.901473764201487 99447.36961876486
1.901008443436166 99442.22592658632
1.900502608569841 99436.49497318541
1.899954830468316 99430.16703219026
1.899363679997394 99423.2323772291
1.89872772802288 99415.68128193011
1.898045545410577 99407.50401992149
1.897315703026289 99398.69086483141
1.896536771735819 99389.23209028807
1.895707322404973 99379.11796991971
1.894825925899552 99368.33877735445
1.893891153085361 99356.88478622053
1.892901574828205 99344.74627014612
1.891855761993886 99331.91350275942
1.890752285448208 99318.3767576886
1.889589716056975 99304.12630856191
1.888366624685991 99289.15242900749
1.887081582201061 99273.44539265355
1.885733159467986 99256.99547312828
1.884319927352572 99239.79294405988
1.882840456720623 99221.82807907653
1.881293318437941 99203.09115180644
1.87967708337033 99183.57243587777
1.877990322383595 99163.26220491875
1.876231606343539 99142.15073255755
1.874399506115967 99120.22829242234
1.872492592566681 99097.48515814138
1.870509436561485 99073.91160334281
1.868448608966184 99049.49790165483
1.866308680646582 99024.23432670563
1.864088222468481 98998.11115212341
1.861785805297686 98971.11865153638
1.8594 98943.2470985727
1.856310890119993 98907.60967253502
1.852026077680947 98858.89691543509
1.846735411266738 98799.46514496488
1.840628739461238 98731.67067881627
1.833895910848323 98657.86983468116
1.826726774011868 98580.41893025149
1.819311177535746 98501.67428321915
1.811838970003832 98423.99221127608
1.8045 98349.72903211418
1.796983102179752 98275.44674326353
1.788917853248729 98197.1663761986
1.780405214866018 98116.43279952783
1.771546148690704 98034.79088185972
1.762441616381872 97953.78549180279
1.753192579598609 97874.96149796547
1.7439 97799.86376895629
1.734381113316402 97725.22258366877
1.72449617649311 97649.30631715772
1.714410683011617 97575.96698227347
1.704290126353417 97509.05659186639
1.6943 97452.4271587868
1.684454536143907 97401.81663721411
1.674643304480354 97352.25716750146
1.664844804744847 97306.54204175981
1.655037536672894 97267.46455210012
1.6452 97237.81799063337
1.635255526638766 97218.2679784978
1.62521838519013 97207.01740034616
1.615203480422112 97203.16544356116
1.605325717102729 97205.81129552546
1.5957 97214.05414362176
1.585985082163669 97239.7285387851
1.576096917377082 97289.11439416092
1.566536211508661 97352.9789404475
1.557803670426827 97422.08940834308
1.5504 97487.21302854594
1.54442447289398 97547.34220051352
1.5395 97610.01864406779
1.535374266078023 97681.68752263451
1.531751600927163 97761.31903514998
1.528353135312721 97841.29194612525
1.5249 97913.98502007137
1.521196349991472 97981.32617247207
1.517430359884018 98049.55133898195
1.513899189834556 98117.50131436839
1.5109 98184.01689339874
1.508439481056489 98257.94717821729
1.506263418779224 98345.96020343313
1.504277615973714 98443.6251625109
1.502387875445469 98546.51124891518
1.5005 98650.18765611062
1.498551553226227 98762.0686016402
1.496600670041376 98885.71741609547
1.494734010243411 99010.92696251388
1.493038233630298 99127.49010393284
1.4916 99225.19970338984
1.49041576012183 99301.46350045619
1.489383971012971 99365.71051140253
1.488444301843197 99425.76551431528
1.487536421782282 99489.45328728076
1.4866 99564.59860838536
1.485657573693783 99659.64662447483
1.4847 99779.51730374666
1.483690195420343 99933.435903572
1.482636678192802 100126.4431235044
1.4815 100354.7991369313
1.4802 100660.7098929527
1.4791 100962.9599330955
1.4782 101253.4472729706
1.4774 101532.0661585638
1.4767 101798.6376215433
1.4762 102053.161661909
1.4757 102288.0732002676
1.4754 102495.8966413916
1.4751 102691.6726599019
1.4748 102853.0151447368
1.4746 102994.9810403657
1.4745 103117.9201485281
1.4744 103214.3406041481
1.4743 103292.0189946476
1.4743 103362.5406789474
1.4742 103418.1599823372
1.4742 103466.250000035
1.4742 103499.34245814
1.4743 103524.9593210526
1.4743 103535.4810053524
1.4744 103538.1675307761
1.4745 103529.5798514719
1.4746 103510.0433644068
1.4748 103472.0092600357
1.475 103423.3436099465
1.4754 103356.6033586084
1.4757 103279.3942600357
1.4762 103184.2895285459
1.4767 103086.3217038359
1.4774 102970.425706512
1.4782 102859.1178064228
1.4791 102744.6214161463
2.0347 101757.7782544603
2.0347 101757.7782544603
2.0347 101694.7217455397
2.0347 101608.3227575421
2.0347 101523.6087276985
2.034635632747493 101466.6857309296
2.03444496925611 101414.946469499
2.034131666925053 101367.8757588834
2.033699383153529 101324.9584145594
2.033151775340742 101285.6792520039
2.032492500885897 101249.5230866935
2.031725217188197 101215.9747341048
2.030853581646848 101184.5190097147
2.029881251661056 101154.6407289997
2.028811884630023 101125.8247074367
2.027649137952956 101097.5557605022
2.026396669029058 101069.318703673
2.025058135257534 101040.5983524257
2.023637194037589 101010.8795222371
2.022137502768426 100979.647028584
2.020562718849253 100946.3856869429
2.018916499679273 100910.5803127905
2.017202502657689 100871.7157216036
2.015424385183709 100829.2767288589
2.013585804656535 100782.7481500331
2.011690418475372 100731.6148006028
2.009741884039426 100675.3614960448
2.0077438587479 100613.4730518357
2.0057 100545.4342834523
2.003103877714197 100452.4930455215
1.999598236677489 100322.7076359868
1.995410496591872 100165.7785352996
1.990768077159341 99991.40622391134
1.985898398081893 99809.2911822733
1.981028879061524 99629.13389083692
1.976386939800227 99460.63483005356
1.9722 99313.49448037466
1.968160196731171 99176.80883970745
1.963901278945489 99035.82496862121
1.959563084167073 98894.4699415603
1.955285449920046 98756.67083296918
1.95120821372853 98626.35471729218
1.947471213116645 98507.44866897374
1.944214285608514 98403.87976245827
1.941577268728259 98319.57507219013
1.9397 98258.46167261373
1.938276718263103 98211.00867045239
1.936907728237056 98165.06102100584
1.935591966266167 98120.60957158321
1.934328368694742 98077.64516949363
1.933115871867089 98036.1586620462
1.931953412127515 97996.14089655009
1.930839925820327 97957.58272031436
1.929774349289832 97920.47498064813
1.928755618880337 97884.80852486056
1.92778267093615 97850.57420026073
1.926854441801578 97817.7628541578
1.925969867820927 97786.36533386087
1.925127885338506 97756.37248667906
1.92432743069862 97727.77515992147
1.923567440245578 97700.56420089724
1.922846850323686 97674.73045691549
1.922164597277252 97650.26477528532
1.921519617450582 97627.15800331588
1.920910847187985 97605.40098831628
1.920337222833766 97584.98457759562
1.919797680732234 97565.89961846304
1.919291157227694 97548.13695822765
1.918816588664456 97531.68744419857
1.918372911386825 97516.54192368491
1.917959061739109 97502.69124399581
1.917573976065614 97490.12625244039
1.91721659071065 97478.83779632773
1.91688584201852 97468.81672296699
1.916580666333535 97460.05387966729
1.9163 97452.54011373773
1.9161 97454.91511150758
1.915864195949796 97469.23762520004
1.915617820906621 97491.37963280149
1.915360538639739 97520.18317689402
1.915092012918413 97554.49030005971
1.914811907511907 97593.14304488065
1.914519886189487 97634.9834539389
1.914215612720413 97678.85356981654
1.913898750873951 97723.59543509567
1.913568964419365 97768.05109235835
1.913225917125917 97811.06258418667
1.912869272762873 97851.47195316271
1.912498695099495 97888.12124186852
1.912113847905048 97919.85249288622
1.911714394948795 97945.50774879787
1.9113 97963.92905218554
1.910821607866402 97975.98216976816
1.910249939023384 97984.52365384871
1.909614320741679 97991.38172538555
1.908944080292019 97998.38460533695
1.908268544945134 98007.3605146612
1.907617041971759 98020.1376743166
1.907018898642623 98038.54430526149
1.906503442228459 98064.40862845413
1.9061 98099.55886485281
1.90577300818716 98139.02842905799
1.905466362996439 98176.80632390651
1.905178581663439 98213.15415271131
1.904908181423763 98248.33351878531
1.904653679513015 98282.60602544146
1.904413593166798 98316.23327599266
1.904186439620715 98349.47687375186
1.903970736110369 98382.59842203197
1.903764999871365 98415.85952414594
1.903567748139305 98449.5217834067
1.903377498149792 98483.84680312716
1.903192767138431 98519.09618662027
1.903012072340823 98555.53153719897
1.902833930992573 98593.41445817615
1.902656860329283 98633.00655286477
1.902479377586558 98674.56942457774
1.9023 98718.36467662801
1.902117113763451 98764.61396257718
1.901930454753602 98813.30171302227
1.90174056473033 98864.3336968295
1.90154798545351 98917.61568286506
1.90135325868302 98973.05343999508
1.901156926178737 99030.55273708579
1.900959529700537 99090.01934300335
1.900761611008296 99151.35902661392
1.900563711861892 99214.47755678371
1.900366374021201 99279.28070237885
1.900170139246101 99345.67423226558
1.899975549296466 99413.56391531001
1.899783145932175 99482.85552037836
1.899593470913103 99553.45481633683
1.899407065999129 99625.26757205155
1.899224472950128 99698.1995563887
1.899046233525976 99772.15653821451
1.898872889486551 99847.04428639509
1.898704982591729 99922.76856979665
1.898543054601388 99999.23515728538
1.898387647275402 100076.3498177274
1.898239302373651 100154.018319989
1.898098561656009 100232.1464329363
1.897965966882354 100310.6399254354
1.897842059812562 100389.4045663526
1.897727382206511 100468.346124554
1.897622475824076 100547.3703689058
1.897527882425134 100626.3830682742
1.897444143769563 100705.2899915253
1.897371801617238 100783.9969075254
1.897311397728037 100862.4095851406
1.897263473861836 100940.4337932371
1.897228571778511 101017.975300681
1.897207233237941 101094.9398763386
1.8972 101171.2332890761
1.897209217885099 101248.7058343563
1.897236192296123 101329.0333955974
1.897279904366657 101411.860123598
1.897339335230292 101496.8301691568
1.897413466020613 101583.5876830725
1.89750127787121 101671.7768161438
1.897601751915669 101761.0417191694
1.897713869287579 101851.026542948
1.897836611120528 101941.3754382783
1.897968958548102 102031.7325559589
1.898109892703891 102121.7420467886
1.898258394721481 102211.0480615661
1.898413445734461 102299.29475109
1.898574026876418 102386.126266159
1.898739119280941 102471.1867575718
1.898907704081616 102554.1203761272
1.899078762412032 102634.5712726238
1.899251275405777 102712.1835978603
1.899424224196437 102786.6015026353
1.899596589917603 102857.4691377477
1.899767353702859 102924.4306539961
1.899935496685796 102987.1302021791
1.9001 103045.2119330954
1.900262143651123 103099.7291085827
1.900424256217856 103152.0626645828
1.900586891693345 103202.3482630508
1.900750604070738 103250.7215659418
1.900915947343182 103297.3182352111
1.901083475503822 103342.2739328138
1.901253742545806 103385.724320705
1.901427302462281 103427.80506084
1.901604709246394 103468.6518151738
1.90178651689129 103508.4002456615
1.901973279390118 103547.1860142585
1.902165550736024 103585.1447829198
1.902363884922154 103622.4122136005
1.902568835941656 103659.1239682559
1.902780957787676 103695.415708841
1.903000804453361 103731.4230973111
1.903228929931859 103767.2817956213
1.903465888216314 103803.1274657267
1.903712233299876 103839.0957695825
1.903968519175689 103875.3223691439
1.904235299836902 103911.942926366
1.904513129276661 103949.093103204
1.904802561488112 103986.908561613
1.905104150464403 104025.5249635482
1.90541845019868 104065.0779709647
1.905746014684091 104105.7032458177
1.906087397913781 104147.5364500623
1.906443153880898 104190.7132456537
1.906813836578589 104235.3692945471
1.9072 104281.6402586976
1.907711782764759 104359.169480387
1.908403364694802 104481.0520420675
1.909191361586739 104622.6012159499
1.909992389237178 104759.1302742451
1.910723063442729 104865.9524891639
1.9113 104918.381132917
1.911759714077242 104930.602855151
1.912195065555691 104933.9301570314
1.912607187301437 104929.3650880483
1.91299721218057 104917.9096976914
1.91336627305918 104900.5660354507
1.913715502803356 104878.336150816
1.914046034279189 104852.2220932772
1.914359000352768 104823.2259123243
1.914655533890183 104792.349657447
1.914936767757524 104760.5953781353
1.915203834820881 104728.9651238791
1.915457867946343 104698.4609441682
1.9157 104670.0848884924
1.915886546549907 104636.9736349684
1.9161 104617.2052586976
1.916464068489228 104615.0362703752
1.91697173603144 104609.2085121597
1.917617314558897 104599.8641262135
1.918395116003857 104587.145254699
1.91929945229858 104571.1940397787
1.920324635375326 104552.1526236149
1.921464977166355 104530.16314837
1.922714789603927 104505.3677562065
1.9240683846203 104477.9085892868
1.925520074147736 104447.9277897733
1.927064170118493 104415.5674998283
1.928694984464831 104380.9698616144
1.93040682911901 104344.277017294
1.932194016013291 104305.6311090294
1.934050857079931 104265.174278983
1.935971664251191 104223.0486693174
1.937950749459332 104179.3964221949
1.939982424636612 104134.3596797778
1.942061001715292 104088.0805842287
1.94418079262763 104040.7012777099
1.946336109305887 103992.3639023839
1.948521263682322 103943.210600413
1.950730567689196 103893.3835139597
1.952958333258767 103843.0247851864
1.955198872323296 103792.2765562555
1.957446496815043 103741.2809693295
1.959695518666266 103690.1801665706
1.961940249809226 103639.1162901415
1.964175002176182 103588.2314822044
1.966394087699395 103537.6678849217
1.968591818311123 103487.567640456
1.970762505943627 103438.0728909696
1.972900462529166 103389.3257786249
1.975 103341.4684455843
1.977193702523292 103291.1399217743
1.979599758004526 103235.3286506577
1.982190883983444 103174.7008947017
1.984939797999789 103109.9229163733
1.987819217593302 103041.6609781398
1.990801860303726 102970.5813424682
1.993860443670803 102897.3502718255
1.996967685234276 102822.6340286791
2.000096302533886 102747.0988754959
2.003219013109375 102671.4110747431
2.006308534500485 102596.2368888877
2.00933758424696 102522.242580397
2.012278879888541 102450.094411738
2.01510513896497 102380.4586453779
2.017789079015989 102314.0015437837
2.020303417581342 102251.3893694227
2.022620872200769 102193.2883847618
2.024714160414012 102140.3648522682
2.026555999760815 102093.2850344091
2.028119107780919 102052.7151936515
2.029376202014067 102019.3215924627
2.0303 101993.7704933096
2.031041947994966 101974.9013548499
2.031760336262354 101960.073425132
2.032438148352616 101947.7326507084
2.033058367816209 101936.3249781319
2.033603978203584 101924.2963539552
2.034057963065197 101910.0927247311
2.034403305951502 101892.1600370123
2.034622990412951 101868.9442373515
2.0347 101838.8912723015
2.0347 101760.8347633809
2.0347 101757.7782544603
*END
