*KEYWORD
*DEFINE_CURVE_TITLE
SYNTHETIC screenshot reconstruction absolute pressure
$ LCID SIDR SFA SFO OFFA OFFO DATTYP
26 0 1.0 1.0 0.0 0.0 0
$ Not a CFD solver result; screenshot anchors plus interpolated rows.
$ X in metres; ordinate in metres or absolute pressure in Pa.
$ ABSCISSA ORDINATE
1.4791 99234.77682454282
1.479851735675113 98851.95066587489
1.480724157317516 98475.51839928079
1.481711671244822 98105.87587877753
1.482808683774642 97743.41895838211
1.48400960122459 97388.54349211158
1.485308829912277 97041.64533398293
1.486700776155315 96703.12033801321
1.488179846271316 96373.36435821943
1.489740446577894 96052.7732486186
1.491376983392658 95741.74286322772
1.493083863033223 95440.66905606388
1.4948554918172 95149.94768114401
1.496686276062202 94869.97459248519
1.498570622085839 94601.1456441044
1.500502936205726 94343.85669001871
1.502477624739473 94098.5035842451
1.504489094004693 93865.48218080059
1.506531750318998 93645.18833370222
1.5086 93438.01789696699
1.51071234126088 93240.84643710685
1.512911411375217 93049.64806894479
1.515227825251226 92863.46646896441
1.517692197797119 92681.34531364926
1.52033514392111 92502.32827948299
1.523187278531413 92325.45904294914
1.52627921653624 92149.78128053132
1.529641572843804 91974.33866871314
1.53330496236232 91798.17488397816
1.5373 91620.33360280999
1.542224457603239 91430.84946733418
1.548474587033738 91225.6704504972
1.555778723222672 91012.71022501422
1.563865201101215 90799.8824636003
1.57246235560054 90595.10083897049
1.581298521651822 90406.2790238399
1.590102034186235 90241.33069092363
1.598601228134953 90108.16951293676
1.60652443842915 90014.70916259434
1.6136 89968.8633126115
1.619711731351954 89950.26757843459
1.625241775432379 89935.25775246228
1.630665953836827 89926.79777283799
1.63646008816085 89927.85157770521
1.6431 89941.38310520741
1.651076798471014 89988.95772258846
1.660411382713937 90085.85424750271
1.670874259359286 90225.60679370946
1.682235935037575 90401.74947496795
1.694266916379319 90607.81640503745
1.706737710015032 90837.34169767717
1.719418822575228 91083.85946664641
1.732080760690424 91340.90382570439
1.744494030991133 91602.00888861039
1.756429140107871 91860.70876912368
1.767656594671152 92110.53758100345
1.77794690131149 92345.02943800901
1.787070566659402 92557.71845389961
1.7947980973454 92742.13874243447
1.8009 92891.82441737287
1.8060604877428 93021.74445636764
1.811114687291474 93151.03986969638
1.816059475673645 93279.50282005557
1.820891729916942 93406.92547014174
1.825608327048989 93533.09998265133
1.830206144097412 93657.81852028087
1.834682058089838 93780.87324572681
1.839032946053892 93902.05632168562
1.843255685017201 94021.15991085384
1.847347152007389 94137.97617592791
1.851304224052085 94252.29727960432
1.855123778178912 94363.91538457955
1.858802691415497 94472.62265355013
1.862337840789467 94578.2112492125
1.865726103328447 94680.47333426317
1.868964356060062 94779.20107139859
1.87204947601194 94874.18662331528
1.874978340211706 94965.22215270971
1.877747825686985 95052.0998222784
1.880354809465405 95134.61179471777
1.88279616857459 95212.55023272433
1.885068780042167 95285.70729899459
1.887169520895762 95353.87515622503
1.889095268163 95416.84596711211
1.890842898871508 95474.41189435234
1.892409290048911 95526.36510064217
1.893791318722836 95572.49774867813
1.894985861920909 95612.60200115667
1.895989796670755 95646.4700207743
1.8968 95673.89397022748
1.897504777027824 95695.75766018438
1.898189300872436 95713.65406659988
1.898845750560009 95728.43910010053
1.899466305116718 95740.96867131292
1.900043143568734 95752.09869086363
1.90056844494223 95762.68506937916
1.901034388263381 95773.58371748611
1.901433152558359 95785.65054581103
1.901756916853336 95799.7414649805
1.901997860174487 95816.71238562111
1.902148161547984 95837.41921835937
1.9022 95862.71787382189
1.9022 95920.48720072654
1.9022 96017.96585526825
1.9022 96125.04945928912
1.9022 96211.63363463127
1.9022 96247.61400313677
1.902063682752588 96246.40168016266
1.901674558973611 96241.74767230685
1.90106237060796 96234.05743827274
1.900256859600525 96223.73643676384
1.899287767896195 96211.19012648359
1.89818483743986 96196.82396613545
1.896977810176411 96181.04341442286
1.895696428050736 96164.25393004931
1.894370433007727 96146.86097171823
1.893029566992273 96129.26999813307
1.891703571949264 96111.8864679973
1.890422189823589 96095.11584001438
1.88921516256014 96079.36357288779
1.888112232103805 96065.03512532091
1.887143140399475 96052.53595601728
1.88633762939204 96042.27152368032
1.885725441026389 96034.64728701347
1.885336317247412 96030.06870472021
1.8852 96028.94123550401
1.8852 96070.59112425822
1.8852 96189.92947695458
1.8852 96380.7390439141
1.8852 96636.80257545775
1.8852 96951.90282190659
1.8852 97319.82253358158
1.8852 97734.34446080374
1.8852 98189.25135389405
1.8852 98678.32596317356
1.8852 99195.35103896324
1.8852 99734.10933158408
1.8852 100288.3835913571
1.8852 100851.9565686033
1.8852 101418.6110136437
1.8852 101982.1296767993
1.8852 102536.2953083911
1.8852 103074.89065874
1.8852 103591.6984781672
1.8852 104080.5015169936
1.8852 104535.0825255401
1.8852 104949.2242541279
1.8852 105316.7094530779
1.8852 105631.3208727111
1.8852 105886.8412633485
1.8852 106077.0533753111
1.8852 106195.7399589199
1.8852 106236.683764496
1.885336317247412 106234.6017499507
1.885725441026389 106228.6248146108
1.88633762939204 106219.1566209199
1.887143140399475 106206.6008313217
1.888112232103805 106191.3611082598
1.88921516256014 106173.841114178
1.890422189823589 106154.4445115199
1.891703571949264 106133.5749627293
1.893029566992273 106111.6361302497
1.894370433007727 106089.031676525
1.895696428050736 106066.1652639987
1.89697781017641 106043.4405551146
1.89818483743986 106021.2612123164
1.899287767896195 106000.0308980477
1.900256859600525 105980.1532747522
1.90106237060796 105962.0320048736
1.901674558973611 105946.0707508556
1.902063682752588 105932.6731751419
1.9022 105922.2429401762
1.9022 105979.7578543154
1.9022 106065.3977684545
1.9022 106104.1626825937
1.9022 105936.6775967328
1.9022 106078.567510872
1.9019 106341.6069497101
1.901473764201487 106355.5155341681
1.901008443436166 106370.5112528754
1.900502608569841 106386.6299790811
1.899954830468316 106403.9075860341
1.899363679997394 106422.3799469834
1.89872772802288 106442.082935178
1.898045545410577 106463.0524238669
1.897315703026289 106485.3242862991
1.896536771735819 106508.9343957235
1.895707322404973 106533.9186253892
1.894825925899552 106560.3128485451
1.893891153085361 106588.1529384403
1.892901574828205 106617.4747683237
1.891855761993886 106648.3142114443
1.890752285448208 106680.707141051
1.889589716056975 106714.689430393
1.888366624685991 106750.2969527191
1.887081582201061 106787.5655812785
1.885733159467986 106826.5311893199
1.884319927352572 106867.2296500925
1.882840456720623 106909.6968368453
1.881293318437941 106953.9686228271
1.87967708337033 107000.0808812871
1.877990322383595 107048.0694854742
1.876231606343539 107097.9703086373
1.874399506115967 107149.8192240255
1.872492592566681 107203.6521048878
1.870509436561485 107259.5048244732
1.868448608966184 107317.4132560306
1.866308680646582 107377.413272809
1.864088222468481 107439.5407480574
1.861785805297686 107503.8315550249
1.8594 107570.3215669603
1.856310890119993 107654.7675119995
1.852026077680947 107769.1352157769
1.846735411266738 107907.7741977897
1.840628739461238 108065.0339775348
1.833895910848323 108235.2640745093
1.826726774011868 108412.8140082103
1.819311177535746 108592.0332981349
1.811838970003832 108767.2714637802
1.8045 108932.8780246432
1.796983102179752 109096.9332082326
1.788917853248729 109268.507597498
1.780405214866018 109443.436245098
1.771546148690704 109617.5542036909
1.762441616381872 109786.6965259352
1.753192579598609 109946.6982644893
1.7439 110093.3944720116
1.734381113316402 110235.0187405512
1.72449617649311 110375.6232024305
1.714410683011617 110504.7707207179
1.704290126353417 110612.024158482
1.6943 110686.9463787913
1.684454536143907 110742.2720006414
1.674643304480354 110792.4163112353
1.664844804744847 110829.4631759522
1.655037536672894 110845.4964601709
1.6452 110832.6000292707
1.635255526638766 110785.5827060833
1.62521838519013 110709.5185405849
1.615203480422112 110611.8892388713
1.605325717102729 110500.1765070384
1.5957 110381.862051182
1.585985082163669 110216.1882056563
1.576096917377082 109979.2038529929
1.566536211508661 109703.6005215536
1.557803670426827 109422.0697397
1.5504 109167.3030357939
1.54442447289398 108935.8811000902
1.5395 108717.9104872881
1.535374266078023 108534.9608667672
1.531751600927163 108376.3467651563
1.528353135312721 108216.6657933586
1.5249 108030.515562277
1.521196349991472 107804.6936016498
1.517430359884018 107557.6520656814
1.513899189834556 107311.4705019738
1.5109 107088.2284581289
1.508439481056489 106907.221318071
1.506263418779224 106762.4181142715
1.504277615973714 106637.9088671535
1.502387875445469 106517.7835971401
1.5005 106386.1323246543
1.498551553226227 106240.3382984458
1.496600670041376 106091.4473604159
1.494734010243411 105944.0434207156
1.493038233630298 105802.7103894956
1.4916 105672.0321769068
1.49041576012183 105553.8362610947
1.489383971012971 105444.6069662135
1.488444301843197 105340.9134714273
1.487536421782282 105239.3249559
1.4866 105136.4105987957
1.485657573693783 105041.7527105101
1.4847 104956.9771757917
1.483690195420343 104889.3791200742
1.482636678192802 104843.5005764475
1.4815 104799.8464470897
1.4802 104762.6253345227
1.4791 104736.8439590767
1.4782 104715.008521967
1.4774 104697.4495044882
1.4767 104684.7261826773
1.4762 104676.8385565343
1.4757 104664.6149991637
1.4754 104638.6042456512
1.4751 104617.4291878066
1.4748 104572.6089226974
1.4746 104522.7154988571
1.4745 104466.6557858497
1.4744 104395.0293620372
1.4743 104316.3468917261
1.4743 104227.2166282895
1.4742 104119.0313051963
1.4742 104001.5624998906
1.4742 103865.3360683123
1.4743 103719.6583717105
1.4743 103555.5281082739
1.4744 103383.0702163247
1.4745 103180.2192141503
1.4746 102945.9582362288
1.4748 102671.0648123885
1.475 102363.7699689173
1.4754 102014.5207543488
1.4757 101632.3616873885
1.4762 101207.6889732939
1.4767 100759.1509255129
1.4774 100268.2009171499
1.4782 99762.91310492864
1.4791 99234.77682454282
2.0347 101668.9212276985
2.0347 101668.9212276985
2.0347 101984.2037723015
2.0347 102291.8393045786
2.0347 102558.5188615076
2.034635632747493 102781.7833315111
2.03444496925611 102986.1381594858
2.034131666925053 103173.5372540981
2.033699383153529 103345.9345240146
2.033151775340742 103505.2838779019
2.032492500885897 103653.5392244266
2.031725217188197 103792.6544722551
2.030853581646848 103924.5835300542
2.029881251661056 104051.2803064903
2.028811884630023 104174.6987102299
2.027649137952956 104296.7926499397
2.026396669029058 104419.5160342863
2.025058135257534 104544.8227719361
2.023637194037589 104674.6667715558
2.022137502768426 104811.001941812
2.020562718849253 104955.7821913711
2.018916499679273 105110.9614288997
2.017202502657689 105278.4935630644
2.015424385183709 105460.3325025318
2.013585804656535 105658.4321559685
2.011690418475372 105874.7464320409
2.009741884039426 106111.2292394157
2.0077438587479 106369.8344867594
2.0057 106652.5160827386
2.003103877714197 107030.8620332313
1.999598236677489 107550.7612051436
1.995410496591872 108175.6187986843
1.990768077159341 108868.8400140625
1.985898398081893 109593.830051487
1.981028879061524 110313.9941111666
1.976386939800227 110992.7373933102
1.9722 111593.4650981267
1.968160196731171 112161.9841777905
1.963901278945489 112755.8248297324
1.959563084167073 113355.9771220453
1.955285449920046 113943.4311228224
1.95120821372853 114499.176900157
1.947471213116645 115004.204522142
1.944214285608514 115439.5040568706
1.941577268728259 115786.065572436
1.9397 116024.8791369313
1.938276718263103 116199.6717805654
1.936907728237056 116366.9718162232
1.935591966266167 116526.9712360118
1.934328368694742 116679.8620320385
1.933115871867089 116825.8361964103
1.931953412127515 116965.0857212344
1.930839925820327 117097.802598618
1.929774349289832 117224.1788206683
1.928755618880337 117344.4063794923
1.92778267093615 117458.6772671972
1.926854441801578 117567.1834758903
1.925969867820927 117670.1169976786
1.925127885338506 117767.6698246693
1.92432743069862 117860.0339489695
1.923567440245578 117947.4013626865
1.922846850323686 118029.9640579273
1.922164597277252 118107.9140267992
1.921519617450582 118181.4432614092
1.920910847187985 118250.7437538645
1.920337222833766 118316.0074962724
1.919797680732234 118377.4264807398
1.919291157227694 118435.1926993741
1.918816588664456 118489.4981442823
1.918372911386825 118540.5348075716
1.917959061739109 118588.4946813492
1.917573976065614 118633.5697577222
1.91721659071065 118675.9520287977
1.91688584201852 118715.833486683
1.916580666333535 118753.4061234852
1.9163 118788.8619313113
1.9161 118823.8619424621
1.915864195949796 118837.8951812962
1.915617820906621 118854.1241125206
1.915360538639739 118871.3429867136
1.915092012918413 118888.3460544536
1.914811907511907 118903.9275663187
1.914519886189487 118916.8817728872
1.914215612720413 118926.0029247374
1.913898750873951 118930.0852724476
1.913568964419365 118927.923066596
1.913225917125917 118918.310557761
1.912869272762873 118900.0419965206
1.912498695099495 118871.9116334533
1.912113847905048 118832.7137191373
1.911714394948795 118781.2425041509
1.9113 118716.2922390723
1.910821607866402 118594.9412602127
1.910249939023384 118388.5249920732
1.909614320741679 118117.2233175167
1.908944080292019 117801.2161194058
1.908268544945134 117460.6832806035
1.907617041971759 117115.8046839725
1.907018898642623 116786.7602123757
1.906503442228459 116493.7297486759
1.9061 116256.893175736
1.90577300818716 116061.2700143397
1.905466362996439 115877.2855513105
1.905178581663439 115703.2283185703
1.904908181423763 115537.3868480411
1.904653679513015 115378.0496716449
1.904413593166798 115223.5053213036
1.904186439620715 115072.0423289392
1.903970736110369 114921.9492264737
1.903764999871365 114771.514545829
1.903567748139305 114619.0268189272
1.903377498149792 114462.7745776902
1.903192767138431 114301.04635404
1.903012072340823 114132.1306798986
1.902833930992573 113954.3160871879
1.902656860329283 113765.8911078299
1.902479377586558 113565.1442737466
1.9023 113350.3641168599
1.902117113763451 113121.7082970703
1.901930454753602 112880.7893848168
1.90174056473033 112628.0782778302
1.90154798545351 112364.0458738408
1.90135325868302 112089.1630705794
1.901156926178737 111803.9007657763
1.900959529700537 111508.7298571621
1.900761611008296 111204.1212424674
1.900563711861892 110890.5458194226
1.900366374021201 110568.4744857583
1.900170139246101 110238.3781392051
1.899975549296466 109900.7276774935
1.899783145932175 109555.9939983539
1.899593470913103 109204.647999517
1.899407065999129 108847.1605787133
1.899224472950128 108484.0026336732
1.899046233525976 108115.6450621274
1.898872889486551 107742.5587618063
1.898704982591729 107365.2146304405
1.898543054601388 106984.0835657605
1.898387647275402 106599.6364654969
1.898239302373651 106212.3442273801
1.898098561656009 105822.6777491408
1.897965966882354 105431.1079285094
1.897842059812562 105038.1056632164
1.897727382206511 104644.1418509925
1.897622475824076 104249.6873895681
1.897527882425134 103855.2131766737
1.897444143769563 103461.19011004
1.897371801617238 103068.0890873974
1.897311397728037 102676.3810064764
1.897263473861836 102286.5367650076
1.897228571778511 101899.0272607216
1.897207233237941 101514.3233913487
1.8972 101132.8960546197
1.897209217885099 100745.1978625414
1.897236192296123 100342.5824310332
1.897279904366657 99926.87216369368
1.897339335230292 99499.88946412178
1.897413466020613 99063.45673591632
1.89750127787121 98619.39638267607
1.897601751915669 98169.53080799989
1.897713869287579 97715.68241548655
1.897836611120528 97259.67360873488
1.897968958548102 96803.32679134372
1.898109892703891 96348.46436691182
1.898258394721481 95896.90873903806
1.898413445734461 95450.4823113212
1.898574026876418 95011.00748736011
1.898739119280941 94580.30667075356
1.898907704081616 94160.20226510038
1.899078762412032 93752.51667399939
1.899251275405777 93359.07230104938
1.899424224196437 92981.69154984917
1.899596589917603 92622.1968239976
1.899767353702859 92282.41052709348
1.899935496685796 91964.15506273558
1.9001 91669.25283452275
1.900262143651123 91392.1464882907
1.900424256217856 91125.63387379055
1.900586891693345 90869.0702004941
1.900750604070738 90621.81067787313
1.900915947343182 90383.21051539949
1.901083475503822 90152.62492254502
1.901253742545806 89929.40910878149
1.901427302462281 89712.91828358077
1.901604709246394 89502.50765641466
1.90178651689129 89297.53243675496
1.901973279390118 89097.34783407352
1.902165550736024 88901.30905784213
1.902363884922154 88708.77131753261
1.902568835941656 88519.08982261681
1.902780957787676 88331.61978256653
1.903000804453361 88145.71640685361
1.903228929931859 87960.73490494982
1.903465888216314 87776.03048632701
1.903712233299876 87590.95836045701
1.903968519175689 87404.87373681163
1.904235299836902 87217.13182486268
1.904513129276661 87027.08783408201
1.904802561488112 86834.09697394138
1.905104150464403 86637.51445391268
1.90541845019868 86436.69548346767
1.905746014684091 86230.9952720782
1.906087397913781 86019.76902921608
1.906443153880898 85802.37196435315
1.906813836578589 85578.15928696119
1.9072 85346.48620651204
1.907711782764759 85111.61787584292
1.908403364694802 84884.14951188484
1.909191361586739 84672.93142025045
1.909992389237178 84486.81390655224
1.910723063442729 84334.64727640283
1.9113 84225.2818354148
1.911759714077242 84137.46368975833
1.912195065555691 84045.07142961414
1.912607187301437 83949.65408661051
1.91299721218057 83852.7606923758
1.91336627305918 83755.9402785383
1.913715502803356 83660.74187672639
1.914046034279189 83568.71451856833
1.914359000352768 83481.40723569252
1.914655533890183 83400.36905972724
1.914936767757524 83327.1490223008
1.915203834820881 83263.29615504155
1.915457867946343 83210.35948957782
1.9157 83169.88805753792
1.915886546549907 83129.22873584325
1.9161 83106.16120651204
1.916464068489228 83120.20999173954
1.91697173603144 83158.79314702653
1.917617314558897 83220.94921160505
1.918395116003857 83305.71672470719
1.91929945229858 83412.13422556492
1.920324635375326 83539.24025341027
1.921464977166355 83686.07334747526
1.922714789603927 83851.67204699194
1.9240683846203 84035.0748911923
1.925520074147736 84235.32041930839
1.927064170118493 84451.44717057224
1.928694984464831 84682.49368421586
1.93040682911901 84927.4984994713
1.932194016013291 85185.50015557054
1.934050857079931 85455.53719174565
1.935971664251191 85736.64814722864
1.937950749459332 86027.87156125152
1.939982424636612 86328.24597304635
1.942061001715292 86636.80992184511
1.94418079262763 86952.60194687988
1.946336109305887 87274.66058738263
1.948521263682322 87602.02438258541
1.950730567689196 87933.73187172027
1.952958333258767 88268.82159401917
1.955198872323296 88606.33208871422
1.957446496815043 88945.30189503738
1.959695518666266 89284.76955222071
1.961940249809226 89623.77359949621
1.964175002176182 89961.35257609592
1.966394087699395 90296.54502125186
1.968591818311123 90628.38947419608
1.970762505943627 90955.92447416057
1.972900462529166 91278.18856037737
1.975 91594.2202720785
1.977193702523292 91927.29770179869
1.979599758004526 92298.19565031833
1.982190883983444 92702.19771923799
1.984939797999789 93134.58751015822
1.987819217593302 93590.64862467958
1.990801860303726 94065.6646644026
1.993860443670803 94554.91923092787
1.996967685234276 95053.69592585592
2.000096302533886 95557.27835078732
2.003219013109375 96060.9501073226
2.006308534500485 96559.99479706236
2.00933758424696 97049.6960216071
2.012278879888541 97525.33738255742
2.01510513896497 97982.20248151386
2.017789079015989 98415.57492007698
2.020303417581342 98820.73829984733
2.022620872200769 99192.97622242545
2.024714160414012 99527.57228941191
2.026555999760815 99819.81010240727
2.028119107780919 100064.9732630121
2.029376202014067 100258.3453728269
2.0303 100395.2100334523
2.031041947994966 100487.1808346386
2.031760336262354 100554.2258480417
2.032438148352616 100604.1603981208
2.033058367816209 100644.7998093347
2.033603978203584 100683.9594061424
2.034057963065197 100729.4545130031
2.034403305951502 100789.1004543757
2.034622990412951 100870.7125547191
2.0347 100982.1061384924
2.0347 101278.6386830954
2.0347 101668.9212276985
*END
