*KEYWORD
*DEFINE_CURVE_TITLE
SYNTHETIC screenshot reconstruction absolute pressure
$ LCID SIDR SFA SFO OFFA OFFO DATTYP
26 0 1.0 1.0 0.0 0.0 0
$ Not a CFD solver result; screenshot anchors plus interpolated rows.
$ X in metres; ordinate in metres or absolute pressure in Pa.
$ ABSCISSA ORDINATE
1.4791 101443.2053649086
1.479851735675113 101245.3957095379
1.480724157317516 101051.9220338757
1.481711671244822 100863.207536205
1.482808683774642 100679.6754148092
1.48400960122459 100501.7488679712
1.485308829912277 100329.8510939744
1.486700776155315 100164.4052911018
1.488179846271316 100005.8346576367
1.489740446577894 99854.56239186207
1.491376983392658 99711.01169206121
1.493083863033223 99575.60575651728
1.4948554918172 99448.76778351338
1.496686276062202 99330.9209713327
1.498570622085839 99222.48851825841
1.500502936205726 99123.89362257367
1.502477624739473 99035.55948256164
1.504489094004693 98957.90929650547
1.506531750318998 98891.36626268835
1.5086 98836.3535793934
1.51071234126088 98788.15030784518
1.512911411375217 98741.68542384139
1.515227825251226 98696.85699752498
1.517692197797119 98653.56309903885
1.52033514392111 98611.70179852594
1.523187278531413 98571.17116612916
1.52627921653624 98531.86927199144
1.529641572843804 98493.69418625574
1.53330496236232 98456.54397906495
1.5373 98420.316720562
1.542224457603239 98385.16579167043
1.548474587033738 98351.78061704554
1.555778723222672 98320.86333242798
1.563865201101215 98293.11607355838
1.57246235560054 98269.24097617733
1.581298521651822 98249.94017602546
1.590102034186235 98235.91580884341
1.598601228134953 98227.87001037179
1.60652443842915 98226.5049163512
1.6136 98232.5226625223
1.619711731351954 98242.01339066499
1.625241775432379 98251.54315147459
1.630665953836827 98262.52794406476
1.63646008816085 98276.38376754917
1.6431 98294.52662104148
1.651076798471014 98322.48712068942
1.660411382713937 98363.61471899506
1.670874259359286 98416.05366960389
1.682235935037575 98477.94822616121
1.694266916379319 98547.44264231245
1.706737710015032 98622.68117170299
1.719418822575228 98701.8080679782
1.732080760690424 98782.96758478347
1.744494030991133 98864.3039757642
1.756429140107871 98943.96149456577
1.767656594671152 99020.08439483354
1.77794690131149 99090.81693021292
1.787070566659402 99154.30335434931
1.7947980973454 99208.68792088807
1.8009 99252.11488347457
1.8060604877428 99289.27746035054
1.811114687291474 99326.07374709909
1.816059475673645 99362.45531337777
1.820891729916942 99398.37372884419
1.825608327048989 99433.78056315587
1.830206144097412 99468.62738597042
1.834682058089838 99502.86576694538
1.839032946053892 99536.44727573832
1.843255685017201 99569.32348200682
1.847347152007389 99601.4459554084
1.851304224052085 99632.76626560069
1.855123778178912 99663.2359822412
1.858802691415497 99692.80667498753
1.862337840789467 99721.42991349724
1.865726103328447 99749.0572674279
1.868964356060062 99775.64030643704
1.87204947601194 99801.13060018228
1.874978340211706 99825.47971832115
1.877747825686985 99848.63923051124
1.880354809465405 99870.56070641008
1.88279616857459 99891.19571567525
1.885068780042167 99910.49582796435
1.887169520895762 99928.4126129349
1.889095268163 99944.8976402445
1.890842898871508 99959.9024795507
1.892409290048911 99973.37870051105
1.893791318722836 99985.27787278315
1.894985861920909 99995.55156602454
1.895989796670755 100004.1513498928
1.8968 100011.0287940455
1.897504777027824 100016.5461183955
1.898189300872436 100021.2135258463
1.898845750560009 100025.2045605418
1.899466305116718 100028.6927666256
1.900043143568734 100031.8516882415
1.90056844494223 100034.854869533
1.901034388263381 100037.8758546439
1.901433152558359 100041.088187718
1.901756916853336 100044.6654128988
1.901997860174487 100048.7810743303
1.902148161547984 100053.6087161559
1.9022 100059.3218825195
1.9022 100071.498705183
1.9022 100091.5892774037
1.9022 100113.5750855685
1.9022 100131.4376160643
1.9022 100139.1583552777
1.902063682752588 100139.4218882987
1.901674558973611 100138.9807784651
1.90106237060796 100137.918479536
1.900256859600525 100136.3184452706
1.899287767896195 100134.2641294279
1.89818483743986 100131.8389857671
1.896977810176411 100129.126468047
1.895696428050736 100126.210030027
1.894370433007727 100123.173125466
1.893029566992273 100120.0992081231
1.891703571949264 100117.0717317574
1.890422189823589 100114.1741501279
1.88921516256014 100111.4899169939
1.888112232103805 100109.1024861143
1.887143140399475 100107.0953112482
1.88633762939204 100105.5518461548
1.885725441026389 100104.555544593
1.885336317247412 100104.1898603219
1.8852 100104.5382471008
1.8852 100113.4723746483
1.8852 100137.976432201
1.8852 100176.8026527951
1.8852 100228.7032694663
1.8852 100292.4305152506
1.8852 100366.7366231841
1.8852 100450.3738263026
1.8852 100542.0943576422
1.8852 100640.6504502387
1.8852 100744.7943371281
1.8852 100853.2782513463
1.8852 100964.8544259294
1.8852 101078.2750939133
1.8852 101192.2924883338
1.8852 101305.658842227
1.8852 101417.1263886288
1.8852 101525.4473605752
1.8852 101629.3739911021
1.8852 101727.6585132455
1.8852 101819.0531600412
1.8852 101902.3101645254
1.8852 101976.1817597338
1.8852 102039.4201787026
1.8852 102090.7776544675
1.8852 102129.0064200646
1.8852 102152.8587085299
1.8852 102161.0867528992
1.885336317247412 102160.480594349
1.885725441026389 102158.7165570313
1.88633762939204 102155.8762984455
1.887143140399475 102152.0414760907
1.888112232103805 102147.2937474664
1.88921516256014 102141.7147700718
1.890422189823589 102135.3862014063
1.891703571949264 102128.3896989692
1.893029566992273 102120.8069202597
1.894370433007727 102112.7195227772
1.895696428050736 102104.209164021
1.89697781017641 102095.3575014904
1.89818483743986 102086.2461926848
1.899287767896195 102076.9568951033
1.900256859600525 102067.5712662454
1.90106237060796 102058.1709636103
1.901674558973611 102048.8376446974
1.902063682752588 102039.6529670059
1.9022 102030.6985880352
1.9022 102027.2015708631
1.9022 102051.8295536909
1.9022 102029.5825365187
1.9022 101801.0855193466
1.9022 101881.9635021744
1.9019 102137.071389942
1.901473764201487 102139.7706709041
1.901008443436166 102142.5233416511
1.900502608569841 102145.3378290243
1.899954830468316 102148.2225598648
1.899363679997394 102151.1859610137
1.89872772802288 102154.2364593121
1.898045545410577 102157.3824816012
1.897315703026289 102160.632454722
1.896536771735819 102163.9948055158
1.895707322404973 102167.4779608237
1.894825925899552 102171.0903474868
1.893891153085361 102174.8403923462
1.892901574828205 102178.7365222431
1.891855761993886 102182.7871640185
1.890752285448208 102187.0007445137
1.889589716056975 102191.3856905698
1.888366624685991 102195.9504290278
1.887081582201061 102200.703386729
1.885733159467986 102205.6529905145
1.884319927352572 102210.8076672253
1.882840456720623 102216.1758437026
1.881293318437941 102221.7659467877
1.87967708337033 102227.5864033214
1.877990322383595 102233.6456401452
1.876231606343539 102239.9520841
1.874399506115967 102246.5141620269
1.872492592566681 102253.3403007672
1.870509436561485 102260.4389271619
1.868448608966184 102267.8184680523
1.866308680646582 102275.4873502793
1.864088222468481 102283.4540006842
1.861785805297686 102291.7268461081
1.8594 102300.3143133921
1.856310890119993 102311.0501283819
1.852026077680947 102325.2700320723
1.846735411266738 102342.2354740276
1.840628739461238 102361.2079038122
1.833895910848323 102381.4487709905
1.826726774011868 102402.2195251269
1.819311177535746 102422.7816157858
1.811838970003832 102442.3964925316
1.8045 102460.3256049286
1.796983102179752 102477.5761915736
1.788917853248729 102495.1935247839
1.780405214866018 102512.4961047047
1.771546148690704 102528.8024314816
1.762441616381872 102543.4310052599
1.753192579598609 102555.700326185
1.7439 102564.9288944023
1.734381113316402 102572.3098771425
1.72449617649311 102578.3430275829
1.714410683011617 102581.3067247887
1.704290126353417 102579.4793478254
1.6943 102571.1392757583
1.684454536143907 102558.6998839993
1.674643304480354 102544.7906816019
1.664844804744847 102528.0142480936
1.655037536672894 102506.9731630019
1.6452 102480.2700058542
1.635255526638766 102446.1554301056
1.62521838519013 102405.5203747836
1.615203480422112 102360.9278477743
1.605325717102729 102314.9408569632
1.5957 102270.1224102364
1.585985082163669 102217.4581872706
1.576096917377082 102151.1690756833
1.566536211508661 102078.6708952712
1.557803670426827 102007.3794658308
1.5504 101944.7106071588
1.54442447289398 101888.4791861197
1.5395 101839.8320974576
1.535374266078023 101812.6171733534
1.531751600927163 101801.5193530313
1.528353135312721 101790.2081586717
1.5249 101762.3531124554
1.521196349991472 101713.67309533
1.517430359884018 101656.5304131363
1.513899189834556 101599.5597253947
1.5109 101551.3956916258
1.508439481056489 101526.6285493285
1.506263418779224 101527.4364799971
1.504277615973714 101543.836059145
1.502387875445469 101565.8438622852
1.5005 101583.4764649309
1.498551553226227 101600.9082719341
1.496600670041376 101625.418451675
1.494734010243411 101651.6807249594
1.493038233630298 101674.368812593
1.4916 101688.1564353814
1.49041576012183 101691.9751836521
1.489383971012971 101691.0533508076
1.488444301843197 101689.5097122655
1.487536421782282 101691.4630434434
1.4866 101701.0321197591
1.485657573693783 101728.3558934149
1.4847 101777.6454351583
1.483690195420343 101858.6166968689
1.482636678192802 101976.8167638378
1.4815 102121.2192894179
1.4802 102323.7750669045
1.4791 102528.6187918153
1.4782 102726.7517043934
1.4774 102918.2399008976
1.4767 103103.1952365355
1.4762 103281.6177113069
1.4757 103444.1729998327
1.4754 103581.4708491302
1.4751 103712.2358375613
1.4748 103808.2717845395
1.4746 103888.2930997714
1.4745 103952.0811571699
1.4744 103990.2558724074
1.4743 104012.0193783452
1.4743 104024.1933256579
1.4742 104017.5562610393
1.4742 104001.5624999781
1.4742 103966.8172136625
1.4743 103922.6816743421
1.4743 103859.8556216548
1.4744 103787.8640432649
1.4745 103694.7938428301
1.4746 103580.4416472458
1.4748 103435.4629624777
1.475 103269.0039937835
1.4754 103071.6541508698
1.4757 102852.7223374777
1.4762 102602.7877946588
1.4767 102340.5801851026
1.4774 102047.39018343
1.4782 101751.3326209857
1.4791 101443.2053649086
2.0347 101781.5221364853
2.0347 101781.5221364853
2.0347 101871.6028635147
2.0347 101941.7331002066
2.0347 101995.5143175736
2.034635632747493 102050.5398070259
2.03444496925611 102101.1638322789
2.034131666925053 102147.8557938159
2.033699383153529 102191.0850921201
2.033151775340742 102231.321127675
2.032492500885897 102269.0333009639
2.031725217188197 102304.6910124699
2.030853581646848 102338.7636626766
2.029881251661056 102371.7206520671
2.028811884630023 102404.0313811247
2.027649137952956 102436.1652503329
2.026396669029058 102468.5916601748
2.025058135257534 102501.7800111339
2.023637194037589 102536.1997036933
2.022137502768426 102572.3201383365
2.020562718849253 102610.6107155468
2.018916499679273 102651.5408358074
2.017202502657689 102695.5798996016
2.015424385183709 102743.1973074129
2.013585804656535 102794.8624597244
2.011690418475372 102851.0447570195
2.009741884039426 102912.2135997815
2.0077438587479 102978.8383884938
2.0057 103051.3885236396
2.003103877714197 103147.1501896145
1.999598236677489 103277.2602564807
1.995410496591872 103432.9641532216
1.990768077159341 103605.5073088206
1.985898398081893 103786.1351522611
1.981028879061524 103966.0931125263
1.976386939800227 104136.6266185998
1.9722 104288.9810994648
1.968160196731171 104434.9995331298
1.963901278945489 104588.7999046147
1.959563084167073 104745.0401534196
1.955285449920046 104898.3782190447
1.95120821372853 105043.4720409903
1.947471213116645 105174.9795587564
1.944214285608514 105287.5587118433
1.941577268728259 105375.8674397513
1.9397 105434.5636819804
1.938276718263103 105475.5798134226
1.936907728237056 105514.4600790998
1.935591966266167 105551.2802237073
1.934328368694742 105586.1159919405
1.933115871867089 105619.0431284946
1.931953412127515 105650.1373780648
1.930839925820327 105679.4744853466
1.929774349289832 105707.1301950351
1.928755618880337 105733.1802518257
1.92778267093615 105757.7004004136
1.926854441801578 105780.7663854943
1.925969867820927 105802.4539517629
1.925127885338506 105822.8388439147
1.92432743069862 105841.9968066451
1.923567440245578 105860.0035846494
1.922846850323686 105876.9349226228
1.922164597277252 105892.8665652606
1.921519617450582 105907.8742572581
1.920910847187985 105922.0337433107
1.920337222833766 105935.4207681136
1.919797680732234 105948.1110763621
1.919291157227694 105960.1804127515
1.918816588664456 105971.7045219771
1.918372911386825 105982.7591487342
1.917959061739109 105993.4200377181
1.917573976065614 106003.7629336241
1.91721659071065 106013.8635811474
1.91688584201852 106023.7977249834
1.916580666333535 106033.6411098274
1.9163 106043.4694803747
1.9161 106060.165912132
1.915864195949796 106076.4105242698
1.915617820906621 106099.1815002242
1.915360538639739 106127.1349778016
1.915092012918413 106158.9270948085
1.914811907511907 106193.2139890513
1.914519886189487 106228.6517983366
1.914215612720413 106263.8966604707
1.913898750873951 106297.6047132602
1.913568964419365 106328.4320945114
1.913225917125917 106355.0349420309
1.912869272762873 106376.0693936251
1.912498695099495 106390.1915871004
1.912113847905048 106396.0576602633
1.911714394948795 106392.3237509203
1.9113 106377.6459968778
1.910821607866402 106334.2478042113
1.910249939023384 106251.8847493519
1.909614320741679 106140.5112256397
1.908944080292019 106010.0816264146
1.908268544945134 105870.5503450166
1.907617041971759 105731.8717747858
1.907018898642623 105604.0003090621
1.906503442228459 105496.8903411855
1.9061 105420.496264496
1.90577300818716 105364.8503126156
1.905466362996439 105312.9840390663
1.905178581663439 105264.3508170382
1.904908181423763 105218.4040197214
1.904653679513015 105174.597020306
1.904413593166798 105132.383191982
1.904186439620715 105091.2159079395
1.903970736110369 105050.5485413687
1.903764999871365 105009.8344654595
1.903567748139305 104968.5270534022
1.903377498149792 104926.0796783866
1.903192767138431 104881.9457136031
1.903012072340823 104835.5785322415
1.902833930992573 104786.4315074921
1.902656860329283 104733.9580125448
1.902479377586558 104677.6114205898
1.9023 104616.8451048171
1.902117113763451 104551.8849577281
1.901930454753602 104483.4109599374
1.90174056473033 104411.5576168054
1.90154798545351 104336.4594336925
1.90135325868302 104258.2509159591
1.901156926178737 104177.0665689654
1.900959529700537 104093.0408980719
1.900761611008296 104006.3084086388
1.900563711861892 103917.0036060266
1.900366374021201 103825.2609955956
1.900170139246101 103731.2150827062
1.899975549296466 103635.0003727186
1.899783145932175 103536.7513709934
1.899593470913103 103436.6025828908
1.899407065999129 103334.6885137711
1.899224472950128 103231.1436689947
1.899046233525976 103126.1025539221
1.898872889486551 103019.6996739135
1.898704982591729 102912.0695343293
1.898543054601388 102803.3466405298
1.898387647275402 102693.6654978754
1.898239302373651 102583.1606117265
1.898098561656009 102471.9664874434
1.897965966882354 102360.2176303865
1.897842059812562 102248.048545916
1.897727382206511 102135.5937393925
1.897622475824076 102022.9877161762
1.897527882425134 101910.3649816275
1.897444143769563 101797.8600411067
1.897371801617238 101685.6073999742
1.897311397728037 101573.7415635903
1.897263473861836 101462.3970373155
1.897228571778511 101351.70832651
1.897207233237941 101241.8099365342
1.8972 101132.8363727485
1.897209217885099 101022.017537058
1.897236192296123 100906.8448958695
1.897279904366657 100787.8453012959
1.897339335230292 100665.5456054499
1.897413466020613 100540.4726604445
1.89750127787121 100413.1533183925
1.897601751915669 100284.1144314067
1.897713869287579 100153.8828516
1.897836611120528 100022.9854310852
1.897968958548102 99891.94902197512
1.898109892703891 99761.30047638266
1.898258394721481 99631.56664642066
1.898413445734461 99503.27438420191
1.898574026876418 99376.95054183931
1.898739119280941 99253.1219714457
1.898907704081616 99132.31552513388
1.899078762412032 99015.05805501672
1.899251275405777 98901.87641320706
1.899424224196437 98793.29745181775
1.899596589917603 98689.84802296161
1.899767353702859 98592.05497875153
1.899935496685796 98500.44517130031
1.9001 98415.54545272079
1.900262143651123 98335.72642968368
1.900424256217856 98258.88784918367
1.900586891693345 98184.85027381947
1.900750604070738 98113.4342661898
1.900915947343182 98044.46038889347
1.901083475503822 97977.74920452917
1.901253742545806 97913.12127569568
1.901427302462281 97850.39716499174
1.901604709246394 97789.39743501612
1.90178651689129 97729.94264836752
1.901973279390118 97671.85336764473
1.902165550736024 97614.95015544645
1.902363884922154 97559.05357437147
1.902568835941656 97503.98418701855
1.902780957787676 97449.5625559864
1.903000804453361 97395.60924387377
1.903228929931859 97341.94481327942
1.903465888216314 97288.3898268021
1.903712233299876 97234.76484704054
1.903968519175689 97180.89043659352
1.904235299836902 97126.58715805974
1.904513129276661 97071.67557403802
1.904802561488112 97015.97624712702
1.905104150464403 96959.30973992556
1.90541845019868 96901.49661503235
1.905746014684091 96842.35743504613
1.906087397913781 96781.71276256567
1.906443153880898 96719.38316018973
1.906813836578589 96655.18919051702
1.9072 96588.9514161463
1.907711782764759 96543.67157563765
1.908403364694802 96533.24410657026
1.909191361586739 96543.82862007155
1.909992389237178 96561.5847272689
1.910723063442729 96572.6720392897
1.9113 96563.25016726137
1.911759714077242 96534.34362071854
1.912195065555691 96497.12358199994
1.912607187301437 96452.96967143897
1.91299721218057 96403.2615093692
1.91336627305918 96349.37871612403
1.913715502803356 96292.70091203702
1.914046034279189 96234.60771744161
1.914359000352768 96176.4787526713
1.914655533890183 96119.69363805956
1.914936767757524 96065.63199393988
1.915203834820881 96015.67344064573
1.915457867946343 95971.1975985106
1.9157 95933.58408786797
1.915886546549907 95892.50776891025
1.9161 95868.5014161463
1.916464068489228 95872.97304672781
1.91697173603144 95885.34600026831
1.917617314558897 95905.30975226896
1.918395116003857 95932.55377823097
1.91929945229858 95966.76755365546
1.920324635375326 96007.6405540436
1.921464977166355 96054.86225489654
1.922714789603927 96108.12213171547
1.9240683846203 96167.10966000153
1.925520074147736 96231.51431525592
1.927064170118493 96301.02557297976
1.928694984464831 96375.33290867426
1.93040682911901 96454.12579784055
1.932194016013291 96537.09371597979
1.934050857079931 96623.92613859317
1.935971664251191 96714.31254118186
1.937950749459332 96807.94239924698
1.939982424636612 96904.50518828972
1.942061001715292 97003.69038381125
1.94418079262763 97105.18746131273
1.946336109305887 97208.68589629531
1.948521263682322 97313.87516426017
1.950730567689196 97420.44474070848
1.952958333258767 97528.08410114137
1.955198872323296 97636.48272106005
1.957446496815043 97745.33007596564
1.959695518666266 97854.31564135932
1.961940249809226 97963.12889274229
1.964175002176182 98071.45930561564
1.966394087699395 98178.9963554806
1.968591818311123 98285.42951783832
1.970762505943627 98390.44826818994
1.972900462529166 98493.74208203662
1.975 98595.00043487958
1.977193702523292 98701.79895918106
1.979599758004526 98820.89002917765
1.982190883983444 98950.72823303177
1.984939797999789 99089.76815890591
1.987819217593302 99236.46439496255
1.990801860303726 99389.27152936409
1.993860443670803 99546.64415027304
1.996967685234276 99707.03684585189
2.000096302533886 99868.90420426306
2.003219013109375 100030.700813669
2.006308534500485 100190.8812622322
2.00933758424696 100347.9001381152
2.012278879888541 100500.2120294803
2.01510513896497 100646.2715244901
2.017789079015989 100784.5332113071
2.020303417581342 100913.4516780936
2.022620872200769 101031.4815130122
2.024714160414012 101137.0773042253
2.026555999760815 101228.6936398953
2.028119107780919 101304.7851081848
2.029376202014067 101363.8062972563
2.0303 101404.2117952721
2.031041947994966 101430.1498968808
2.031760336262354 101448.2920956836
2.032438148352616 101460.877778272
2.033058367816209 101470.1463312376
2.033603978203584 101478.3371411719
2.034057963065197 101487.6895946664
2.034403305951502 101500.4430783126
2.034622990412951 101518.8369787021
2.0347 101545.1106824264
2.0347 101616.4414094558
2.0347 101781.5221364853
*END
