*KEYWORD
*DEFINE_CURVE_TITLE
SYNTHETIC screenshot reconstruction absolute pressure
$ LCID SIDR SFA SFO OFFA OFFO DATTYP
26 0 1.0 1.0 0.0 0.0 0
$ Not a CFD solver result; screenshot anchors plus interpolated rows.
$ X in metres; ordinate in metres or absolute pressure in Pa.
$ ABSCISSA ORDINATE
1.4791 101995.3125
1.479851735675113 101843.7569704536
1.480724157317516 101696.0229425244
1.481711671244822 101552.5404505619
1.482808683774642 101413.7395289159
1.48400960122459 101280.0502119362
1.485308829912277 101151.9025339723
1.486700776155315 101029.726529374
1.488179846271316 100913.952232491
1.489740446577894 100805.0096776729
1.491376983392658 100703.3288992696
1.493083863033223 100609.3399316306
1.4948554918172 100523.4728091057
1.496686276062202 100446.1575660446
1.498570622085839 100377.8242367969
1.500502936205726 100318.9028557124
1.502477624739473 100269.8234571408
1.504489094004693 100231.0160754317
1.506531750318998 100202.9107449349
1.5086 100185.9375
1.51071234126088 100174.9762755298
1.512911411375217 100164.6947625655
1.515227825251226 100155.2046296651
1.517692197797119 100146.6175453862
1.52033514392111 100139.0451782867
1.523187278531413 100132.5991969242
1.52627921653624 100127.3912698565
1.529641572843804 100123.5330656414
1.53330496236232 100121.1362528366
1.5373 100120.3125
1.542224457603239 100123.7448727545
1.548474587033738 100133.3081586826
1.555778723222672 100147.9016092814
1.563865201101215 100166.4244760479
1.57246235560054 100187.7760104791
1.581298521651822 100210.8554640719
1.590102034186235 100234.5620883233
1.598601228134953 100257.7951347305
1.60652443842915 100279.4538547904
1.6136 100298.4375
1.619711731351954 100314.9498437226
1.625241775432379 100330.6145012277
1.630665953836827 100346.4604868714
1.63646008816085 100363.5168150102
1.6431 100382.8125
1.651076798471014 100405.8694702146
1.660411382713937 100433.0548368681
1.670874259359286 100463.6653885775
1.682235935037575 100496.9979139595
1.694266916379319 100532.3492016312
1.706737710015032 100569.0160402094
1.719418822575228 100606.2952183111
1.732080760690424 100643.4835245532
1.744494030991133 100679.8777475526
1.756429140107871 100714.7746759263
1.767656594671152 100747.4710982911
1.77794690131149 100777.2638032639
1.787070566659402 100803.4495794617
1.7947980973454 100825.3252155015
1.8009 100842.1875
1.8060604877428 100856.1607113463
1.811114687291474 100869.8322164498
1.816059475673645 100883.1934367083
1.820891729916942 100896.2357935198
1.825608327048989 100908.950708282
1.830206144097412 100921.3296023928
1.834682058089838 100933.36389725
1.839032946053892 100945.0450142515
1.843255685017201 100956.3643747951
1.847347152007389 100967.3134002785
1.851304224052085 100977.8835120998
1.855123778178912 100988.0661316566
1.858802691415497 100997.8526803469
1.862337840789467 101007.2345795684
1.865726103328447 101016.2032507191
1.868964356060062 101024.7501151967
1.87204947601194 101032.866594399
1.874978340211706 101040.544109724
1.877747825686985 101047.7740825694
1.880354809465405 101054.5479343332
1.88279616857459 101060.857086413
1.885068780042167 101066.6929602068
1.887169520895762 101072.0469771124
1.889095268163 101076.9105585276
1.890842898871508 101081.2751258503
1.892409290048911 101085.1321004783
1.893791318722836 101088.4729038094
1.894985861920909 101091.2889572415
1.895989796670755 101093.5716821724
1.8968 101095.3125
1.897504777027824 101096.7432329482
1.898189300872436 101098.103390658
1.898845750560009 101099.3959256521
1.899466305116718 101100.6237904538
1.900043143568734 101101.7899375859
1.90056844494223 101102.8973195714
1.901034388263381 101103.9488889334
1.901433152558359 101104.9475981947
1.901756916853336 101105.8963998784
1.901997860174487 101106.7982465076
1.902148161547984 101107.656090605
1.9022 101108.4728846939
1.9022 101109.2515812971
1.9022 101109.9951329376
1.9022 101110.7064921384
1.9022 101111.3886114225
1.9022 101112.0444433129
1.902063682752588 101112.6769403327
1.901674558973611 101113.2890550047
1.90106237060796 101113.8837398519
1.900256859600525 101114.4639473973
1.899287767896195 101115.032630164
1.89818483743986 101115.592740675
1.896977810176411 101116.1472314531
1.895696428050736 101116.6990550214
1.894370433007727 101117.2511639029
1.893029566992273 101117.8065106206
1.891703571949264 101118.3680476974
1.890422189823589 101118.9387276563
1.88921516256014 101119.5215030204
1.888112232103805 101120.1193263126
1.887143140399475 101120.735150056
1.88633762939204 101121.3719267734
1.885725441026389 101122.0326089878
1.885336317247412 101122.7201492224
1.8852 101123.4375
1.8852 101124.1926872458
1.8852 101124.9881710127
1.8852 101125.8185550153
1.8852 101126.6784429684
1.8852 101127.5624385867
1.8852 101128.4651455847
1.8852 101129.3811676774
1.8852 101130.3051085792
1.8852 101131.231572005
1.8852 101132.1551616693
1.8852 101133.0704812869
1.8852 101133.9721345725
1.8852 101134.8547252407
1.8852 101135.7128570063
1.8852 101136.5411335839
1.8852 101137.3341586883
1.8852 101138.086536034
1.8852 101138.7928693358
1.8852 101139.4477623084
1.8852 101140.0458186665
1.8852 101140.5816421247
1.8852 101141.0498363978
1.8852 101141.4450052004
1.8852 101141.7617522473
1.8852 101141.994681253
1.8852 101142.1383959324
1.8852 101142.1875
1.885336317247412 101141.9503054486
1.885725441026389 101141.2394926365
1.88633762939204 101140.0562178269
1.887143140399475 101138.401637283
1.888112232103805 101136.2769072681
1.88921516256014 101133.6831840453
1.890422189823589 101130.621623878
1.891703571949264 101127.0933830292
1.893029566992273 101123.0996177622
1.894370433007727 101118.6414843403
1.895696428050736 101113.7201390266
1.89697781017641 101108.3367380844
1.89818483743986 101102.4924377769
1.899287767896195 101096.1883943672
1.900256859600525 101089.4257641187
1.90106237060796 101082.2057032945
1.901674558973611 101074.5293681578
1.902063682752588 101066.3979149719
1.9022 101057.8125
1.9022 101039.0625
1.9022 101048.4375
1.9022 101010.9375
1.9022 100767.1875
1.9022 100832.8125
1.9019 101085.9375
1.901473764201487 101085.8344550881
1.901008443436166 101085.5263638451
1.900502608569841 101085.0147915101
1.899954830468316 101084.3013033225
1.899363679997394 101083.3874645212
1.89872772802288 101082.2748403456
1.898045545410577 101080.9649960347
1.897315703026289 101079.4594968278
1.896536771735819 101077.7599079639
1.895707322404973 101075.8677946824
1.894825925899552 101073.7847222222
1.893891153085361 101071.5122558227
1.892901574828205 101069.051960723
1.891855761993886 101066.4054021621
1.890752285448208 101063.5741453794
1.889589716056975 101060.559755614
1.888366624685991 101057.363798105
1.887081582201061 101053.9878380917
1.885733159467986 101050.4334408131
1.884319927352572 101046.7021715085
1.882840456720623 101042.795595417
1.881293318437941 101038.7152777778
1.87967708337033 101034.46278383
1.877990322383595 101030.0396788129
1.876231606343539 101025.4475279656
1.874399506115967 101020.6878965272
1.872492592566681 101015.7623497371
1.870509436561485 101010.6724528341
1.868448608966184 101005.4197710577
1.866308680646582 101000.0058696469
1.864088222468481 100994.4323138409
1.861785805297686 100988.7006688789
1.8594 100982.8125
1.856310890119993 100975.1207824775
1.852026077680947 100964.3037361462
1.846735411266738 100950.8507930871
1.840628739461238 100935.2513853816
1.833895910848323 100917.9949451108
1.826726774011868 100899.5709043561
1.819311177535746 100880.4686951985
1.811838970003832 100861.1777497194
1.8045 100842.1875
1.796983102179752 100822.7369374089
1.788917853248729 100801.8650066053
1.780405214866018 100779.7610696064
1.771546148690704 100756.6144884293
1.762441616381872 100732.6146250911
1.753192579598609 100707.950841609
1.7439 100682.8125
1.734381113316402 100656.6326612903
1.72449617649311 100629.022983871
1.714410683011617 100600.4407258064
1.704290126353417 100571.3431451613
1.6943 100542.1875
1.684454536143907 100512.8068548387
1.674643304480354 100482.8842741936
1.664844804744847 100452.652016129
1.655037536672894 100422.3423387097
1.6452 100392.1875
1.635255526638766 100361.2986111111
1.62521838519013 100329.5208333333
1.615203480422112 100298.1875
1.605325717102729 100268.6319444444
1.5957 100242.1875
1.585985082163669 100217.7756826742
1.576096917377082 100194.1603813559
1.566536211508661 100172.4384887006
1.557803670426827 100153.7068973635
1.5504 100139.0625
1.54442447289398 100126.6287076271
1.5395 100120.3125
1.535374266078023 100132.03125
1.531751600927163 100157.8125
1.528353135312721 100183.59375
1.5249 100195.3125
1.521196349991472 100190.91796875
1.517430359884018 100181.25
1.513899189834556 100171.58203125
1.5109 100167.1875
1.508439481056489 100181.4803571429
1.506263418779224 100218.6910714286
1.504277615973714 100270.3178571429
1.502387875445469 100327.8589285714
1.5005 100382.8125
1.498551553226227 100441.0507653061
1.496600670041376 100508.9112244898
1.494734010243411 100578.5900510204
1.493038233630298 100642.2834183673
1.4916 100692.1875
1.49041576012183 100726.5099142915
1.489383971012971 100752.6649469561
1.488444301843197 100776.658772475
1.487536421782282 100804.4975653292
1.4866 100842.1875
1.485657573693783 100900.0066891411
1.4847 100982.8125
1.483690195420343 101100.9260910676
1.482636678192802 101260.1458106853
1.4815 101451.5625
1.4802 101714.0625
1.4791 101976.5625
1.4782 102229.6875
1.4774 102473.4375
1.4767 102707.8125
1.4762 102932.8125
1.4757 103139.0625
1.4754 103317.1875
1.4751 103485.9375
1.4748 103617.1875
1.4746 103729.6875
1.4745 103823.4375
1.4744 103889.0625
1.4743 103935.9375
1.4743 103973.4375
1.4742 103992.1875
1.4742 104001.5625
1.4742 103992.1875
1.4743 103973.4375
1.4743 103935.9375
1.4744 103889.0625
1.4745 103823.4375
1.4746 103739.0625
1.4748 103626.5625
1.475 103495.3125
1.4754 103335.9375
1.4757 103157.8125
1.4762 102951.5625
1.4767 102735.9375
1.4774 102492.1875
1.4782 102248.4375
1.4791 101995.3125
2.0347 101809.672363682
2.0347 101809.672363682
2.0347 101843.452636318
2.0347 101854.2065491136
2.0347 101854.7631815901
2.034635632747493 101867.7289259046
2.03444496925611 101879.9202504772
2.034131666925053 101891.4354287453
2.033699383153529 101902.3727341465
2.033151775340742 101912.8304401183
2.032492500885897 101922.9068200982
2.031725217188197 101932.7001475237
2.030853581646848 101942.3086958322
2.029881251661056 101951.8307384613
2.028811884630023 101961.3645488484
2.027649137952956 101971.0084004312
2.026396669029058 101980.8605666469
2.025058135257534 101991.0193209333
2.023637194037589 102001.5829367277
2.022137502768426 102012.6496874677
2.020562718849253 102024.3178465907
2.018916499679273 102036.6856875343
2.017202502657689 102049.8514837359
2.015424385183709 102063.9135086331
2.013585804656535 102078.9700356634
2.011690418475372 102095.1193382642
2.009741884039426 102112.459689873
2.0077438587479 102131.0893639274
2.0057 102151.1066338649
2.003103877714197 102176.2222287103
1.999598236677489 102208.885019315
1.995410496591872 102247.3004918559
1.990768077159341 102289.6741325101
1.985898398081893 102334.2114274546
1.981028879061524 102379.1178628663
1.976386939800227 102422.5989249222
1.9722 102462.8600997993
1.968160196731171 102503.2533719647
1.963901278945489 102547.0436733353
1.959563084167073 102592.3059112632
1.955285449920046 102637.1149931003
1.95120821372853 102679.5458261986
1.947471213116645 102717.67331791
1.944214285608514 102749.5723755865
1.941577268728259 102773.3179065801
1.9397 102786.9848182426
1.938276718263103 102794.5568216369
1.936907728237056 102801.332144819
1.935591966266167 102807.3574706312
1.934328368694742 102812.679481916
1.933115871867089 102817.3448615156
1.931953412127515 102821.4002922724
1.930839925820327 102824.8924570287
1.929774349289832 102827.8680386268
1.928755618880337 102830.373719909
1.92778267093615 102832.4561837177
1.926854441801578 102834.1621128953
1.925969867820927 102835.5381902839
1.925127885338506 102836.6310987261
1.92432743069862 102837.487521064
1.923567440245578 102838.1541401401
1.922846850323686 102838.6776387966
1.922164597277252 102839.1046998759
1.921519617450582 102839.4820062204
1.920910847187985 102839.8562406723
1.920337222833766 102840.2740860739
1.919797680732234 102840.7822252677
1.919291157227694 102841.4273410959
1.918816588664456 102842.2561164008
1.918372911386825 102843.3152340248
1.917959061739109 102844.6513768103
1.917573976065614 102846.3112275995
1.91721659071065 102848.3414692348
1.91688584201852 102850.7887845585
1.916580666333535 102853.699856413
1.9163 102857.1213676405
1.9161 102869.2419045495
1.915864195949796 102886.0393600132
1.915617820906621 102910.4458471501
1.915360538639739 102941.0829755735
1.915092012918413 102976.5723548972
1.914811907511907 103015.5355947345
1.914519886189487 103056.5943046989
1.914215612720413 103098.370094404
1.913898750873951 103139.4845734633
1.913568964419365 103178.5593514903
1.913225917125917 103214.2160380984
1.912869272762873 103245.0762429012
1.912498695099495 103269.7615755121
1.912113847905048 103286.8936455448
1.911714394948795 103295.0940626126
1.9113 103292.9844363292
1.910821607866402 103269.0744402109
1.910249939023384 103217.7246886716
1.909614320741679 103146.3332026704
1.908944080292019 103062.2980031668
1.908268544945134 102973.0171111199
1.907617041971759 102885.8885474891
1.907018898642623 102808.3103332337
1.906503442228459 102747.6804893129
1.9061 102711.397036686
1.90577300818716 102690.7453871846
1.905466362996439 102671.9086610052
1.905178581663439 102654.6314416552
1.904908181423763 102638.6583126415
1.904653679513015 102623.7338574713
1.904413593166798 102609.6026596516
1.904186439620715 102596.0093026896
1.903970736110369 102582.6983700924
1.903764999871365 102569.4144453672
1.903567748139305 102555.9021120209
1.903377498149792 102541.9059535608
1.903192767138431 102527.1705534938
1.903012072340823 102511.4404953272
1.902833930992573 102494.4603625681
1.902656860329283 102475.9747387235
1.902479377586558 102455.7282073006
1.9023 102433.4653518064
1.902117113763451 102409.4291228925
1.901930454753602 102384.0663537175
1.90174056473033 102357.4274515492
1.90154798545351 102329.5628236555
1.90135325868302 102300.522877304
1.901156926178737 102270.3580197627
1.900959529700537 102239.1186582993
1.900761611008296 102206.8552001817
1.900563711861892 102173.6180526776
1.900366374021201 102139.4576230549
1.900170139246101 102104.4243185814
1.899975549296466 102068.5685465249
1.899783145932175 102031.9407141532
1.899593470913103 101994.5912287342
1.899407065999129 101956.5704975355
1.899224472950128 101917.9289278251
1.899046233525976 101878.7169268708
1.898872889486551 101838.9849019403
1.898704982591729 101798.7832603014
1.898543054601388 101758.1624092221
1.898387647275402 101717.17275597
1.898239302373651 101675.8647078131
1.898098561656009 101634.2886720191
1.897965966882354 101592.4950558557
1.897842059812562 101550.5342665909
1.897727382206511 101508.4567114925
1.897622475824076 101466.3127978282
1.897527882425134 101424.1529328659
1.897444143769563 101382.0275238733
1.897371801617238 101339.9869781184
1.897311397728037 101298.0817028688
1.897263473861836 101256.3621053924
1.897228571778511 101214.8785929571
1.897207233237941 101173.6815728306
1.8972 101132.8214522807
1.897209217885099 101091.2224556871
1.897236192296123 101047.9105120786
1.897279904366657 101003.0885856964
1.897339335230292 100956.9596407819
1.897413466020613 100909.7266415765
1.89750127787121 100861.5925523216
1.897601751915669 100812.7603372584
1.897713869287579 100763.4329606283
1.897836611120528 100713.8133866727
1.897968958548102 100664.104579633
1.898109892703891 100614.5095037504
1.898258394721481 100565.2311232663
1.898413445734461 100516.4724024221
1.898574026876418 100468.4363054591
1.898739119280941 100421.3257966187
1.898907704081616 100375.3438401422
1.899078762412032 100330.6934002711
1.899251275405777 100287.5774412465
1.899424224196437 100246.1989273099
1.899596589917603 100206.7608227026
1.899767353702859 100169.4660916661
1.899935496685796 100134.5176984415
1.9001 100102.1186072703
1.900262143651123 100071.6214150319
1.900424256217856 100042.2013430319
1.900586891693345 100013.7952921508
1.900750604070738 99986.34016326896
1.900915947343182 99959.77285726694
1.901083475503822 99934.03027502522
1.901253742545806 99909.04931742423
1.901427302462281 99884.76688534449
1.901604709246394 99861.11987966648
1.90178651689129 99838.04520127065
1.901973279390118 99815.47975103752
1.902165550736024 99793.36042984754
1.902363884922154 99771.62413858119
1.902568835941656 99750.20777811897
1.902780957787676 99729.04824934136
1.903000804453361 99708.08245312882
1.903228929931859 99687.24729036182
1.903465888216314 99666.47966192086
1.903712233299876 99645.71646868643
1.903968519175689 99624.89461153898
1.904235299836902 99603.95099135902
1.904513129276661 99582.82250902701
1.904802561488112 99561.44606542343
1.905104150464403 99539.75856142878
1.90541845019868 99517.69689792351
1.905746014684091 99495.19797578812
1.906087397913781 99472.19869590308
1.906443153880898 99448.63595914887
1.906813836578589 99424.44666640597
1.9072 99399.56771855486
1.907711782764759 99401.68500058634
1.908403364694802 99445.51775524161
1.909191361586739 99511.55292002684
1.909992389237178 99580.27743244806
1.910723063442729 99632.17823001141
1.9113 99647.74225022302
1.911759714077242 99633.56360345859
1.912195065555691 99610.13662009638
1.912607187301437 99578.7985676461
1.91299721218057 99540.88671361755
1.91336627305918 99497.73832552048
1.913715502803356 99450.69067086469
1.914046034279189 99401.08101715993
1.914359000352768 99350.246631916
1.914655533890183 99299.52478264265
1.914936767757524 99250.25273684965
1.915203834820881 99203.76776204677
1.915457867946343 99161.4071257438
1.9157 99124.5080954505
1.915886546549907 99083.327527177
1.9161 99059.08646855486
1.916464068489228 99061.16381047489
1.91697173603144 99066.98421357876
1.917617314558897 99076.39988743493
1.918395116003857 99089.26304161191
1.91929945229858 99105.42588567809
1.920324635375326 99124.74062920193
1.921464977166355 99147.05948175186
1.922714789603927 99172.23465289635
1.9240683846203 99200.11835220383
1.925520074147736 99230.5627892428
1.927064170118493 99263.42017358165
1.928694984464831 99298.54271478885
1.93040682911901 99335.78262243286
1.932194016013291 99374.99210608211
1.934050857079931 99416.02337530504
1.935971664251191 99458.72863967015
1.937950749459332 99502.96010874584
1.939982424636612 99548.56999210057
1.942061001715292 99595.41049930277
1.94418079262763 99643.33383992095
1.946336109305887 99692.19222352348
1.948521263682322 99741.83785967885
1.950730567689196 99792.12295795554
1.952958333258767 99842.89972792192
1.955198872323296 99894.0203791465
1.957446496815043 99945.33712119771
1.959695518666266 99996.70216364399
1.961940249809226 100047.9677160538
1.964175002176182 100098.9859879956
1.966394087699395 100149.6091890378
1.968591818311123 100199.6895287489
1.970762505943627 100249.0792166973
1.972900462529166 100297.6304624514
1.975 100345.1954755798
1.977193702523292 100395.4242735267
1.979599758004526 100451.5636238925
1.982190883983444 100512.8608614802
1.984939797999789 100578.5633210928
1.987819217593302 100647.9183375333
1.990801860303726 100720.1732456045
1.993860443670803 100794.5753801093
1.996967685234276 100870.3720758509
2.000096302533886 100946.810667632
2.003219013109375 101023.1384902556
2.006308534500485 101098.6028785247
2.00933758424696 101172.4511672422
2.012278879888541 101243.9306912111
2.01510513896497 101312.2887852342
2.017789079015989 101376.7727841146
2.020303417581342 101436.6300226552
2.022620872200769 101491.1078356589
2.024714160414012 101539.4535579286
2.026555999760815 101580.9145242673
2.028119107780919 101614.738069478
2.029376202014067 101640.1715283636
2.0303 101656.462235727
2.031041947994966 101665.8921624413
2.031760336262354 101671.8086575941
2.032438148352616 101675.0571233098
2.033058367816209 101676.4829617134
2.033603978203584 101676.9315749293
2.034057963065197 101677.2483650822
2.034403305951502 101678.2787342969
2.034622990412951 101680.8680846979
2.0347 101685.8618184099
2.0347 101700.8920910459
2.0347 101809.672363682
*END
