*KEYWORD
*DEFINE_CURVE_TITLE
SYNTHETIC screenshot reconstruction absolute pressure
$ LCID SIDR SFA SFO OFFA OFFO DATTYP
26 0 1.0 1.0 0.0 0.0 0
$ Not a CFD solver result; screenshot anchors plus interpolated rows.
$ X in metres; ordinate in metres or absolute pressure in Pa.
$ ABSCISSA ORDINATE
1.4791 101419.5642919269
1.479851735675113 101261.3165676303
1.480724157317516 101106.5376271005
1.481711671244822 100955.566028964
1.482808683774642 100808.7403318473
1.48400960122459 100666.399094377
1.485308829912277 100528.8808751795
1.486700776155315 100396.5242328814
1.488179846271316 100269.6677261093
1.489740446577894 100148.6499134897
1.491376983392658 100033.809353649
1.493083863033223 99925.48460521382
1.4948554918172 99824.0142268107
1.496686276062202 99729.73677706617
1.498570622085839 99642.99081460672
1.500502936205726 99564.11489805894
1.502477624739473 99493.44758604931
1.504489094004693 99431.32743720438
1.506531750318998 99378.09301015067
1.5086 99334.08286351472
1.51071234126088 99295.52024627614
1.512911411375217 99258.34833907311
1.515227825251226 99222.48559801999
1.517692197797119 99187.85047923109
1.52033514392111 99154.36143882075
1.523187278531413 99121.93693290332
1.52627921653624 99090.49541759315
1.529641572843804 99059.95534900459
1.53330496236232 99030.23518325196
1.5373 99001.2533764496
1.542224457603239 98973.13263333635
1.548474587033738 98946.42449363643
1.555778723222672 98921.69066594238
1.563865201101215 98899.49285884672
1.57246235560054 98880.39278094187
1.581298521651822 98864.95214082036
1.590102034186235 98853.73264707472
1.598601228134953 98847.29600829743
1.60652443842915 98846.20393308096
1.6136 98851.01813001784
1.619711731351954 98858.610712532
1.625241775432379 98866.23452117968
1.630665953836827 98875.0223552518
1.63646008816085 98886.10701403933
1.6431 98900.62129683318
1.651076798471014 98922.98969655154
1.660411382713937 98955.89177519605
1.670874259359286 98997.8429356831
1.682235935037575 99047.35858092897
1.694266916379319 99102.95411384996
1.706737710015032 99163.14493736239
1.719418822575228 99226.44645438256
1.732080760690424 99291.37406782678
1.744494030991133 99356.44318061136
1.756429140107871 99420.16919565262
1.767656594671152 99481.06751586683
1.77794690131149 99537.65354417035
1.787070566659402 99588.44268347946
1.7947980973454 99631.95033671045
1.8009 99666.69190677966
1.8060604877428 99696.42196828043
1.811114687291474 99725.85899767927
1.816059475673645 99754.96425070221
1.820891729916942 99783.69898307534
1.825608327048989 99812.0244505247
1.830206144097412 99839.90190877634
1.834682058089838 99867.2926135563
1.839032946053892 99894.15782059066
1.843255685017201 99920.45878560546
1.847347152007389 99946.15676432673
1.851304224052085 99971.21301248056
1.855123778178912 99995.58878579296
1.858802691415497 100019.24533999
1.862337840789467 100042.1439307978
1.865726103328447 100064.2458139423
1.868964356060062 100085.5122451496
1.87204947601194 100105.9044801458
1.874978340211706 100125.3837746569
1.877747825686985 100143.911384409
1.880354809465405 100161.4485651281
1.88279616857459 100177.9565725402
1.885068780042167 100193.3966623715
1.887169520895762 100207.7300903479
1.889095268163 100220.9181121956
1.890842898871508 100232.9219836406
1.892409290048911 100243.7029604088
1.893791318722836 100253.2222982265
1.894985861920909 100261.4412528196
1.895989796670755 100268.3210799143
1.8968 100273.8230352364
1.897504777027824 100278.2368947164
1.898189300872436 100281.9708206771
1.898845750560009 100285.1636484335
1.899466305116718 100287.9542133005
1.900043143568734 100290.4813505932
1.90056844494223 100292.8838956264
1.901034388263381 100295.3006837151
1.901433152558359 100297.8705501744
1.901756916853336 100300.7323303191
1.901997860174487 100304.0248594642
1.902148161547984 100307.8869729247
1.9022 100312.4575060156
1.9022 100322.1989641464
1.9022 100338.271421923
1.9022 100355.8600684548
1.9022 100370.1500928514
1.9022 100376.3266842222
1.902063682752588 100376.5375106389
1.901674558973611 100376.1846227721
1.90106237060796 100375.3347836288
1.900256859600525 100374.0547562165
1.899287767896195 100372.4113035424
1.89818483743986 100370.4711886137
1.896977810176411 100368.3011744376
1.895696428050736 100365.9680240216
1.894370433007727 100363.5385003728
1.893029566992273 100361.0793664985
1.891703571949264 100358.6573854059
1.890422189823589 100356.3393201024
1.88921516256014 100354.1919335951
1.888112232103805 100352.2819888914
1.887143140399475 100350.6762489986
1.88633762939204 100349.4414769238
1.885725441026389 100348.6444356744
1.885336317247412 100348.3518882576
1.8852 100348.6305976806
1.8852 100355.7778997186
1.8852 100375.3811457608
1.8852 100406.4421222361
1.8852 100447.962615573
1.8852 100498.9444122005
1.8852 100558.3892985473
1.8852 100625.2990610421
1.8852 100698.6754861137
1.8852 100777.5203601909
1.8852 100860.8354697025
1.8852 100947.6226010771
1.8852 101036.8835407435
1.8852 101127.6200751306
1.8852 101218.833990667
1.8852 101309.5270737816
1.8852 101398.7011109031
1.8852 101485.3578884602
1.8852 101568.4991928817
1.8852 101647.1268105964
1.8852 101720.242528033
1.8852 101786.8481316203
1.8852 101845.9454077871
1.8852 101896.5361429621
1.8852 101937.622123574
1.8852 101968.2051360517
1.8852 101987.2869668239
1.8852 101993.8694023194
1.885336317247412 101993.3844754792
1.885725441026389 101991.9732456251
1.88633762939204 101989.7010387564
1.887143140399475 101986.6331808726
1.888112232103805 101982.8349979731
1.88921516256014 101978.3718160575
1.890422189823589 101973.3089611251
1.891703571949264 101967.7117591754
1.893029566992273 101961.6455362078
1.894370433007727 101955.1756182218
1.895696428050736 101948.3673312168
1.89697781017641 101941.2860011923
1.89818483743986 101933.9969541478
1.899287767896195 101926.5655160826
1.900256859600525 101919.0570129963
1.90106237060796 101911.5367708882
1.901674558973611 101904.0701157579
1.902063682752588 101896.7223736047
1.9022 101889.5588704282
1.9022 101886.7612566905
1.9022 101906.4636429527
1.9022 101888.666029215
1.9022 101705.8684154772
1.9022 101770.5708017395
1.9019 101974.6571119536
1.901473764201487 101976.8165367233
1.901008443436166 101979.0186733209
1.900502608569841 101981.2702632195
1.899954830468316 101983.5780478918
1.899363679997394 101985.948768811
1.89872772802288 101988.3891674497
1.898045545410577 101990.9059852809
1.897315703026289 101993.5059637776
1.896536771735819 101996.1958444127
1.895707322404973 101998.982368659
1.894825925899552 102001.8722779894
1.893891153085361 102004.872313877
1.892901574828205 102007.9892177945
1.891855761993886 102011.2297312148
1.890752285448208 102014.600595611
1.889589716056975 102018.1085524558
1.888366624685991 102021.7603432223
1.887081582201061 102025.5627093832
1.885733159467986 102029.5223924116
1.884319927352572 102033.6461337802
1.882840456720623 102037.9406749621
1.881293318437941 102042.4127574301
1.87967708337033 102047.0691226572
1.877990322383595 102051.9165121161
1.876231606343539 102056.96166728
1.874399506115967 102062.2113296215
1.872492592566681 102067.6722406138
1.870509436561485 102073.3511417296
1.868448608966184 102079.2547744418
1.866308680646582 102085.3898802234
1.864088222468481 102091.7632005474
1.861785805297686 102098.3814768865
1.8594 102105.2514507137
1.856310890119993 102113.8401027056
1.852026077680947 102125.2160256578
1.846735411266738 102138.7883792221
1.840628739461238 102153.9663230498
1.833895910848323 102170.1590167924
1.826726774011868 102186.7756201015
1.819311177535746 102203.2252926286
1.811838970003832 102218.9171940253
1.8045 102233.2604839429
1.796983102179752 102247.0609532589
1.788917853248729 102261.1548198271
1.780405214866018 102274.9968837638
1.771546148690704 102288.0419451853
1.762441616381872 102299.7448042079
1.753192579598609 102309.560260948
1.7439 102316.9431155219
1.734381113316402 102322.847901714
1.72449617649311 102327.6744220663
1.714410683011617 102330.045379831
1.704290126353417 102328.5834782603
1.6943 102321.9114206066
1.684454536143907 102311.9599071994
1.674643304480354 102300.8325452815
1.664844804744847 102287.4113984749
1.655037536672894 102270.5785304015
1.6452 102249.2160046833
1.635255526638766 102221.9243440845
1.62521838519013 102189.4162998269
1.615203480422112 102153.7422782194
1.605325717102729 102116.9526855706
1.5957 102081.0979281891
1.585985082163669 102038.9665498165
1.576096917377082 101985.9352605467
1.566536211508661 101927.9367162169
1.557803670426827 101870.9035726646
1.5504 101820.768485727
1.54442447289398 101775.7833488958
1.5395 101736.8656779661
1.535374266078023 101715.0937386827
1.531751600927163 101706.215482425
1.528353135312721 101697.1665269374
1.5249 101674.8824899643
1.521196349991472 101635.938476264
1.517430359884018 101590.224330509
1.513899189834556 101544.6477803158
1.5109 101506.1165533006
1.508439481056489 101486.3028394628
1.506263418779224 101486.9491839977
1.504277615973714 101500.068847316
1.502387875445469 101517.6750898281
1.5005 101531.7811719447
1.498551553226227 101545.7266175473
1.496600670041376 101565.33476134
1.494734010243411 101586.3445799676
1.493038233630298 101604.4950500744
1.4916 101615.5251483051
1.49041576012183 101618.5801469217
1.489383971012971 101617.8426806461
1.488444301843197 101616.6077698124
1.487536421782282 101618.1704347547
1.4866 101625.8256958073
1.485657573693783 101647.6847147319
1.4847 101687.1163481267
1.483690195420343 101751.8933574951
1.482636678192802 101846.4534110702
1.4815 101961.9754315343
1.4802 102124.0200535236
1.4791 102287.8950334523
1.4782 102446.4013635147
1.4774 102599.5919207181
1.4767 102747.5561892284
1.4762 102890.2941690455
1.4757 103020.3383998662
1.4754 103130.1766793042
1.4751 103234.7886700491
1.4748 103311.6174276316
1.4746 103375.6344798171
1.4745 103426.664925736
1.4744 103457.204697926
1.4743 103474.6155026762
1.4743 103484.3546605263
1.4742 103479.0450088314
1.4742 103466.2499999825
1.4742 103438.45377093
1.4743 103403.1453394737
1.4743 103352.8844973238
1.4744 103295.291234612
1.4745 103220.835074264
1.4746 103129.3533177966
1.4748 103013.3703699822
1.475 102880.2031950268
1.4754 102722.3233206958
1.4757 102547.1778699822
1.4762 102347.230235727
1.4767 102137.4641480821
1.4774 101902.912146744
1.4782 101666.0660967886
1.4791 101419.5642919269
2.0347 101690.2177091882
2.0347 101690.2177091882
2.0347 101762.2822908118
2.0347 101818.3864801653
2.0347 101861.4114540589
2.034635632747493 101905.4318456207
2.03444496925611 101945.9310658231
2.034131666925053 101983.2846350527
2.033699383153529 102017.8680736961
2.033151775340742 102050.05690214
2.032492500885897 102080.2266407711
2.031725217188197 102108.752809976
2.030853581646848 102136.0109301412
2.029881251661056 102162.3765216537
2.028811884630023 102188.2251048998
2.027649137952956 102213.9322002663
2.026396669029058 102239.8733281398
2.025058135257534 102266.4240089071
2.023637194037589 102293.9597629547
2.022137502768426 102322.8561106692
2.020562718849253 102353.4885724374
2.018916499679273 102386.2326686459
2.017202502657689 102421.4639196813
2.015424385183709 102459.5578459303
2.013585804656535 102500.8899677795
2.011690418475372 102545.8358056156
2.009741884039426 102594.7708798252
2.0077438587479 102648.0707107951
2.0057 102706.1108189117
2.003103877714197 102782.7201516916
1.999598236677489 102886.8082051846
1.995410496591872 103011.3713225773
1.990768077159341 103149.4058470565
1.985898398081893 103293.9081218089
1.981028879061524 103437.8744900211
1.976386939800227 103574.3012948798
1.9722 103696.1848795718
1.968160196731171 103812.9996265039
1.963901278945489 103936.0399236918
1.959563084167073 104061.0321227357
1.955285449920046 104183.7025752358
1.95120821372853 104299.7776327922
1.947471213116645 104404.9836470051
1.944214285608514 104495.0469694747
1.941577268728259 104565.693951801
1.9397 104612.6509455843
1.938276718263103 104645.4638507381
1.936907728237056 104676.5680632799
1.935591966266167 104706.0241789659
1.934328368694742 104733.8927935524
1.933115871867089 104760.2345027956
1.931953412127515 104785.1099024519
1.930839925820327 104808.5795882772
1.929774349289832 104830.704156028
1.928755618880337 104851.5442014605
1.92778267093615 104871.1603203309
1.926854441801578 104889.6131083954
1.925969867820927 104906.9631614103
1.925127885338506 104923.2710751318
1.92432743069862 104938.5974453161
1.923567440245578 104953.0028677195
1.922846850323686 104966.5479380982
1.922164597277252 104979.2932522085
1.921519617450582 104991.2994058065
1.920910847187985 105002.6269946486
1.920337222833766 105013.3366144909
1.919797680732234 105023.4888610897
1.919291157227694 105033.1443302012
1.918816588664456 105042.3636175817
1.918372911386825 105051.2073189874
1.917959061739109 105059.7360301745
1.917573976065614 105068.0103468993
1.91721659071065 105076.0908649179
1.91688584201852 105084.0381799867
1.916580666333535 105091.9128878619
1.9163 105099.7755842997
1.9161 105113.1327297056
1.915864195949796 105126.1284194159
1.915617820906621 105144.3452001793
1.915360538639739 105166.7079822412
1.915092012918413 105192.1416758468
1.914811907511907 105219.5711912411
1.914519886189487 105247.9214386693
1.914215612720413 105276.1173283766
1.913898750873951 105303.0837706082
1.913568964419365 105327.7456756091
1.913225917125917 105349.0279536247
1.912869272762873 105365.8555149
1.912498695099495 105377.1532696803
1.912113847905048 105381.8461282106
1.911714394948795 105378.8590007362
1.9113 105367.1167975022
1.910821607866402 105332.398243369
1.910249939023384 105266.5077994815
1.909614320741679 105177.4089805117
1.908944080292019 105073.0653011317
1.908268544945134 104961.4402760133
1.907617041971759 104850.4974198286
1.907018898642623 104748.2002472497
1.906503442228459 104662.5122729484
1.9061 104601.3970115968
1.90577300818716 104556.8802500925
1.905466362996439 104515.387231253
1.905178581663439 104476.4806536306
1.904908181423763 104439.7232157771
1.904653679513015 104404.6776162448
1.904413593166798 104370.9065535856
1.904186439620715 104337.9727263516
1.903970736110369 104305.4388330949
1.903764999871365 104272.8675723676
1.903567748139305 104239.8216427217
1.903377498149792 104205.8637427093
1.903192767138431 104170.5565708825
1.903012072340823 104133.4628257932
1.902833930992573 104094.1452059936
1.902656860329283 104052.1664100358
1.902479377586558 104007.0891364718
1.9023 103958.4760838537
1.902117113763451 103906.5079661825
1.901930454753602 103851.7287679499
1.90174056473033 103794.2460934443
1.90154798545351 103734.167546954
1.90135325868302 103671.6007327673
1.901156926178737 103606.6532551723
1.900959529700537 103539.4327184575
1.900761611008296 103470.0467269111
1.900563711861892 103398.6028848213
1.900366374021201 103325.2087964765
1.900170139246101 103249.9720661649
1.899975549296466 103173.0002981749
1.899783145932175 103094.4010967947
1.899593470913103 103014.2820663126
1.899407065999129 102932.7508110169
1.899224472950128 102849.9149351958
1.899046233525976 102765.8820431377
1.898872889486551 102680.7597391308
1.898704982591729 102594.6556274634
1.898543054601388 102507.6773124238
1.898387647275402 102419.9323983003
1.898239302373651 102331.5284893812
1.898098561656009 102242.5731899547
1.897965966882354 102153.1741043092
1.897842059812562 102063.4388367328
1.897727382206511 101973.474991514
1.897622475824076 101883.390172941
1.897527882425134 101793.291985302
1.897444143769563 101703.2880328853
1.897371801617238 101613.4859199793
1.897311397728037 101523.9932508723
1.897263473861836 101434.9176298524
1.897228571778511 101346.366661208
1.897207233237941 101258.4479492274
1.8972 101171.2690981988
1.897209217885099 101082.6140296464
1.897236192296123 100990.4759166956
1.897279904366657 100895.2762410367
1.897339335230292 100797.4364843599
1.897413466020613 100697.3781283556
1.89750127787121 100595.522654714
1.897601751915669 100492.2915451254
1.897713869287579 100388.10628128
1.897836611120528 100283.3883448681
1.897968958548102 100178.5592175801
1.898109892703891 100074.0403811061
1.898258394721481 99970.25331713652
1.898413445734461 99867.61950736154
1.898574026876418 99766.56043347144
1.898739119280941 99667.49757715655
1.898907704081616 99570.8524201071
1.899078762412032 99477.04644401338
1.899251275405777 99386.50113056565
1.899424224196437 99299.63796145419
1.899596589917603 99216.87841836929
1.899767353702859 99138.64398300122
1.899935496685796 99065.35613704025
1.9001 98997.43636217662
1.900262143651123 98933.58114374694
1.900424256217856 98872.11027934693
1.900586891693345 98812.88021905557
1.900750604070738 98755.74741295184
1.900915947343182 98700.56831111477
1.901083475503822 98647.19936362334
1.901253742545806 98595.49702055655
1.901427302462281 98545.31773199339
1.901604709246394 98496.51794801289
1.90178651689129 98448.95411869402
1.901973279390118 98402.48269411578
1.902165550736024 98356.96012435717
1.902363884922154 98312.24285949717
1.902568835941656 98268.18734961483
1.902780957787676 98224.65004478912
1.903000804453361 98181.48739509901
1.903228929931859 98138.55585062354
1.903465888216314 98095.71186144168
1.903712233299876 98052.81187763244
1.903968519175689 98009.71234927481
1.904235299836902 97966.2697264478
1.904513129276661 97922.34045923041
1.904802561488112 97877.78099770161
1.905104150464403 97832.44779194045
1.90541845019868 97786.19729202587
1.905746014684091 97738.8859480369
1.906087397913781 97690.37021005254
1.906443153880898 97640.50652815177
1.906813836578589 97589.15135241361
1.9072 97536.16113291704
1.907711782764759 97499.93726051012
1.908403364694802 97491.5952852562
1.909191361586739 97500.06289605725
1.909992389237178 97514.26778181511
1.910723063442729 97523.13763143176
1.9113 97515.6001338091
1.911759714077242 97492.47489657483
1.912195065555691 97462.69886559994
1.912607187301437 97427.37573715119
1.91299721218057 97387.60920749536
1.91336627305918 97344.50297289922
1.913715502803356 97299.16072962963
1.914046034279189 97252.68617395329
1.914359000352768 97206.18300213704
1.914655533890183 97160.75491044765
1.914936767757524 97117.5055951519
1.915203834820881 97077.53875251659
1.915457867946343 97041.95807880849
1.9157 97011.86727029437
1.915886546549907 96979.00621512819
1.9161 96959.80113291704
1.916464068489228 96963.37843738226
1.91697173603144 96973.27680021465
1.917617314558897 96989.24780181517
1.918395116003857 97011.04302258477
1.91929945229858 97038.41404292437
1.920324635375326 97071.11244323487
1.921464977166355 97108.88980391723
1.922714789603927 97151.49770537237
1.9240683846203 97198.68772800123
1.925520074147736 97250.21145220473
1.927064170118493 97305.82045838381
1.928694984464831 97365.2663269394
1.93040682911901 97428.30063827244
1.932194016013291 97494.67497278383
1.934050857079931 97564.14091087453
1.935971664251191 97636.45003294549
1.937950749459332 97711.35391939757
1.939982424636612 97788.60415063177
1.942061001715292 97867.952307049
1.94418079262763 97949.14996905018
1.946336109305887 98031.94871703626
1.948521263682322 98116.10013140814
1.950730567689196 98201.35579256678
1.952958333258767 98287.46728091309
1.955198872323296 98374.18617684803
1.957446496815043 98461.2640607725
1.959695518666266 98548.45251308747
1.961940249809226 98635.50311419384
1.964175002176182 98722.16744449252
1.966394087699395 98808.19708438448
1.968591818311123 98893.34361427065
1.970762505943627 98977.35861455195
1.972900462529166 99059.9936656293
1.975 99141.00034790365
1.977193702523292 99226.43916734486
1.979599758004526 99321.71202334212
1.982190883983444 99425.58258642541
1.984939797999789 99536.81452712472
1.987819217593302 99654.17151597003
1.990801860303726 99776.41722349127
1.993860443670803 99902.31532021843
1.996967685234276 100030.6294766815
2.000096302533886 100160.1233634104
2.003219013109375 100289.5606509352
2.006308534500485 100417.7050097858
2.00933758424696 100543.3201104921
2.012278879888541 100665.1696235843
2.01510513896497 100782.0172195921
2.017789079015989 100892.6265690457
2.020303417581342 100995.7613424749
2.022620872200769 101090.1852104097
2.024714160414012 101174.6618433802
2.026555999760815 101247.9549119163
2.028119107780919 101308.8280865479
2.029376202014067 101356.045037805
2.0303 101388.3694362177
2.031041947994966 101409.1199175046
2.031760336262354 101423.6336765469
2.032438148352616 101433.7022226176
2.033058367816209 101441.1170649901
2.033603978203584 101447.6697129375
2.034057963065197 101455.1516757331
2.034403305951502 101465.3544626501
2.034622990412951 101480.0695829617
2.0347 101501.0885459411
2.0347 101558.1531275647
2.0347 101690.2177091882
*END
