*KEYWORD
*DEFINE_CURVE_TITLE
SYNTHETIC screenshot reconstruction absolute pressure
$ LCID SIDR SFA SFO OFFA OFFO DATTYP
26 0 1.0 1.0 0.0 0.0 0
$ Not a CFD solver result; screenshot anchors plus interpolated rows.
$ X in metres; ordinate in metres or absolute pressure in Pa.
$ ABSCISSA ORDINATE
1.4791 100536.1928757806
1.479851735675113 100303.9385501651
1.480724157317516 100075.9761732626
1.481711671244822 99852.63336599302
1.482808683774642 99634.23774927652
1.48400960122459 99421.11694403313
1.485308829912277 99213.59857118294
1.486700776155315 99012.010251646
1.488179846271316 98816.67960634244
1.489740446577894 98627.93425619227
1.491376983392658 98446.10182211557
1.493083863033223 98271.50992503246
1.4948554918172 98104.48618586296
1.496686276062202 97945.35822552716
1.498570622085839 97794.45366494512
1.500502936205726 97652.10012503696
1.502477624739473 97518.6252267227
1.504489094004693 97394.35659092243
1.506531750318998 97279.62183855622
1.5086 97174.74859054416
1.51071234126088 97076.59869798081
1.512911411375217 96981.53339711447
1.515227825251226 96889.12938659576
1.517692197797119 96798.96336507525
1.52033514392111 96710.61203120358
1.523187278531413 96623.65208363131
1.52627921653624 96537.66022100911
1.529641572843804 96452.21314198755
1.53330496236232 96366.88754521725
1.5373 96281.2601293488
1.542224457603239 96191.40610360184
1.548474587033738 96095.9804270171
1.555778723222672 95998.42942297689
1.563865201101215 95902.19941486347
1.57246235560054 95810.73672605913
1.581298521651822 95727.48767994615
1.590102034186235 95655.89859990681
1.598601228134953 95599.41580932341
1.60652443842915 95561.48563157822
1.6136 95545.55439005353
1.619711731351954 95541.91238763984
1.625241775432379 95539.72036157474
1.630665953836827 95540.7302867611
1.63646008816085 95546.69413810175
1.6431 95559.36389049956
1.651076798471014 95589.57793731114
1.660411382713937 95644.78758659911
1.670874259359286 95721.66418532534
1.682235935037575 95816.87908045166
1.694266916379319 95927.10361893996
1.706737710015032 96049.00914775206
1.719418822575228 96179.26701384984
1.732080760690424 96314.54856419514
1.744494030991133 96451.52514574984
1.756429140107871 96586.86810547578
1.767656594671152 96717.24879033479
1.77794690131149 96839.33854728877
1.787070566659402 96949.80872329956
1.7947980973454 97045.33066532902
1.8009 97122.57572033898
1.8060604877428 97189.40876668727
1.811114687291474 97255.84544671819
1.816059475673645 97321.78325337333
1.820891729916942 97387.11967959437
1.825608327048989 97451.75221832289
1.830206144097412 97515.57836250051
1.834682058089838 97578.49560506888
1.839032946053892 97640.40143896958
1.843255685017201 97701.19335714426
1.847347152007389 97760.76885253453
1.851304224052085 97819.025418082
1.855123778178912 97875.86054672831
1.858802691415497 97931.17173141507
1.862337840789467 97984.8564650839
1.865726103328447 98036.81224067643
1.868964356060062 98086.93655113426
1.87204947601194 98135.12688939902
1.874978340211706 98181.28074841235
1.877747825686985 98225.29562111586
1.880354809465405 98267.06900045114
1.88279616857459 98306.49837935982
1.885068780042167 98343.48125078357
1.887169520895762 98377.91510766397
1.889095268163 98409.69744294265
1.890842898871508 98438.72574956121
1.892409290048911 98464.89752046129
1.893791318722836 98488.1102485845
1.894985861920909 98508.26142687249
1.895989796670755 98525.24854826684
1.8968 98538.96910570918
1.897504777027824 98549.92151143194
1.898189300872436 98558.94703697848
1.898845750560009 98566.45746425694
1.899466305116718 98572.86457517541
1.900043143568734 98578.58015164203
1.90056844494223 98584.01597556485
1.901034388263381 98589.58382885202
1.901433152558359 98595.69549341161
1.901756916853336 98602.76275115173
1.901997860174487 98611.19738398054
1.902148161547984 98621.4111738061
1.9022 98633.81590253655
1.9022 98661.7943623638
1.9022 98708.82205306878
1.9022 98760.44981794307
1.9022 98802.22850027823
1.9022 98819.7089433658
1.902063682752588 98819.32942738452
1.901674558973611 98817.29138030877
1.90106237060796 98813.79036712351
1.900256859600525 98809.0219528138
1.899287767896195 98803.18170236461
1.89818483743986 98796.46518076101
1.896977810176411 98789.06795298797
1.895696428050736 98781.18558403052
1.894370433007727 98773.01363887367
1.893029566992273 98764.74768250245
1.891703571949264 98756.58327990187
1.890422189823589 98748.71599605693
1.88921516256014 98741.34139595268
1.888112232103805 98734.65504457407
1.887143140399475 98728.8525069062
1.88633762939204 98724.12934793402
1.885725441026389 98720.68113264258
1.885336317247412 98718.70342601686
1.8852 98718.39179304193
1.8852 98738.6253995626
1.8852 98796.16236366224
1.8852 98888.01667868366
1.8852 99011.20233796962
1.8852 99162.73333486289
1.8852 99339.62366270628
1.8852 99538.88731484255
1.8852 99757.53828461449
1.8852 99992.5905653649
1.8852 100241.0581504365
1.8852 100499.9550331722
1.8852 100766.2952069146
1.8852 101037.0926650066
1.8852 101309.361400791
1.8852 101580.1154076105
1.8852 101846.368678808
1.8852 102105.1352077261
1.8852 102353.4289877077
1.8852 102588.2640120956
1.8852 102806.6542742325
1.8852 103005.6137674613
1.8852 103182.1564851247
1.8852 103333.2964205655
1.8852 103456.0475671264
1.8852 103547.4239181503
1.8852 103604.4394669799
1.8852 103624.1082069581
1.885336317247412 103623.0329377199
1.885725441026389 103619.9365486569
1.88633762939204 103615.0131677461
1.887143140399475 103608.456922965
1.888112232103805 103600.4619422905
1.88921516256014 103591.2223536999
1.890422189823589 103580.9322851705
1.891703571949264 103569.7858646794
1.893029566992273 103557.9772202038
1.894370433007727 103545.7004797209
1.895696428050736 103533.1497712079
1.89697781017641 103520.519222642
1.89818483743986 103508.0029620004
1.899287767896195 103495.7951172604
1.900256859600525 103484.089816399
1.90106237060796 103473.0811873936
1.901674558973611 103462.9633582212
1.902063682752588 103453.9304568591
1.9022 103446.1766112846
1.9022 103467.7837700714
1.9022 103511.8909288582
1.9022 103518.498087645
1.9022 103360.1052464318
1.9022 103449.2124052186
1.9019 103656.4713358608
1.901473764201487 103663.1144820289
1.901008443436166 103670.2138378106
1.900502608569841 103677.7871232422
1.899954830468316 103685.8520583596
1.899363679997394 103694.4263631988
1.89872772802288 103703.5277577961
1.898045545410577 103713.1739621872
1.897315703026289 103723.3826964084
1.896536771735819 103734.1716804957
1.895707322404973 103745.5586344852
1.894825925899552 103757.5612784128
1.893891153085361 103770.1973323146
1.892901574828205 103783.4845162267
1.891855761993886 103797.4405501851
1.890752285448208 103812.0831542259
1.889589716056975 103827.4300483851
1.888366624685991 103843.4989526988
1.887081582201061 103860.307587203
1.885733159467986 103877.8736719338
1.884319927352572 103896.2149269271
1.882840456720623 103915.3490722192
1.881293318437941 103935.2938278459
1.87967708337033 103956.0669138434
1.877990322383595 103977.6860502477
1.876231606343539 104000.1689570949
1.874399506115967 104023.533354421
1.872492592566681 104047.796962262
1.870509436561485 104072.977500654
1.868448608966184 104099.0926896331
1.866308680646582 104126.1602492353
1.864088222468481 104154.1978994966
1.861785805297686 104183.2233604532
1.8594 104213.2543521409
1.856310890119993 104251.3270561526
1.852026077680947 104302.7620991397
1.846735411266738 104365.0038687269
1.840628739461238 104435.4967525388
1.833895910848323 104511.6851381999
1.826726774011868 104591.0134133349
1.819311177535746 104670.9259655683
1.811838970003832 104748.8671825247
1.8045 104822.2814518287
1.796983102179752 104894.8037599225
1.788917853248729 104970.4804489128
1.780405214866018 105047.3729399211
1.771546148690704 105123.542654069
1.762441616381872 105197.051012478
1.753192579598609 105265.9594362697
1.7439 105328.3293465656
1.734381113316402 105387.9314470775
1.72449617649311 105446.5864920054
1.714410683011617 105499.4309782027
1.704290126353417 105541.601402523
1.6943 105568.2342618198
1.684454536143907 105585.3887538563
1.674643304480354 105599.8827971349
1.664844804744847 105607.9909696183
1.655037536672894 105605.9878492691
1.6452 105590.14801405
1.635255526638766 105557.6952544756
1.62521838519013 105511.0155661474
1.615203480422112 105454.1268346582
1.605325717102729 105391.0469456007
1.5957 105325.7937845673
1.585985082163669 105238.4585571708
1.576096917377082 105117.1491714705
1.566536211508661 104977.9085667299
1.557803670426827 104836.7796822123
1.5504 104709.8054571811
1.54442447289398 104594.744114484
1.5395 104488.0970338983
1.535374266078023 104404.0312160482
1.531751600927163 104336.146447275
1.528353135312721 104267.7495808121
1.5249 104182.147469893
1.521196349991472 104072.3466787919
1.517430359884018 103950.6729915271
1.513899189834556 103829.4120909474
1.5109 103720.8496599019
1.508439481056489 103638.5399469598
1.506263418779224 103580.9418377074
1.504277615973714 103537.6979705194
1.502387875445469 103498.4509837701
1.5005 103452.8435158341
1.498551553226227 103401.498628152
1.496600670041376 103351.7463248364
1.494734010243411 103303.28965827
1.493038233630298 103255.8316808354
1.4916 103209.0754449153
1.49041576012183 103163.3245778987
1.489383971012971 103119.2641268084
1.488444301843197 103077.1692734771
1.487536421782282 103037.3151997373
1.4866 102999.9770874219
1.485657573693783 102973.04344157
1.4847 102958.84904438
1.483690195420343 102964.1983267772
1.482636678192802 102993.1269361141
1.4815 103033.426294603
1.4802 103099.5601605709
1.4791 103171.1851003568
1.4782 103241.7040905442
1.4774 103311.2757621543
1.4767 103380.1685676851
1.4762 103448.3825071365
1.4757 103508.5151995986
1.4754 103553.0300379126
1.4751 103596.8660101472
1.4748 103617.3522828947
1.4746 103629.4034394514
1.4745 103632.4947772078
1.4744 103619.1140937779
1.4743 103596.3465080285
1.4743 103565.5639815789
1.4742 103519.6350264942
1.4742 103466.2499999475
1.4742 103397.8613127899
1.4743 103321.9360184211
1.4743 103231.1534919715
1.4744 103133.3737038359
1.4745 103015.0052227922
1.4746 102875.5599533898
1.4748 102707.6111099465
1.475 102518.1095850803
1.4754 102299.4699620874
1.4757 102059.0336099465
1.4762 101789.1907071811
1.4767 101504.8924442462
1.4774 101191.2364402319
1.4782 100870.6982903657
1.4791 100536.1928757806
2.0347 101645.1773456735
2.0347 101645.1773456735
2.0347 101807.3226543265
2.0347 101958.4289619141
2.0347 102086.6132716325
2.034635632747493 102197.9292554148
2.03444496925611 102299.9207967059
2.034131666925053 102393.5572191656
2.033699383153529 102479.8078464539
2.033151775340742 102559.6420022308
2.032492500885897 102634.0290101562
2.031725217188197 102703.93819389
2.030853581646848 102770.3388770923
2.029881251661056 102834.2003834229
2.028811884630023 102896.4920365419
2.027649137952956 102958.1831601091
2.026396669029058 103020.2430777844
2.025058135257534 103083.641113228
2.023637194037589 103149.3465900997
2.022137502768426 103218.3288320594
2.020562718849253 103291.5571627671
2.018916499679273 103370.0009058828
2.017202502657689 103454.6293850664
2.015424385183709 103546.4119239779
2.013585804656535 103646.3178462771
2.011690418475372 103755.3164756242
2.009741884039426 103874.3771356789
2.0077438587479 104004.4691501013
2.0057 104146.5618425513
2.003103877714197 104336.2048891383
1.999598236677489 104596.2085846497
1.995410496591872 104908.4331807624
1.990768077159341 105254.7389291533
1.985898398081893 105616.9860814992
1.981028879061524 105977.0348894772
1.976386939800227 106316.745604764
1.9722 106617.9784790366
1.968160196731171 106903.7934843681
1.963901278945489 107202.8498937388
1.959563084167073 107505.406910186
1.955285449920046 107801.7237367469
1.95120821372853 108082.0595764589
1.947471213116645 108336.6736323593
1.944214285608514 108555.8251074856
1.941577268728259 108729.7732048749
1.9397 108848.7771275647
1.938276718263103 108935.1006375952
1.936907728237056 109017.5727581292
1.935591966266167 109096.3005838877
1.934328368694742 109171.3912095916
1.933115871867089 109242.9517299619
1.931953412127515 109311.0892397197
1.930839925820327 109375.9108335858
1.929774349289832 109437.5236062813
1.928755618880337 109496.0346525272
1.92778267093615 109551.5510670443
1.926854441801578 109604.1799445538
1.925969867820927 109654.0283797766
1.925127885338506 109701.2034674336
1.92432743069862 109745.8123022459
1.923567440245578 109787.9619789343
1.922846850323686 109827.75959222
1.922164597277252 109865.3122368239
1.921519617450582 109900.7270074669
1.920910847187985 109934.1109988701
1.920337222833766 109965.5713057544
1.919797680732234 109995.2150228408
1.919291157227694 110023.1492448503
1.918816588664456 110049.4810665038
1.918372911386825 110074.3175825223
1.917959061739109 110097.7658876269
1.917573976065614 110119.9330765385
1.91721659071065 110140.9262439781
1.91688584201852 110160.8524846666
1.916580666333535 110179.818893325
1.9163 110197.9325646744
1.9161 110218.6111418376
1.915864195949796 110230.7222822264
1.915617820906621 110246.3222450979
1.915360538639739 110264.3911858061
1.915092012918413 110283.9092597048
1.914811907511907 110303.856622148
1.914519886189487 110323.2134284895
1.914215612720413 110340.9598340832
1.913898750873951 110356.0759942831
1.913568964419365 110367.542064443
1.913225917125917 110374.3381999167
1.912869272762873 110375.4445560583
1.912498695099495 110369.8412882215
1.912113847905048 110356.5085517602
1.911714394948795 110334.4265020285
1.9113 110302.57529438
1.910821607866402 110236.6756257696
1.910249939023384 110121.1638965701
1.909614320741679 109968.0938172625
1.908944080292019 109789.5190983282
1.908268544945134 109597.493450248
1.907617041971759 109404.0705835033
1.907018898642623 109221.3042085751
1.906503442228459 109061.2480359446
1.9061 108935.9557760928
1.90577300818716 108835.4481307821
1.905466362996439 108741.1078361507
1.905178581663439 108652.0316542434
1.904908181423763 108567.316347105
1.904653679513015 108486.0586767803
1.904413593166798 108407.3554053142
1.904186439620715 108330.3032947515
1.903970736110369 108253.9991071369
1.903764999871365 108177.5396045154
1.903567748139305 108100.0215489317
1.903377498149792 108020.5417024308
1.903192767138431 107938.1968270572
1.903012072340823 107852.083684856
1.902833930992573 107761.299037872
1.902656860329283 107664.9396481499
1.902479377586558 107562.1022777345
1.9023 107451.8836886708
1.902117113763451 107334.4373019193
1.901930454753602 107210.6801379017
1.90174056473033 107080.8543578542
1.90154798545351 106945.2021230134
1.90135325868302 106803.9655946154
1.901156926178737 106657.3869338967
1.900959529700537 106505.7083020936
1.900761611008296 106349.1718604425
1.900563711861892 106188.0197701797
1.900366374021201 106022.4941925416
1.900170139246101 105852.8372887645
1.899975549296466 105679.2912200849
1.899783145932175 105502.0981477389
1.899593470913103 105321.5002329631
1.899407065999129 105137.7396369937
1.899224472950128 104951.0585210672
1.899046233525976 104761.6990464198
1.898872889486551 104569.9033742879
1.898704982591729 104375.9136659079
1.898543054601388 104179.9720825161
1.898387647275402 103982.3207853489
1.898239302373651 103783.2019356427
1.898098561656009 103582.8576946337
1.897965966882354 103381.5302235583
1.897842059812562 103179.461683653
1.897727382206511 102976.894236154
1.897622475824076 102774.0700422977
1.897527882425134 102571.2312633205
1.897444143769563 102368.6200604587
1.897371801617238 102166.4785949486
1.897311397728037 101965.0490280267
1.897263473861836 101764.5735209292
1.897228571778511 101565.2942348926
1.897207233237941 101367.4533311532
1.8972 101171.2929709473
1.897209217885099 100971.8861598398
1.897236192296123 100764.770930761
1.897279904366657 100550.8869859958
1.897339335230292 100331.1740278287
1.897413466020613 100106.5717585443
1.89750127787121 99878.01988042743
1.897601751915669 99646.45809576263
1.897713869287579 99412.8261068346
1.897836611120528 99178.06361592801
1.897968958548102 98943.11032532754
1.898109892703891 98708.90593731779
1.898258394721481 98476.39015418349
1.898413445734461 98246.50267820925
1.898574026876418 98020.18321167977
1.898739119280941 97798.3714568797
1.898907704081616 97582.00711609371
1.899078762412032 97372.02989160645
1.899251275405777 97169.37948570258
1.899424224196437 96974.99560066676
1.899596589917603 96789.81793878369
1.899767353702859 96614.786202338
1.899935496685796 96450.84009361436
1.9001 96298.91931489742
1.900262143651123 96156.14916718975
1.900424256217856 96018.80868918968
1.900586891693345 95886.56818972543
1.900750604070738 95759.09797762516
1.900915947343182 95636.06836171719
1.901083475503822 95517.14965082967
1.901253742545806 95402.01215379087
1.901427302462281 95290.326179429
1.901604709246394 95181.76203657231
1.90178651689129 95075.99003404898
1.901973279390118 94972.6804806873
1.902165550736024 94871.50368531543
1.902363884922154 94772.12995676164
1.902568835941656 94674.22960385414
1.902780957787676 94577.47293542117
1.903000804453361 94481.53026029095
1.903228929931859 94386.07188729169
1.903465888216314 94290.76812525165
1.903712233299876 94195.28928299902
1.903968519175689 94099.30566936206
1.904235299836902 94002.48759316897
1.904513129276661 93904.50536324801
1.904802561488112 93805.02928842737
1.905104150464403 93703.72967753529
1.90541845019868 93600.2768394
1.905746014684091 93494.34108284973
1.906087397913781 93385.59271671269
1.906443153880898 93273.70204981715
1.906813836578589 93158.33939099128
1.9072 93039.17504906334
1.907711782764759 92927.11578059223
1.908403364694802 92831.95744738204
1.909191361586739 92751.7040161288
1.909992389237178 92684.35945352846
1.910723063442729 92627.927726277
1.9113 92580.41280107047
1.911759714077242 92533.72292419075
1.912195065555691 92481.87800464564
1.912607187301437 92426.04950321979
1.91299721218057 92367.408880698
1.91336627305918 92307.12759786494
1.913715502803356 92246.37711550537
1.914046034279189 92186.32889440398
1.914359000352768 92128.15439534553
1.914655533890183 92073.02507911471
1.914936767757524 92022.11240649628
1.915203834820881 91976.58783827492
1.915457867946343 91937.62283523536
1.9157 91906.38885816236
1.915886546549907 91873.6946019014
1.9161 91854.86504906333
1.916464068489228 91862.27321538694
1.91697173603144 91882.65565891794
1.917617314558897 91915.50358554961
1.918395116003857 91960.30820117526
1.91929945229858 92016.56071168816
1.920324635375326 92083.75232298154
1.921464977166355 92161.37424094872
1.922714789603927 92248.91767148295
1.9240683846203 92345.87382047753
1.925520074147736 92451.73389382573
1.927064170118493 92565.9890974208
1.928694984464831 92688.13063715605
1.93040682911901 92817.64971892475
1.932194016013291 92954.03754862014
1.934050857079931 93096.78533213552
1.935971664251191 93245.38427536419
1.937950749459332 93399.3255841994
1.939982424636612 93558.10046453442
1.942061001715292 93721.20012226254
1.94418079262763 93888.11576327705
1.946336109305887 94058.33859347118
1.948521263682322 94231.35981873823
1.950730567689196 94406.6706449715
1.952958333258767 94583.76227806421
1.955198872323296 94762.12592390971
1.957446496815043 94941.25278840121
1.959695518666266 95120.63407743201
1.961940249809226 95299.76099689541
1.964175002176182 95478.12475268463
1.966394087699395 95655.21655069299
1.968591818311123 95830.52759681376
1.970762505943627 96003.5490969402
1.972900462529166 96173.7722569656
1.975 96340.68828278323
1.977193702523292 96516.6386643919
1.979599758004526 96712.63427179839
1.982190883983444 96926.1703809079
1.984939797999789 97154.74226762565
1.987819217593302 97395.84520785685
1.990801860303726 97646.97447750668
1.993860443670803 97905.62535248036
1.996967685234276 98169.29310868312
2.000096302533886 98435.47302202015
2.003219013109375 98701.66036839664
2.006308534500485 98965.35042371784
2.00933758424696 99224.03846388891
2.012278879888541 99475.21976481511
2.01510513896497 99716.3896024016
2.017789079015989 99945.04325255363
2.020303417581342 100158.6759911764
2.022620872200769 100354.783094175
2.024714160414012 100530.8598374549
2.026555999760815 100684.401496921
2.028119107780919 100812.9033484788
2.029376202014067 100913.8606680333
2.0303 100984.7687314897
2.031041947994966 101031.9322926077
2.031760336262354 101066.0071774901
2.032438148352616 101091.0152705571
2.033058367816209 101110.9784562289
2.033603978203584 101129.9186189257
2.034057963065197 101151.8576430678
2.034403305951502 101180.8174130753
2.034622990412951 101220.8198133685
2.0347 101275.8867283675
2.0347 101423.0320370205
2.0347 101645.1773456735
*END
