*KEYWORD
*DEFINE_CURVE_TITLE
SYNTHETIC screenshot reconstruction absolute pressure
$ LCID SIDR SFA SFO OFFA OFFO DATTYP
26 0 1.0 1.0 0.0 0.0 0
$ Not a CFD solver result; screenshot anchors plus interpolated rows.
$ X in metres; ordinate in metres or absolute pressure in Pa.
$ ABSCISSA ORDINATE
1.4791 101861.25
1.479851735675113 101740.0055763629
1.480724157317516 101621.8183540195
1.481711671244822 101507.0323604495
1.482808683774642 101395.9916231328
1.48400960122459 101289.0401695489
1.485308829912277 101186.5220271778
1.486700776155315 101088.7812234992
1.488179846271316 100996.1617859928
1.489740446577894 100909.0077421383
1.491376983392658 100827.6631194157
1.493083863033223 100752.4719453045
1.4948554918172 100683.7782472846
1.496686276062202 100621.9260528357
1.498570622085839 100567.2593894375
1.500502936205726 100520.1222845699
1.502477624739473 100480.8587657126
1.504489094004693 100449.8128603454
1.506531750318998 100427.3285959479
1.5086 100413.75
1.51071234126088 100404.9810204238
1.512911411375217 100396.7558100524
1.515227825251226 100389.1637037321
1.517692197797119 100382.294036309
1.52033514392111 100376.2361426294
1.523187278531413 100371.0793575393
1.52627921653624 100366.9130158852
1.529641572843804 100363.8264525131
1.53330496236232 100361.9090022693
1.5373 100361.25
1.542224457603239 100363.9958982036
1.548474587033738 100371.6465269461
1.555778723222672 100383.3212874251
1.563865201101215 100398.1395808383
1.57246235560054 100415.2208083832
1.581298521651822 100433.6843712575
1.590102034186235 100452.6496706587
1.598601228134953 100471.2361077844
1.60652443842915 100488.5630838323
1.6136 100503.75
1.619711731351954 100516.9598749781
1.625241775432379 100529.4916009821
1.630665953836827 100542.1683894972
1.63646008816085 100555.8134520081
1.6431 100571.25
1.651076798471014 100589.6955761717
1.660411382713937 100611.4438694945
1.670874259359286 100635.932310862
1.682235935037575 100662.5983311676
1.694266916379319 100690.879361305
1.706737710015032 100720.2128321676
1.719418822575228 100750.0361746489
1.732080760690424 100779.7868196426
1.744494030991133 100808.9021980421
1.756429140107871 100836.819740741
1.767656594671152 100862.9768786328
1.77794690131149 100886.8110426111
1.787070566659402 100907.7596635694
1.7947980973454 100925.2601724012
1.8009 100938.75
1.8060604877428 100949.928569077
1.811114687291474 100960.8657731598
1.816059475673645 100971.5547493667
1.820891729916942 100981.9886348158
1.825608327048989 100992.1605666256
1.830206144097412 101002.0636819143
1.834682058089838 101011.6911178
1.839032946053892 101021.0360114012
1.843255685017201 101030.091499836
1.847347152007389 101038.8507202228
1.851304224052085 101047.3068096798
1.855123778178912 101055.4529053253
1.858802691415497 101063.2821442775
1.862337840789467 101070.7876636547
1.865726103328447 101077.9626005753
1.868964356060062 101084.8000921573
1.87204947601194 101091.2932755192
1.874978340211706 101097.4352877792
1.877747825686985 101103.2192660556
1.880354809465405 101108.6383474665
1.88279616857459 101113.6856691304
1.885068780042167 101118.3543681654
1.887169520895762 101122.6375816899
1.889095268163 101126.5284468221
1.890842898871508 101130.0201006802
1.892409290048911 101133.1056803826
1.893791318722836 101135.7783230475
1.894985861920909 101138.0311657932
1.895989796670755 101139.857345738
1.8968 101141.25
1.897504777027824 101142.3945863586
1.898189300872436 101143.4827125264
1.898845750560009 101144.5167405217
1.899466305116718 101145.499032363
1.900043143568734 101146.4319500687
1.90056844494223 101147.3178556572
1.901034388263381 101148.1591111467
1.901433152558359 101148.9580785558
1.901756916853336 101149.7171199027
1.901997860174487 101150.438597206
1.902148161547984 101151.124872484
1.9022 101151.7783077551
1.9022 101152.4012650377
1.9022 101152.9961063501
1.9022 101153.5651937107
1.9022 101154.110889138
1.9022 101154.6355546504
1.902063682752588 101155.1415522661
1.901674558973611 101155.6312440037
1.90106237060796 101156.1069918815
1.900256859600525 101156.5711579179
1.899287767896195 101157.0261041312
1.89818483743986 101157.47419254
1.896977810176411 101157.9177851625
1.895696428050736 101158.3592440171
1.894370433007727 101158.8009311223
1.893029566992273 101159.2452084964
1.891703571949264 101159.6944381579
1.890422189823589 101160.1509821251
1.88921516256014 101160.6172024164
1.888112232103805 101161.0954610501
1.887143140399475 101161.5881200448
1.88633762939204 101162.0975414187
1.885725441026389 101162.6260871903
1.885336317247412 101163.1761193779
1.8852 101163.75
1.8852 101164.3541497966
1.8852 101164.9905368101
1.8852 101165.6548440122
1.8852 101166.3427543747
1.8852 101167.0499508693
1.8852 101167.7721164678
1.8852 101168.5049341419
1.8852 101169.2440868634
1.8852 101169.985257604
1.8852 101170.7241293354
1.8852 101171.4563850295
1.8852 101172.177707658
1.8852 101172.8837801926
1.8852 101173.570285605
1.8852 101174.2329068671
1.8852 101174.8673269506
1.8852 101175.4692288272
1.8852 101176.0342954687
1.8852 101176.5582098467
1.8852 101177.0366549332
1.8852 101177.4653136998
1.8852 101177.8398691183
1.8852 101178.1560041604
1.8852 101178.4094017978
1.8852 101178.5957450024
1.8852 101178.7107167459
1.8852 101178.75
1.885336317247412 101178.5602443589
1.885725441026389 101177.9915941092
1.88633762939204 101177.0449742615
1.887143140399475 101175.7213098264
1.888112232103805 101174.0215258145
1.88921516256014 101171.9465472362
1.890422189823589 101169.4972991024
1.891703571949264 101166.6747064233
1.893029566992273 101163.4796942098
1.894370433007727 101159.9131874722
1.895696428050736 101155.9761112213
1.89697781017641 101151.6693904675
1.89818483743986 101146.9939502215
1.899287767896195 101141.9507154938
1.900256859600525 101136.5406112949
1.90106237060796 101130.7645626356
1.901674558973611 101124.6234945263
1.902063682752588 101118.1183319775
1.9022 101111.25
1.9022 101096.25
1.9022 101103.75
1.9022 101073.75
1.9022 100878.75
1.9022 100931.25
1.9019 101133.75
1.901473764201487 101133.6675640705
1.901008443436166 101133.421091076
1.900502608569841 101133.0118332081
1.899954830468316 101132.441042658
1.899363679997394 101131.709971617
1.89872772802288 101130.8198722765
1.898045545410577 101129.7719968278
1.897315703026289 101128.5675974622
1.896536771735819 101127.2079263711
1.895707322404973 101125.6942357459
1.894825925899552 101124.0277777778
1.893891153085361 101122.2098046582
1.892901574828205 101120.2415685783
1.891855761993886 101118.1243217297
1.890752285448208 101115.8593163035
1.889589716056975 101113.4478044912
1.888366624685991 101110.891038484
1.887081582201061 101108.1902704733
1.885733159467986 101105.3467526505
1.884319927352572 101102.3617372068
1.882840456720623 101099.2364763336
1.881293318437941 101095.9722222222
1.87967708337033 101092.570227064
1.877990322383595 101089.0317430503
1.876231606343539 101085.3580223725
1.874399506115967 101081.5503172218
1.872492592566681 101077.6098797896
1.870509436561485 101073.5379622673
1.868448608966184 101069.3358168461
1.866308680646582 101065.0046957175
1.864088222468481 101060.5458510727
1.861785805297686 101055.9605351031
1.8594 101051.25
1.856310890119993 101045.096625982
1.852026077680947 101036.4429889169
1.846735411266738 101025.6806344697
1.840628739461238 101013.2011083053
1.833895910848323 100999.3959560887
1.826726774011868 100984.6567234849
1.819311177535746 100969.3749561588
1.811838970003832 100953.9421997755
1.8045 100938.75
1.796983102179752 100923.1895499271
1.788917853248729 100906.4920052843
1.780405214866018 100888.8088556851
1.771546148690704 100870.2915907434
1.762441616381872 100851.0917000729
1.753192579598609 100831.3606732872
1.7439 100811.25
1.734381113316402 100790.3061290323
1.72449617649311 100768.2183870968
1.714410683011617 100745.3525806452
1.704290126353417 100722.074516129
1.6943 100698.75
1.684454536143907 100675.245483871
1.674643304480354 100651.3074193548
1.664844804744847 100627.1216129032
1.655037536672894 100602.8738709677
1.6452 100578.75
1.635255526638766 100554.0388888889
1.62521838519013 100528.6166666667
1.615203480422112 100503.55
1.605325717102729 100479.9055555555
1.5957 100458.75
1.585985082163669 100439.2205461394
1.576096917377082 100420.3283050848
1.566536211508661 100402.9507909605
1.557803670426827 100387.9655178908
1.5504 100376.25
1.54442447289398 100366.3029661017
1.5395 100361.25
1.535374266078023 100370.625
1.531751600927163 100391.25
1.528353135312721 100411.875
1.5249 100421.25
1.521196349991472 100417.734375
1.517430359884018 100410
1.513899189834556 100402.265625
1.5109 100398.75
1.508439481056489 100410.1842857143
1.506263418779224 100439.9528571429
1.504277615973714 100481.2542857143
1.502387875445469 100527.2871428572
1.5005 100571.25
1.498551553226227 100617.8406122449
1.496600670041376 100672.1289795918
1.494734010243411 100727.8720408163
1.493038233630298 100778.8267346939
1.4916 100818.75
1.49041576012183 100846.2079314332
1.489383971012971 100867.1319575649
1.488444301843197 100886.32701798
1.487536421782282 100908.5980522634
1.4866 100938.75
1.485657573693783 100985.0053513129
1.4847 101051.25
1.483690195420343 101145.7408728541
1.482636678192802 101273.1166485483
1.4815 101426.25
1.4802 101636.25
1.4791 101846.25
1.4782 102048.75
1.4774 102243.75
1.4767 102431.25
1.4762 102611.25
1.4757 102776.25
1.4754 102918.75
1.4751 103053.75
1.4748 103158.75
1.4746 103248.75
1.4745 103323.75
1.4744 103376.25
1.4743 103413.75
1.4743 103443.75
1.4742 103458.75
1.4742 103466.25
1.4742 103458.75
1.4743 103443.75
1.4743 103413.75
1.4744 103376.25
1.4745 103323.75
1.4746 103256.25
1.4748 103166.25
1.475 103061.25
1.4754 102933.75
1.4757 102791.25
1.4762 102626.25
1.4767 102453.75
1.4774 102258.75
1.4782 102063.75
1.4791 101861.25
2.0347 101712.7378909456
2.0347 101712.7378909456
2.0347 101739.7621090544
2.0347 101748.3652392909
2.0347 101748.8105452721
2.034635632747493 101759.1831407237
2.03444496925611 101768.9362003817
2.034131666925053 101778.1483429963
2.033699383153529 101786.8981873172
2.033151775340742 101795.2643520947
2.032492500885897 101803.3254560786
2.031725217188197 101811.1601180189
2.030853581646848 101818.8469566657
2.029881251661056 101826.464590769
2.028811884630023 101834.0916390787
2.027649137952956 101841.8067203449
2.026396669029058 101849.6884533175
2.025058135257534 101857.8154567466
2.023637194037589 101866.2663493822
2.022137502768426 101875.1197499741
2.020562718849253 101884.4542772726
2.018916499679273 101894.3485500274
2.017202502657689 101904.8811869887
2.015424385183709 101916.1308069065
2.013585804656535 101928.1760285307
2.011690418475372 101941.0954706113
2.009741884039426 101954.9677518984
2.0077438587479 101969.8714911419
2.0057 101985.8853070919
2.003103877714197 102005.9777829682
1.999598236677489 102032.108015452
1.995410496591872 102062.8403934847
1.990768077159341 102096.7393060081
1.985898398081893 102132.3691419637
1.981028879061524 102168.294290293
1.976386939800227 102203.0791399377
1.9722 102235.2880798394
1.968160196731171 102267.6026975717
1.963901278945489 102302.6349386683
1.959563084167073 102338.8447290106
1.955285449920046 102374.6919944803
1.95120821372853 102408.6366609589
1.947471213116645 102439.138654328
1.944214285608514 102464.6579004692
1.941577268728259 102483.654325264
1.9397 102494.5878545941
1.938276718263103 102500.6454573095
1.936907728237056 102506.0657158552
1.935591966266167 102510.885976505
1.934328368694742 102515.1435855328
1.933115871867089 102518.8758892125
1.931953412127515 102522.1202338179
1.930839925820327 102524.913965623
1.929774349289832 102527.2944309014
1.928755618880337 102529.2989759272
1.92778267093615 102530.9649469742
1.926854441801578 102532.3296903162
1.925969867820927 102533.4305522271
1.925127885338506 102534.3048789809
1.92432743069862 102534.9900168512
1.923567440245578 102535.5233121121
1.922846850323686 102535.9421110373
1.922164597277252 102536.2837599008
1.921519617450582 102536.5856049763
1.920910847187985 102536.8849925378
1.920337222833766 102537.2192688591
1.919797680732234 102537.6257802141
1.919291157227694 102538.1418728767
1.918816588664456 102538.8048931206
1.918372911386825 102539.6521872199
1.917959061739109 102540.7211014483
1.917573976065614 102542.0489820796
1.91721659071065 102543.6731753879
1.91688584201852 102545.6310276468
1.916580666333535 102547.9598851304
1.9163 102550.6970941124
1.9161 102560.3935236396
1.915864195949796 102573.8314880106
1.915617820906621 102593.35667772
1.915360538639739 102617.8663804588
1.915092012918413 102646.2578839177
1.914811907511907 102677.4284757876
1.914519886189487 102710.2754437591
1.914215612720413 102743.6960755232
1.913898750873951 102776.5876587707
1.913568964419365 102807.8474811922
1.913225917125917 102836.3728304787
1.912869272762873 102861.0609943209
1.912498695099495 102880.8092604097
1.912113847905048 102894.5149164358
1.911714394948795 102901.0752500901
1.9113 102899.3875490633
1.910821607866402 102880.2595521687
1.910249939023384 102839.1797509373
1.909614320741679 102782.0665621363
1.908944080292019 102714.8384025334
1.908268544945134 102643.4136888959
1.907617041971759 102573.7108379913
1.907018898642623 102511.6482665869
1.906503442228459 102463.1443914503
1.9061 102434.1176293488
1.90577300818716 102417.5963097476
1.905466362996439 102402.5269288042
1.905178581663439 102388.7051533241
1.904908181423763 102375.9266501132
1.904653679513015 102363.987085977
1.904413593166798 102352.6821277213
1.904186439620715 102341.8074421517
1.903970736110369 102331.158696074
1.903764999871365 102320.5315562937
1.903567748139305 102309.7216896167
1.903377498149792 102298.5247628486
1.903192767138431 102286.7364427951
1.903012072340823 102274.1523962618
1.902833930992573 102260.5682900545
1.902656860329283 102245.7797909788
1.902479377586558 102229.5825658405
1.9023 102211.7722814451
1.902117113763451 102192.543298314
1.901930454753602 102172.253082974
1.90174056473033 102150.9419612394
1.90154798545351 102128.6502589244
1.90135325868302 102105.4183018432
1.901156926178737 102081.2864158101
1.900959529700537 102056.2949266394
1.900761611008296 102030.4841601453
1.900563711861892 102003.8944421421
1.900366374021201 101976.5660984439
1.900170139246101 101948.5394548652
1.899975549296466 101919.8548372199
1.899783145932175 101890.5525713226
1.899593470913103 101860.6729829873
1.899407065999129 101830.2563980284
1.899224472950128 101799.3431422601
1.899046233525976 101767.9735414966
1.898872889486551 101736.1879215522
1.898704982591729 101704.0266082412
1.898543054601388 101671.5299273777
1.898387647275402 101638.738204776
1.898239302373651 101605.6917662505
1.898098561656009 101572.4309376153
1.897965966882354 101538.9960446846
1.897842059812562 101505.4274132728
1.897727382206511 101471.765369194
1.897622475824076 101438.0502382626
1.897527882425134 101404.3223462927
1.897444143769563 101370.6220190987
1.897371801617238 101336.9895824947
1.897311397728037 101303.465362295
1.897263473861836 101270.0896843139
1.897228571778511 101236.9028743657
1.897207233237941 101203.9452582644
1.8972 101171.2571618245
1.897209217885099 101137.9779645497
1.897236192296123 101103.3284096628
1.897279904366657 101067.4708685571
1.897339335230292 101030.5677126255
1.897413466020613 100992.7813132613
1.89750127787121 100954.2740418573
1.897601751915669 100915.2082698067
1.897713869287579 100875.7463685027
1.897836611120528 100836.0507093382
1.897968958548102 100796.2836637064
1.898109892703891 100756.6076030003
1.898258394721481 100717.184898613
1.898413445734461 100678.1779219377
1.898574026876418 100639.7490443673
1.898739119280941 100602.060637295
1.898907704081616 100565.2750721138
1.899078762412032 100529.5547202169
1.899251275405777 100495.0619529972
1.899424224196437 100461.9591418479
1.899596589917603 100430.4086581621
1.899767353702859 100400.5728733328
1.899935496685796 100372.6141587532
1.9001 100346.6948858162
1.900262143651123 100322.2971320255
1.900424256217856 100298.7610744256
1.900586891693345 100276.0362337206
1.900750604070738 100254.0721306152
1.900915947343182 100232.8182858136
1.901083475503822 100212.2242200202
1.901253742545806 100192.2394539394
1.901427302462281 100172.8135082756
1.901604709246394 100153.8959037332
1.90178651689129 100135.4361610165
1.901973279390118 100117.38380083
1.902165550736024 100099.688343878
1.902363884922154 100082.299310865
1.902568835941656 100065.1662224952
1.902780957787676 100048.2385994731
1.903000804453361 100031.465962503
1.903228929931859 100014.7978322894
1.903465888216314 99998.1837295367
1.903712233299876 99981.57317494914
1.903968519175689 99964.91568923119
1.904235299836902 99948.16079308721
1.904513129276661 99931.25800722162
1.904802561488112 99914.15685233875
1.905104150464403 99896.80684914303
1.90541845019868 99879.1575183388
1.905746014684091 99861.1583806305
1.906087397913781 99842.75895672245
1.906443153880898 99823.9087673191
1.906813836578589 99804.55733312477
1.9072 99784.65417484389
1.907711782764759 99786.34800046906
1.908403364694802 99821.41420419329
1.909191361586739 99874.24233602147
1.909992389237178 99929.22194595844
1.910723063442729 99970.74258400913
1.9113 99983.19380017841
1.911759714077242 99971.85088276687
1.912195065555691 99953.10929607711
1.912607187301437 99928.03885411688
1.91299721218057 99897.70937089404
1.91336627305918 99863.19066041638
1.913715502803356 99825.55253669176
1.914046034279189 99785.86481372794
1.914359000352768 99745.1973055328
1.914655533890183 99704.61982611411
1.914936767757524 99665.20218947972
1.915203834820881 99628.01420963742
1.915457867946343 99594.12570059505
1.9157 99564.60647636039
1.915886546549907 99531.66202174159
1.9161 99512.2691748439
1.916464068489228 99513.93104837991
1.91697173603144 99518.58737086301
1.917617314558897 99526.11990994794
1.918395116003857 99536.41043328952
1.91929945229858 99549.34070854247
1.920324635375326 99564.79250336153
1.921464977166355 99582.64758540149
1.922714789603927 99602.78772231708
1.9240683846203 99625.09468176306
1.925520074147736 99649.45023139424
1.927064170118493 99675.73613886532
1.928694984464831 99703.83417183108
1.93040682911901 99733.6260979463
1.932194016013291 99764.99368486568
1.934050857079931 99797.81870024404
1.935971664251191 99831.98291173612
1.937950749459332 99867.36808699668
1.939982424636612 99903.85599368045
1.942061001715292 99941.32839944222
1.94418079262763 99979.66707193675
1.946336109305887 100018.7537788188
1.948521263682322 100058.4702877431
1.950730567689196 100098.6983663644
1.952958333258767 100139.3197823375
1.955198872323296 100180.2163033172
1.957446496815043 100221.2696969582
1.959695518666266 100262.3617309152
1.961940249809226 100303.374172843
1.964175002176182 100344.1887903965
1.966394087699395 100384.6873512302
1.968591818311123 100424.7516229991
1.970762505943627 100464.2633733578
1.972900462529166 100503.1043699612
1.975 100541.1563804639
1.977193702523292 100581.3394188213
1.979599758004526 100626.250899114
1.982190883983444 100675.2886891842
1.984939797999789 100727.8506568743
1.987819217593302 100783.3346700266
1.990801860303726 100841.1385964836
1.993860443670803 100900.6603040875
1.996967685234276 100961.2976606807
2.000096302533886 101022.4485341056
2.003219013109375 101083.5107922045
2.006308534500485 101143.8823028198
2.00933758424696 101202.9609337938
2.012278879888541 101260.1445529689
2.01510513896497 101314.8310281874
2.017789079015989 101366.4182272917
2.020303417581342 101414.3040181242
2.022620872200769 101457.8862685271
2.024714160414012 101496.5628463429
2.026555999760815 101529.7316194139
2.028119107780919 101556.7904555824
2.029376202014067 101577.1372226909
2.0303 101590.1697885816
2.031041947994966 101597.7137299531
2.031760336262354 101602.4469260752
2.032438148352616 101605.0456986479
2.033058367816209 101606.1863693707
2.033603978203584 101606.5452599434
2.034057963065197 101606.7986920658
2.034403305951502 101607.6229874375
2.034622990412951 101609.6944677583
2.0347 101613.6894547279
2.0347 101625.7136728367
2.0347 101712.7378909456
*END
