*KEYWORD
*DEFINE_CURVE_TITLE
SYNTHETIC screenshot reconstruction absolute pressure
$ LCID SIDR SFA SFO OFFA OFFO DATTYP
26 0 1.0 1.0 0.0 0.0 0
$ Not a CFD solver result; screenshot anchors plus interpolated rows.
$ X in metres; ordinate in metres or absolute pressure in Pa.
$ ABSCISSA ORDINATE
1.4791 103217.8285548617
1.479851735675113 103154.8447917708
1.480724157317516 103094.8397438099
1.481711671244822 103038.286697894
1.482808683774642 102985.6589409381
1.48400960122459 102937.4297598571
1.485308829912277 102894.0724415659
1.486700776155315 102856.0602729795
1.488179846271316 102823.8665410129
1.489740446577894 102797.964532581
1.491376983392658 102778.8275345987
1.493083863033223 102766.9288339811
1.4948554918172 102762.7417176431
1.496686276062202 102766.7394724996
1.498570622085839 102779.3953854655
1.500502936205726 102801.1827434559
1.502477624739473 102832.5748333856
1.504489094004693 102874.0449421697
1.506531750318998 102926.0663567231
1.5086 102989.1123639608
1.51071234126088 103056.8700916255
1.512911411375217 103123.0943360148
1.515227825251226 103188.3598868751
1.517692197797119 103253.2415339531
1.52033514392111 103318.3140669954
1.523187278531413 103384.1522757484
1.52627921653624 103451.330949959
1.529641572843804 103520.4248793735
1.53330496236232 103592.0088537387
1.5373 103666.6576628011
1.542224457603239 103752.6299039175
1.548474587033738 103854.4541247539
1.555778723222672 103967.1100405209
1.563865201101215 104085.5773664288
1.57246235560054 104204.835817688
1.581298521651822 104319.8651095089
1.590102034186235 104425.6449571021
1.598601228134953 104517.1550756779
1.60652443842915 104589.3751804468
1.6136 104637.2849866191
1.619711731351954 104669.877599827
1.625241775432379 104699.6743474494
1.630665953836827 104726.9472773171
1.63646008816085 104751.9684372609
1.6431 104775.0098751115
1.651076798471014 104789.1431138828
1.660411382713937 104788.3974107886
1.670874259359286 104774.4814149597
1.682235935037575 104749.1037755266
1.694266916379319 104713.97314162
1.706737710015032 104670.7981623705
1.719418822575228 104621.2874869089
1.732080760690424 104567.1497643656
1.744494030991133 104510.0936438715
1.756429140107871 104451.8277745572
1.767656594671152 104394.0608055532
1.77794690131149 104338.5013859903
1.787070566659402 104286.858164999
1.7947980973454 104240.8397917101
1.8009 104202.1549152542
1.8060604877428 104167.5890275602
1.811114687291474 104132.8390988279
1.816059475673645 104097.980995594
1.820891729916942 104063.0905843957
1.825608327048989 104028.2437317699
1.830206144097412 103993.5163042534
1.834682058089838 103958.9841683833
1.839032946053892 103924.7231906964
1.843255685017201 103890.8092377296
1.847347152007389 103857.31817602
1.851304224052085 103824.3258721045
1.855123778178912 103791.9081925199
1.858802691415497 103760.1410038033
1.862337840789467 103729.1001724915
1.865726103328447 103698.8615651215
1.868964356060062 103669.5010482303
1.87204947601194 103641.0944883547
1.874978340211706 103613.7177520317
1.877747825686985 103587.4467057983
1.880354809465405 103562.3572161913
1.88279616857459 103538.5251497477
1.885068780042167 103516.0263730044
1.887169520895762 103494.9367524985
1.889095268163 103475.3321547667
1.890842898871508 103457.2884463461
1.892409290048911 103440.8814937736
1.893791318722836 103426.1871635861
1.894985861920909 103413.2813223205
1.895989796670755 103402.2398365138
1.8968 103393.1385727029
1.897504777027824 103385.9466261907
1.898189300872436 103380.3419949666
1.898845750560009 103375.9638995976
1.899466305116718 103372.4515606508
1.900043143568734 103369.4441986931
1.90056844494223 103366.5810342916
1.901034388263381 103363.5012880131
1.901433152558359 103359.8441804247
1.901756916853336 103355.2489320934
1.901997860174487 103349.3547635863
1.902148161547984 103341.8008954702
1.9022 103332.2265483122
1.9022 103308.7411557603
1.9022 103268.2606336057
1.9022 103223.63392563
1.9022 103187.709975615
1.9022 103173.3377273423
1.902063682752588 103174.7995140274
1.901674558973611 103177.6993152894
1.90106237060796 103181.8685445157
1.900256859600525 103187.1386150941
1.899287767896195 103193.340940412
1.89818483743986 103200.3069338568
1.896977810176411 103207.8680088162
1.895696428050736 103215.8555786776
1.894370433007727 103224.1010568286
1.893029566992273 103232.4358566566
1.891703571949264 103240.6913915492
1.890422189823589 103248.699074894
1.88921516256014 103256.2903200784
1.888112232103805 103263.2965404899
1.887143140399475 103269.5491495162
1.88633762939204 103274.8795605446
1.885725441026389 103279.1191869628
1.885336317247412 103282.0994421581
1.8852 103283.6517395183
1.8852 103267.0088666035
1.8852 103217.2790918783
1.8852 103137.1070500862
1.8852 103029.1373759708
1.8852 102896.0147042759
1.8852 102740.3836697451
1.8852 102564.8889071219
1.8852 102372.1750511502
1.8852 102164.8867365734
1.8852 101945.6685981352
1.8852 101717.1652705793
1.8852 101482.0213886492
1.8852 101242.8815870887
1.8852 101002.3905006414
1.8852 100763.1927640509
1.8852 100527.9330120609
1.8852 100299.255879415
1.8852 100079.8060008568
1.8852 99872.22801112999
1.8852 99679.16654497817
1.8852 99503.26623714504
1.8852 99347.17172237419
1.8852 99213.52763540926
1.8852 99104.97861099393
1.8852 99024.16928387179
1.8852 98973.7442887865
1.8852 98956.34826048171
1.885336317247412 98956.88237615756
1.885725441026389 98958.37105476984
1.88633762939204 98960.64379369562
1.887143140399475 98963.53009031204
1.888112232103805 98966.85944199614
1.88921516256014 98970.46134612507
1.890422189823589 98974.16530007593
1.891703571949264 98977.80080122576
1.893029566992273 98981.1973469517
1.894370433007727 98984.18443463085
1.895696428050736 98986.59156164028
1.89697781017641 98988.24822535712
1.89818483743986 98988.98392315845
1.899287767896195 98988.62815242137
1.900256859600525 98987.01041052297
1.90106237060796 98983.96019484034
1.901674558973611 98979.30700275063
1.902063682752588 98972.88033163086
1.9022 98964.50967885816
1.9022 98911.96998215879
1.9022 98889.43028545941
1.9022 98816.89058876004
1.9022 98524.35089206065
1.9022 98561.81119536128
1.9019 98827.58103479036
1.901473764201487 98821.49282501981
1.901008443436166 98814.63456878177
1.900502608569841 98806.99329758054
1.899954830468316 98798.55604292036
1.899363679997394 98789.30983630547
1.89872772802288 98779.24170924014
1.898045545410577 98768.33869322865
1.897315703026289 98756.58781977522
1.896536771735819 98743.9761203841
1.895707322404973 98730.49062655961
1.894825925899552 98716.11836980593
1.893891153085361 98700.84638162737
1.892901574828205 98684.66169352816
1.891855761993886 98667.55133701256
1.890752285448208 98649.50234358481
1.889589716056975 98630.50174474921
1.888366624685991 98610.53657200998
1.887081582201061 98589.5938568714
1.885733159467986 98567.66063083771
1.884319927352572 98544.72392541317
1.882840456720623 98520.77077210203
1.881293318437941 98495.78820240858
1.87967708337033 98469.76324783702
1.877990322383595 98442.68293989166
1.876231606343539 98414.53431007673
1.874399506115967 98385.30438989647
1.872492592566681 98354.98021085518
1.870509436561485 98323.54880445708
1.868448608966184 98290.99720220643
1.866308680646582 98257.3124356075
1.864088222468481 98222.48153616456
1.861785805297686 98186.49153538185
1.8594 98149.32946476361
1.856310890119993 98101.81289671335
1.852026077680947 98036.86255391347
1.846735411266738 97957.62019328651
1.840628739461238 97867.22757175502
1.833895910848323 97768.82644624154
1.826726774011868 97665.55857366865
1.819311177535746 97560.56571095886
1.811838970003832 97456.98961503476
1.8045 97357.97204281892
1.796983102179752 97258.92899101805
1.788917853248729 97154.55516826479
1.780405214866018 97046.91039937043
1.771546148690704 96938.0545091463
1.762441616381872 96830.04732240371
1.753192579598609 96724.94866395397
1.7439 96624.81835860839
1.734381113316402 96525.29677822503
1.72449617649311 96424.07508954364
1.714410683011617 96326.28930969797
1.704290126353417 96237.07545582185
1.6943 96161.56954504906
1.684454536143907 96094.08884961883
1.674643304480354 96028.00955666862
1.664844804744847 95967.05605567974
1.655037536672894 95914.95273613351
1.6452 95875.42398751115
1.635255526638766 95849.35730466373
1.62521838519013 95834.35653379488
1.615203480422112 95829.22059141488
1.605325717102729 95832.74839403396
1.5957 95843.73885816235
1.585985082163669 95877.97138504681
1.576096917377082 95943.81919221455
1.566536211508661 96028.97192059665
1.557803670426827 96121.1192111241
1.5504 96207.95070472792
1.54442447289398 96288.12293401803
1.5395 96371.69152542372
1.535374266078023 96467.25003017935
1.531751600927163 96573.42538019997
1.528353135312721 96680.055928167
1.5249 96776.98002676183
1.521196349991472 96866.76822996275
1.517430359884018 96957.73511864259
1.513899189834556 97048.33508582452
1.5109 97137.02252453167
1.508439481056489 97235.59623762306
1.506263418779224 97352.94693791083
1.504277615973714 97483.16688334786
1.502387875445469 97620.34833188691
1.5005 97758.58354148082
1.498551553226227 97907.75813552027
1.496600670041376 98072.62322146063
1.494734010243411 98239.56928335184
1.493038233630298 98394.9868052438
1.4916 98525.26627118644
1.49041576012183 98626.95133394159
1.489383971012971 98712.61401520338
1.488444301843197 98792.68735242038
1.487536421782282 98877.60438304101
1.4866 98977.79814451383
1.485657573693783 99104.52883263311
1.4847 99264.35640499555
1.483690195420343 99469.58120476265
1.482636678192802 99726.92416467248
1.4815 100031.3988492418
1.4802 100439.2798572703
1.4791 100842.2799107939
1.4782 101229.5963639608
1.4774 101601.0882114184
1.4767 101956.5168287244
1.4762 102295.8822158787
1.4757 102609.0976003568
1.4754 102886.1955218555
1.4751 103147.2302132025
1.4748 103362.3535263158
1.4746 103551.6413871543
1.4745 103715.5601980375
1.4744 103844.1208055308
1.4743 103947.6919928635
1.4743 104041.7209052632
1.4742 104115.8799764496
1.4742 104180.0000000467
1.4742 104224.1232775201
1.4743 104258.2790947368
1.4743 104272.3080071365
1.4744 104275.8900410348
1.4745 104264.4398019625
1.4746 104238.3911525424
1.4748 104187.6790133809
1.475 104122.7914799286
1.4754 104033.8044781445
1.4757 103930.8590133809
1.4762 103804.0527047279
1.4767 103673.4289384478
1.4774 103518.9009420161
1.4782 103370.4904085638
1.4791 103217.8285548617
2.0347 101902.0376726137
2.0347 101902.0376726137
2.0347 101817.9623273863
2.0347 101702.7636767228
2.0347 101589.8116369313
2.034635632747493 101513.9143079061
2.03444496925611 101444.9286259986
2.034131666925053 101382.1676785111
2.033699383153529 101324.9445527459
2.033151775340742 101272.5723360052
2.032492500885897 101224.3641155913
2.031725217188197 101179.6329788065
2.030853581646848 101137.6920129529
2.029881251661056 101097.854305333
2.028811884630023 101059.4329432489
2.027649137952956 101021.7410140029
2.026396669029058 100984.0916048973
2.025058135257534 100945.7978032343
2.023637194037589 100906.1726963162
2.022137502768426 100864.5293714453
2.020562718849253 100820.1809159238
2.018916499679273 100772.440417054
2.017202502657689 100720.6209621382
2.015424385183709 100664.0356384785
2.013585804656535 100601.9975333774
2.011690418475372 100533.8197341371
2.009741884039426 100458.8153280597
2.0077438587479 100376.2974024476
2.0057 100285.579044603
2.003103877714197 100161.6573940287
1.999598236677489 99988.61018131579
1.995410496591872 99779.37138039952
1.990768077159341 99546.87496521513
1.985898398081893 99304.05490969773
1.981028879061524 99063.84518778256
1.976386939800227 98839.17977340476
1.9722 98642.99264049955
1.968160196731171 98460.74511960994
1.963901278945489 98272.76662482828
1.959563084167073 98084.29325541374
1.955285449920046 97900.56111062557
1.95120821372853 97726.80628972291
1.947471213116645 97568.26489196499
1.944214285608514 97430.17301661102
1.941577268728259 97317.76676292018
1.9397 97236.28223015166
1.938276718263103 97173.01156060318
1.936907728237056 97111.74802800779
1.935591966266167 97052.4794287776
1.934328368694742 96995.19355932483
1.933115871867089 96939.87821606161
1.931953412127515 96886.52119540013
1.930839925820327 96835.11029375247
1.929774349289832 96785.63330753084
1.928755618880337 96738.07803314742
1.92778267093615 96692.4322670143
1.926854441801578 96648.68380554374
1.925969867820927 96606.82044514782
1.925127885338506 96566.82998223873
1.92432743069862 96528.70021322863
1.923567440245578 96492.41893452965
1.922846850323686 96457.97394255399
1.922164597277252 96425.35303371378
1.921519617450582 96394.54400442119
1.920910847187985 96365.53465108838
1.920337222833766 96338.31277012749
1.919797680732234 96312.86615795072
1.919291157227694 96289.18261097019
1.918816588664456 96267.24992559809
1.918372911386825 96247.05589824654
1.917959061739109 96228.58832532776
1.917573976065614 96211.83500325384
1.91721659071065 96196.78372843697
1.91688584201852 96183.42229728933
1.916580666333535 96171.73850622306
1.9163 96161.72015165031
1.9161 96164.88681534345
1.915864195949796 96183.98350026672
1.915617820906621 96213.50617706864
1.915360538639739 96251.91090252536
1.915092012918413 96297.65373341294
1.914811907511907 96349.19072650753
1.914519886189487 96404.97793858519
1.914215612720413 96463.47142642204
1.913898750873951 96523.12724679423
1.913568964419365 96582.4014564778
1.913225917125917 96639.75011224889
1.912869272762873 96693.6292708836
1.912498695099495 96742.49498915803
1.912113847905048 96784.80332384829
1.911714394948795 96819.01033173049
1.9113 96843.57206958072
1.910821607866402 96859.64289302421
1.910249939023384 96871.03153846494
1.909614320741679 96880.17563384739
1.908944080292019 96889.51280711594
1.908268544945134 96901.48068621493
1.907617041971759 96918.51689908881
1.907018898642623 96943.05907368199
1.906503442228459 96977.54483793884
1.9061 97024.41181980375
1.90577300818716 97077.03790541066
1.905466362996439 97127.40843187534
1.905178581663439 97175.87220361509
1.904908181423763 97222.77802504708
1.904653679513015 97268.47470058862
1.904413593166798 97313.31103465689
1.904186439620715 97357.63583166913
1.903970736110369 97401.79789604263
1.903764999871365 97446.14603219459
1.903567748139305 97491.02904454226
1.903377498149792 97536.79573750289
1.903192767138431 97583.79491549369
1.903012072340823 97632.37538293196
1.902833930992573 97682.88594423486
1.902656860329283 97735.67540381968
1.902479377586558 97791.09256610366
1.9023 97849.48623550401
1.902117113763451 97911.1519501029
1.901930454753602 97976.06895069637
1.90174056473033 98044.11159577267
1.90154798545351 98115.15424382007
1.90135325868302 98189.07125332678
1.901156926178737 98265.73698278106
1.900959529700537 98345.02579067113
1.900761611008296 98426.81203548523
1.900563711861892 98510.97007571161
1.900366374021201 98597.37426983847
1.900170139246101 98685.8989763541
1.899975549296466 98776.41855374668
1.899783145932175 98868.80736050449
1.899593470913103 98962.93975511577
1.899407065999129 99058.69009606873
1.899224472950128 99155.9327418516
1.899046233525976 99254.54205095267
1.898872889486551 99354.39238186013
1.898704982591729 99455.35809306221
1.898543054601388 99557.31354304717
1.898387647275402 99660.13309030325
1.898239302373651 99763.6910933187
1.898098561656009 99867.86191058172
1.897965966882354 99972.51990058056
1.897842059812562 100077.5394218035
1.897727382206511 100182.7948327387
1.897622475824076 100288.1604918744
1.897527882425134 100393.5107576989
1.897444143769563 100498.7199887005
1.897371801617238 100603.6625433672
1.897311397728037 100708.2127801875
1.897263473861836 100812.2450576495
1.897228571778511 100915.6337342414
1.897207233237941 101018.2531684515
1.8972 101119.9777187681
1.897209217885099 101223.2744458084
1.897236192296123 101330.3778607965
1.897279904366657 101440.8134981307
1.897339335230292 101554.1068922091
1.897413466020613 101669.78357743
1.89750127787121 101787.3690881918
1.897601751915669 101906.3889588926
1.897713869287579 102026.3687239307
1.897836611120528 102146.8339177044
1.897968958548102 102267.3100746119
1.898109892703891 102387.3227290515
1.898258394721481 102506.3974154214
1.898413445734461 102624.0596681199
1.898574026876418 102739.8350215453
1.898739119280941 102853.2490100958
1.898907704081616 102963.8271681696
1.899078762412032 103071.095030165
1.899251275405777 103174.5781304804
1.899424224196437 103273.8020035138
1.899596589917603 103368.2921836636
1.899767353702859 103457.5742053281
1.899935496685796 103541.1736029054
1.9001 103618.6159107939
1.900262143651123 103691.3054781103
1.900424256217856 103761.0835527771
1.900586891693345 103828.1310174011
1.900750604070738 103892.6287545891
1.900915947343182 103954.7576469482
1.901083475503822 104014.6985770851
1.901253742545806 104072.6324276067
1.901427302462281 104128.74008112
1.901604709246394 104183.2024202317
1.90178651689129 104236.2003275487
1.901973279390118 104287.914685678
1.902165550736024 104338.5263772263
1.902363884922154 104388.2162848007
1.902568835941656 104437.1652910078
1.902780957787676 104485.5542784547
1.903000804453361 104533.5641297482
1.903228929931859 104581.3757274951
1.903465888216314 104629.1699543023
1.903712233299876 104677.1276927767
1.903968519175689 104725.4298255253
1.904235299836902 104774.2572351547
1.904513129276661 104823.790804272
1.904802561488112 104874.211415484
1.905104150464403 104925.6999513976
1.90541845019868 104978.4372946196
1.905746014684091 105032.6043277569
1.906087397913781 105088.3819334164
1.906443153880898 105145.950994205
1.906813836578589 105205.4923927295
1.9072 105267.1870115968
1.907711782764759 105370.5593071826
1.908403364694802 105533.0693894233
1.909191361586739 105721.8016212666
1.909992389237178 105903.8403656601
1.910723063442729 106046.2699855518
1.9113 106116.1748438894
1.911759714077242 106132.4704735346
1.912195065555691 106136.9068760419
1.912607187301437 106130.8201173977
1.91299721218057 106115.5462635885
1.91336627305918 106092.4213806009
1.913715502803356 106062.7815344213
1.914046034279189 106027.9627910363
1.914359000352768 105989.3012164324
1.914655533890183 105948.1328765961
1.914936767757524 105905.7938375138
1.915203834820881 105863.6201651721
1.915457867946343 105822.9479255575
1.9157 105785.1131846566
1.915886546549907 105740.9648466245
1.9161 105714.6070115968
1.916464068489228 105711.715027167
1.91697173603144 105703.9446828796
1.917617314558897 105691.485501618
1.918395116003857 105674.5270062654
1.91929945229858 105653.2587197049
1.920324635375326 105627.8701648198
1.921464977166355 105598.5508644933
1.922714789603927 105565.4903416087
1.9240683846203 105528.878119049
1.925520074147736 105488.9037196977
1.927064170118493 105445.7566664378
1.928694984464831 105399.6264821526
1.93040682911901 105350.7026897253
1.932194016013291 105299.1748120392
1.934050857079931 105245.2323719774
1.935971664251191 105189.0648924232
1.937950749459332 105130.8618962598
1.939982424636612 105070.8129063704
1.942061001715292 105009.1074456382
1.94418079262763 104945.9350369465
1.946336109305887 104881.4852031785
1.948521263682322 104815.9474672173
1.950730567689196 104749.5113519463
1.952958333258767 104682.3663802485
1.955198872323296 104614.7020750074
1.957446496815043 104546.707959106
1.959695518666266 104478.5735554275
1.961940249809226 104410.4883868553
1.964175002176182 104342.6419762725
1.966394087699395 104275.2238465623
1.968591818311123 104208.423520608
1.970762505943627 104142.4305212928
1.972900462529166 104077.4343714998
1.975 104013.6245941124
1.977193702523292 103946.519895699
1.979599758004526 103872.1048675436
1.982190883983444 103791.2678596023
1.984939797999789 103704.8972218311
1.987819217593302 103613.8813041864
1.990801860303726 103519.1084566242
1.993860443670803 103421.4670291007
1.996967685234276 103321.8453715721
2.000096302533886 103221.1318339945
2.003219013109375 103120.2147663241
2.006308534500485 103019.982518517
2.00933758424696 102921.3234405293
2.012278879888541 102825.1258823174
2.01510513896497 102732.2781938372
2.017789079015989 102643.668725045
2.020303417581342 102560.1858258969
2.022620872200769 102482.717846349
2.024714160414012 102412.1531363576
2.026555999760815 102349.3800458788
2.028119107780919 102295.2869248687
2.029376202014067 102250.7621232835
2.0303 102216.6939910794
2.031041947994966 102191.5351397999
2.031760336262354 102171.7645668426
2.032438148352616 102155.3102009445
2.033058367816209 102140.0999708425
2.033603978203584 102124.0618052736
2.034057963065197 102105.1236329748
2.034403305951502 102081.213382683
2.034622990412951 102050.2589831354
2.0347 102010.1883630687
2.0347 101906.1130178412
2.0347 101902.0376726137
*END
