*KEYWORD
*DEFINE_CURVE_TITLE
SYNTHETIC screenshot reconstruction absolute pressure
$ LCID SIDR SFA SFO OFFA OFFO DATTYP
26 0 1.0 1.0 0.0 0.0 0
$ Not a CFD solver result; screenshot anchors plus interpolated rows.
$ X in metres; ordinate in metres or absolute pressure in Pa.
$ ABSCISSA ORDINATE
1.4791 98506.5143354148
1.479851735675113 98048.82869862308
1.480724157317516 97598.51199000755
1.481711671244822 97155.97916204869
1.482808683774642 96721.64516722703
1.48400960122459 96295.9249580231
1.485308829912277 95879.23348691741
1.486700776155315 95471.98570639046
1.488179846271316 95074.5965689228
1.489740446577894 94687.48102699491
1.491376983392658 94311.0540330873
1.493083863033223 93945.73053968056
1.4948554918172 93591.92549925513
1.496686276062202 93250.05386429153
1.498570622085839 92920.5305872703
1.500502936205726 92603.77062067197
1.502477624739473 92300.18891697703
1.504489094004693 92010.20042866601
1.506531750318998 91734.22010821941
1.5086 91472.66290811775
1.51071234126088 91222.62183405043
1.512911411375217 90980.08131223536
1.515227825251226 90743.79342594589
1.517692197797119 90512.51025845532
1.52033514392111 90284.98389303708
1.523187278531413 90059.96641296441
1.52627921653624 89836.20990151071
1.529641572843804 89612.46644194932
1.53330496236232 89387.48811755357
1.5373 89160.02701159679
1.542224457603239 88916.75507866679
1.548474587033738 88652.0857694508
1.555778723222672 88376.3834113715
1.563865201101215 88100.0123318515
1.57246235560054 87833.33685831337
1.581298521651822 87586.72131817974
1.590102034186235 87370.53003887326
1.598601228134953 87195.12734781654
1.60652443842915 87070.87757243215
1.6136 87008.14504014273
1.619711731351954 86980.8198670688
1.625241775432379 86958.26549622315
1.630665953836827 86944.05624536672
1.63646008816085 86941.7664322605
1.6431 86954.97037466547
1.651076798471014 87010.94706460075
1.660411382713937 87129.17507160491
1.670874259359286 87301.52807971825
1.682235935037575 87519.87977298093
1.694266916379319 87776.10383543327
1.706737710015032 88062.07395111542
1.719418822575228 88369.66380406768
1.732080760690424 88690.74707833026
1.744494030991133 89017.1974579434
1.756429140107871 89340.88862694736
1.767656594671152 89653.69426938232
1.77794690131149 89947.48806928856
1.787070566659402 90214.14371070632
1.7947980973454 90445.53487767582
1.8009 90633.53525423729
1.8060604877428 90796.85195239671
1.811114687291474 90959.43349370209
1.816059475673645 91121.01567650669
1.820891729916942 91281.33429916388
1.825608327048989 91440.12516002687
1.830206144097412 91597.12405744904
1.834682058089838 91752.06678978364
1.839032946053892 91904.68915538395
1.843255685017201 92054.72695260329
1.847347152007389 92201.91597979495
1.851304224052085 92345.99203531224
1.855123778178912 92486.69091750841
1.858802691415497 92623.74842473684
1.862337840789467 92756.90035535074
1.865726103328447 92885.88250770346
1.868964356060062 93010.43068014825
1.87204947601194 93130.28067103845
1.874978340211706 93245.16827872732
1.877747825686985 93354.8293015682
1.880354809465405 93458.99953791434
1.88279616857459 93557.41478611904
1.885068780042167 93649.81084453563
1.887169520895762 93735.92351151739
1.889095268163 93815.48858541761
1.890842898871508 93888.2418645896
1.892409290048911 93953.91914738661
1.893791318722836 94012.25623216199
1.894985861920909 94062.98891726902
1.895989796670755 94105.85300106098
1.8968 94140.58428189116
1.897504777027824 94168.26458200705
1.898189300872436 94190.88181524081
1.898845750560009 94209.53091732289
1.899466305116718 94225.30682398373
1.900043143568734 94239.30447095378
1.90056844494223 94252.61879396343
1.901034388263381 94266.3447287431
1.901433152558359 94281.57721102325
1.901756916853336 94299.41117653431
1.901997860174487 94320.94156100674
1.902148161547984 94347.26330017092
1.9022 94379.47132975732
1.9022 94453.24994625326
1.9022 94577.86399971668
1.9022 94714.77925623387
1.9022 94825.46148189122
1.9022 94871.37644277497
1.902063682752588 94869.68973667058
1.901674558973611 94863.60202215177
1.90106237060796 94853.63165648737
1.900256859600525 94840.29699694629
1.899287767896195 94824.11640079733
1.89818483743986 94805.60822530938
1.896977810176411 94785.29082775128
1.895696428050736 94763.68256539188
1.894370433007727 94741.30179550004
1.893029566992273 94718.6668753446
1.891703571949264 94696.29616219444
1.890422189823589 94674.70801331839
1.88921516256014 94654.42078598533
1.888112232103805 94635.95283746408
1.887143140399475 94619.82252502351
1.88633762939204 94606.54820593249
1.885725441026389 94596.64823745984
1.885336317247412 94590.64097687443
1.8852 94589.04478144513
1.8852 94642.1955324381
1.8852 94794.77892068583
1.8852 95038.83801780679
1.8852 95366.41589541934
1.8852 95769.55562514195
1.8852 96240.30027859301
1.8852 96770.69292739095
1.8852 97352.77664315417
1.8852 97978.59449750111
1.8852 98640.18956205016
1.8852 99329.60490841974
1.8852 100038.8836082283
1.8852 100760.0687330942
1.8852 101485.2033546359
1.8852 102206.3305444719
1.8852 102915.4933742204
1.8852 103604.7349155
1.8852 104266.0982399291
1.8852 104891.626419126
1.8852 105473.3625247092
1.8852 106003.3496282971
1.8852 106473.6308015082
1.8852 106876.2491159607
1.8852 107203.2476432733
1.8852 107446.6694550642
1.8852 107598.5576229519
1.8852 107650.9552185549
1.885336317247412 107648.3408414413
1.885725441026389 107640.8420042728
1.88633762939204 107628.9751483077
1.887143140399475 107613.2567148047
1.888112232103805 107594.203145022
1.88921516256014 107572.3308802181
1.890422189823589 107548.1563616515
1.891703571949264 107522.1960305806
1.893029566992273 107494.9663282637
1.894370433007727 107466.9836959594
1.895696428050736 107438.764574926
1.89697781017641 107410.825406422
1.89818483743986 107383.6826317059
1.899287767896195 107357.852692036
1.900256859600525 107333.8520286708
1.90106237060796 107312.1970828687
1.901674558973611 107293.4042958882
1.902063682752588 107277.9901089877
1.9022 107266.4709634255
1.9022 107344.0900535236
1.9022 107451.7091436218
1.9022 107509.3282337199
1.9022 107346.947323818
1.9022 107514.5664139162
1.9019 107797.2568956289
1.901473764201487 107815.0818666497
1.901008443436166 107834.3421127269
1.900502608569841 107855.0832177017
1.899954830468316 107877.3507654149
1.899363679997394 107901.1903397076
1.89872772802288 107926.6475244208
1.898045545410577 107953.7679033956
1.897315703026289 107982.5970604729
1.896536771735819 108013.1805794938
1.895707322404973 108045.5640442993
1.894825925899552 108079.7930387303
1.893891153085361 108115.9131466281
1.892901574828205 108153.9699518334
1.891855761993886 108194.0090381874
1.890752285448208 108236.075989531
1.889589716056975 108280.2163897054
1.888366624685991 108326.4758225514
1.887081582201061 108374.8998719102
1.885733159467986 108425.5341216227
1.884319927352572 108478.42415553
1.882840456720623 108533.615557473
1.881293318437941 108591.1539112928
1.87967708337033 108651.0848008304
1.877990322383595 108713.4538099268
1.876231606343539 108778.3065224231
1.874399506115967 108845.6885221602
1.872492592566681 108915.6453929792
1.870509436561485 108988.2227187211
1.868448608966184 109063.4660832268
1.866308680646582 109141.4210703375
1.864088222468481 109222.1332638941
1.861785805297686 109305.6482477377
1.8594 109392.0116057092
1.856310890119993 109501.7433150975
1.852026077680947 109650.4416124833
1.846735411266738 109830.7694706455
1.840628739461238 110035.3898623631
1.833895910848323 110256.9657604149
1.826726774011868 110488.16013758
1.819311177535746 110721.6359666371
1.811838970003832 110950.0562203652
1.8045 111166.0838715433
1.796983102179752 111380.2239598905
1.788917853248729 111604.2918567217
1.780405214866018 111832.9160322094
1.771546148690704 112060.7249565261
1.762441616381872 112282.3470998443
1.753192579598609 112492.4109323363
1.7439 112685.5449241748
1.734381113316402 112872.4090201636
1.72449617649311 113058.2727958852
1.714410683011617 113229.6791676803
1.704290126353417 113373.1710518893
1.6943 113475.2913648528
1.684454536143907 113552.3760317887
1.674643304480354 113622.94423322
1.664844804744847 113676.8137684446
1.655037536672894 113703.8024367607
1.6452 113693.7280374666
1.635255526638766 113640.1354934163
1.62521838519013 113549.5526208376
1.615203480422112 113431.2715590886
1.605325717102729 113294.5844475277
1.5957 113148.7834255129
1.585985082163669 112941.9287576029
1.576096917377082 112643.6267171417
1.566536211508661 112295.4884566658
1.557803670426827 111939.1251287118
1.5504 111616.1478858162
1.54442447289398 111322.5803504883
1.5395 111044.9254237288
1.535374266078023 110808.249909462
1.531751600927163 110599.7238594001
1.528353135312721 110389.832215499
1.5249 110149.0599197145
1.521196349991472 109860.9453101118
1.517430359884018 109546.7946440722
1.513899189834556 109233.7447425264
1.5109 108948.932426405
1.508439481056489 108714.1941442737
1.506263418779224 108520.907757696
1.504277615973714 108350.5222070993
1.502387875445469 108184.4864329107
1.5005 108004.2493755575
1.498551553226227 107805.2088587453
1.496600670041376 107600.1515601079
1.494734010243411 107396.6097009649
1.493038233630298 107202.1155026359
1.4916 107024.2011864407
1.49041576012183 106865.5882991524
1.489383971012971 106720.1950614026
1.488444301843197 106582.3487052989
1.487536421782282 106446.3764629484
1.4866 106306.6055664585
1.485657573693783 106173.1087091028
1.4847 106046.9307850134
1.483690195420343 105935.2077076005
1.482636678192802 105842.51629824
1.4815 105745.8034522748
1.4802 105642.1604281891
1.4791 105553.1602676182
1.4782 105471.2109081177
1.4774 105396.7353657449
1.4767 105330.4495138269
1.4762 105272.353352364
1.4757 105212.7071989295
1.4754 105141.4134344335
1.4751 105078.3093603925
1.4748 104992.9394210526
1.4746 104905.075838537
1.4745 104813.3194058876
1.4744 104707.6375834077
1.4743 104596.9240214095
1.4743 104474.8372842105
1.4742 104332.3600706512
1.4742 104179.99999986
1.4742 104007.6301674398
1.4743 103825.1627157895
1.4743 103623.0759785905
1.4744 103412.3298768956
1.4745 103166.6805941124
1.4746 102884.8265423729
1.4748 102556.9629598573
1.475 102191.6255602141
1.4754 101778.5865655665
1.4757 101327.4229598573
1.4762 100827.8418858162
1.4767 100299.7131846566
1.4774 99723.29717395183
1.4782 99128.52877430865
1.4791 98506.5143354148
2.0347 101805.9515637823
2.0347 101805.9515637823
2.0347 101914.0484362177
2.0347 102001.5209711202
2.0347 102070.2421810883
2.034635632747493 102137.9087821335
2.03444496925611 102200.1067185485
2.034131666925053 102257.415857952
2.033699383153529 102310.4160679625
2.033151775340742 102359.6872161988
2.032492500885897 102405.8091702795
2.031725217188197 102449.3617978232
2.030853581646848 102490.9249664485
2.029881251661056 102531.0785437741
2.028811884630023 102570.4023974186
2.027649137952956 102609.4763950008
2.026396669029058 102648.8804041391
2.025058135257534 102689.1942924522
2.023637194037589 102730.9979275589
2.022137502768426 102774.8711770776
2.020562718849253 102821.3939086272
2.018916499679273 102871.1459898261
2.017202502657689 102924.7072882931
2.015424385183709 102982.6576716467
2.013585804656535 103045.5770075057
2.011690418475372 103114.0451634886
2.009741884039426 103188.6420072141
2.0077438587479 103269.9474063009
2.0057 103358.5412283675
2.003103877714197 103475.7581672484
1.999598236677489 103635.3309908414
1.995410496591872 103826.4366778611
1.990768077159341 104038.2522070216
1.985898398081893 104259.9545570372
1.981028879061524 104480.7207066222
1.976386939800227 104689.727634491
1.9722 104876.1523193577
1.968160196731171 105054.4386830537
1.963901278945489 105241.9612275953
1.959563084167073 105432.2928019743
1.955285449920046 105619.0062551825
1.95120821372853 105795.6744362118
1.947471213116645 105955.870194054
1.944214285608514 106093.166377701
1.941577268728259 106201.1358361445
1.9397 106273.3514183764
1.938276718263103 106324.2367058984
1.936907728237056 106372.5580436864
1.935591966266167 106418.4024259441
1.934328368694742 106461.8568468751
1.933115871867089 106503.008300683
1.931953412127515 106541.9437815715
1.930839925820327 106578.7502837441
1.929774349289832 106613.5148014045
1.928755618880337 106646.3243287563
1.92778267093615 106677.265860003
1.926854441801578 106706.4263893483
1.925969867820927 106733.8929109959
1.925127885338506 106759.7524191493
1.92432743069862 106784.0919080121
1.923567440245578 106806.998371788
1.922846850323686 106828.5588046805
1.922164597277252 106848.8602008934
1.921519617450582 106867.9895546301
1.920910847187985 106886.0338600943
1.920337222833766 106903.0801114896
1.919797680732234 106919.2153030197
1.919291157227694 106934.5264288881
1.918816588664456 106949.1004832985
1.918372911386825 106963.0244604545
1.917959061739109 106976.3853545596
1.917573976065614 106989.2701598176
1.91721659071065 107001.7658704319
1.91688584201852 107013.9594806063
1.916580666333535 107025.9379845443
1.9163 107037.7883764496
1.9161 107056.5740945584
1.915864195949796 107073.7837409292
1.915617820906621 107097.7238728949
1.915360538639739 107126.9684034636
1.915092012918413 107160.0912456434
1.914811907511907 107195.6663124423
1.914519886189487 107232.2675168684
1.914215612720413 107268.4687719296
1.913898750873951 107302.8439906342
1.913568964419365 107333.96708599
1.913225917125917 107360.4119710052
1.912869272762873 107380.7525586878
1.912498695099495 107393.5627620459
1.912113847905048 107397.4164940875
1.911714394948795 107390.8876678206
1.9113 107372.5501962533
1.910821607866402 107322.1013088121
1.910249939023384 107227.6312122538
1.909614320741679 107100.3032855824
1.908944080292019 106951.2809078018
1.908268544945134 106791.7274579157
1.907617041971759 106632.8063149281
1.907018898642623 106485.6808578429
1.906503442228459 106361.514465664
1.9061 106271.4705173952
1.90577300818716 106204.6493842152
1.905466362996439 106142.2790556571
1.905178581663439 106083.7143382558
1.904908181423763 106028.3100385466
1.904653679513015 105975.4209630645
1.904413593166798 105924.4019183446
1.904186439620715 105874.6077109222
1.903970736110369 105825.3931473322
1.903764999871365 105776.1130341099
1.903567748139305 105726.1221777903
1.903377498149792 105674.7753849086
1.903192767138431 105621.4274619999
1.903012072340823 105565.4332155993
1.902833930992573 105506.147452242
1.902656860329283 105442.924978463
1.902479377586558 105375.1206007975
1.9023 105302.0891257805
1.902117113763451 105224.0678663415
1.901930454753602 105141.8318732601
1.90174056473033 105055.5425598471
1.90154798545351 104965.3613394133
1.90135325868302 104871.4496252694
1.901156926178737 104773.9688307263
1.900959529700537 104673.0803690948
1.900761611008296 104568.9456536856
1.900563711861892 104461.7260978095
1.900366374021201 104351.5831147773
1.900170139246101 104238.6781178999
1.899975549296466 104123.1725204879
1.899783145932175 104005.2277358522
1.899593470913103 103885.0051773035
1.899407065999129 103762.6662581527
1.899224472950128 103638.3723917106
1.899046233525976 103512.2849912879
1.898872889486551 103384.5654701953
1.898704982591729 103255.3752417438
1.898543054601388 103124.8757192441
1.898387647275402 102993.2283160069
1.898239302373651 102860.5944453431
1.898098561656009 102727.1355205635
1.897965966882354 102593.0129549788
1.897842059812562 102458.3881618998
1.897727382206511 102323.4225546373
1.897622475824076 102188.2775465022
1.897527882425134 102053.1145508051
1.897444143769563 101918.0949808569
1.897371801617238 101783.3802499684
1.897311397728037 101649.1317714503
1.897263473861836 101515.5109586134
1.897228571778511 101382.6792247686
1.897207233237941 101250.7979832266
1.8972 101120.0286472982
1.897209217885099 100987.054990221
1.897236192296123 100848.8738908028
1.897279904366657 100706.1164207101
1.897339335230292 100559.4136516091
1.897413466020613 100409.396655166
1.89750127787121 100256.6965030471
1.897601751915669 100101.9442669188
1.897713869287579 99945.77101844725
1.897836611120528 99788.80782929882
1.897968958548102 99631.68577113979
1.898109892703891 99475.03591563638
1.898258394721481 99319.48933445496
1.898413445734461 99165.67709926174
1.898574026876418 99014.23028172304
1.898739119280941 98865.77995350516
1.898907704081616 98720.95718627435
1.899078762412032 98580.39305169691
1.899251275405777 98444.71862143913
1.899424224196437 98314.56496716727
1.899596589917603 98190.56316054764
1.899767353702859 98073.34427324653
1.899935496685796 97963.5393769302
1.9001 97861.77954326494
1.900262143651123 97766.11726145497
1.900424256217856 97674.04016044161
1.900586891693345 97585.33202149674
1.900750604070738 97499.77662589223
1.900915947343182 97417.15775490001
1.901083475503822 97337.25918979196
1.901253742545806 97259.86471183997
1.901427302462281 97184.75810231594
1.901604709246394 97111.72314249178
1.90178651689129 97040.54361363934
1.901973279390118 96971.00329703058
1.902165550736024 96902.88597393731
1.902363884922154 96835.97542563149
1.902568835941656 96770.05543338502
1.902780957787676 96704.90977846977
1.903000804453361 96640.32224215762
1.903228929931859 96576.07660572046
1.903465888216314 96511.95665043023
1.903712233299876 96447.74615755879
1.903968519175689 96383.22890837805
1.904235299836902 96318.18868415989
1.904513129276661 96252.40926617623
1.904802561488112 96185.67443569892
1.905104150464403 96117.76797399991
1.90541845019868 96048.47366235105
1.905746014684091 95977.57528202425
1.906087397913781 95904.85661429141
1.906443153880898 95830.10144042442
1.906813836578589 95753.09354169517
1.9072 95673.61669937556
1.907711782764759 95615.2068166911
1.908403364694802 95592.50866862506
1.909191361586739 95591.96934408587
1.909992389237178 95600.03593198194
1.910723063442729 95603.15552122171
1.9113 95587.77520071364
1.911759714077242 95553.79959911523
1.912195065555691 95511.15570600601
1.912607187301437 95461.3241516774
1.91299721218057 95405.78556642083
1.91336627305918 95346.02058052774
1.913715502803356 95283.50982428959
1.914046034279189 95219.7339279978
1.914359000352768 95156.17352194386
1.914655533890183 95094.30923641914
1.914936767757524 95035.62170171512
1.915203834820881 94981.59154812322
1.915457867946343 94933.69940593489
1.9157 94893.42590544157
1.915886546549907 94849.63340507403
1.9161 94824.07669937555
1.916464068489228 94829.35722024363
1.91697173603144 94843.95291477998
1.917617314558897 94867.49784025148
1.918395116003857 94899.62605392509
1.91929945229858 94939.97161306767
1.920324635375326 94988.16857494606
1.921464977166355 95043.85099682717
1.922714789603927 95106.65293597791
1.9240683846203 95176.20844966514
1.925520074147736 95252.15159515578
1.927064170118493 95334.11642971668
1.928694984464831 95421.73701061476
1.93040682911901 95514.64739511689
1.932194016013291 95612.48164048995
1.934050857079931 95714.87380400085
1.935971664251191 95821.45794291647
1.937950749459332 95931.86811450368
1.939982424636612 96045.73837602939
1.942061001715292 96162.70278476046
1.94418079262763 96282.39539796383
1.946336109305887 96404.45027290632
1.948521263682322 96528.50146685485
1.950730567689196 96654.18303707633
1.952958333258767 96781.12904083761
1.955198872323296 96908.9735354056
1.957446496815043 97037.35057804718
1.959695518666266 97165.89422602922
1.961940249809226 97294.23853661865
1.964175002176182 97422.01756708231
1.966394087699395 97548.86537468711
1.968591818311123 97674.41601669995
1.970762505943627 97798.3035503877
1.972900462529166 97920.16203301724
1.975 98039.62552185549
1.977193702523292 98165.61215606607
1.979599758004526 98306.072330917
1.982190883983444 98459.18848783156
1.984939797999789 98623.1430682331
1.987819217593302 98796.11851354495
1.990801860303726 98976.29726519041
1.993860443670803 99161.86176459285
1.996967685234276 99350.99445317556
2.000096302533886 99541.87777236188
2.003219013109375 99732.69416357513
2.006308534500485 99921.62606823866
2.00933758424696 100106.8559277758
2.012278879888541 100286.5661836098
2.01510513896497 100458.9392771641
2.017789079015989 100622.157649862
2.020303417581342 100774.4037431267
2.022620872200769 100913.8599983817
2.024714160414012 101038.7088570502
2.026555999760815 101147.1327605557
2.028119107780919 101237.3141503213
2.029376202014067 101307.4354677705
2.0303 101355.6791543265
2.031041947994966 101386.8682066866
2.031760336262354 101408.8280355216
2.032438148352616 101424.2447032154
2.033058367816209 101435.804272152
2.033603978203584 101446.1928047151
2.034057963065197 101458.0963632888
2.034403305951502 101474.2010102568
2.034622990412951 101497.1928080032
2.0347 101529.7578189117
2.0347 101617.854691347
2.0347 101805.9515637823
*END
