*KEYWORD
*DEFINE_CURVE_TITLE
SYNTHETIC screenshot reconstruction absolute pressure
$ LCID SIDR SFA SFO OFFA OFFO DATTYP
26 0 1.0 1.0 0.0 0.0 0
$ Not a CFD solver result; screenshot anchors plus interpolated rows.
$ X in metres; ordinate in metres or absolute pressure in Pa.
$ ABSCISSA ORDINATE
1.4791 98682.66968945139
1.479851735675113 98253.58940495914
1.480724157317516 97831.41749063208
1.481711671244822 97416.54296442065
1.482808683774642 97009.35484427535
1.48400960122459 96610.24214814666
1.485308829912277 96219.59389398507
1.486700776155315 95837.79909974105
1.488179846271316 95465.24678336512
1.489740446577894 95102.32596280774
1.491376983392658 94749.42565601935
1.493083863033223 94406.93488095053
1.4948554918172 94075.24265555167
1.496686276062202 93754.73799777331
1.498570622085839 93445.8099255659
1.500502936205726 93148.84745687997
1.502477624739473 92864.23960966596
1.504489094004693 92592.37540187438
1.506531750318998 92333.64385145569
1.5086 92088.43397636039
1.51071234126088 91854.02046942228
1.512911411375217 91626.63873022064
1.515227825251226 91405.11883682426
1.517692197797119 91188.29086730187
1.52033514392111 90974.98489972226
1.523187278531413 90764.03101215413
1.52627921653624 90554.25928266629
1.529641572843804 90344.49978932748
1.53330496236232 90133.58261020647
1.5373 89920.33782337198
1.542224457603239 89692.27038625011
1.548474587033738 89444.14290886011
1.555778723222672 89185.67194816077
1.563865201101215 88926.57406111078
1.57246235560054 88676.56580466879
1.581298521651822 88445.36373579351
1.590102034186235 88242.68441144368
1.598601228134953 88078.24438857799
1.60652443842915 87961.76022415514
1.6136 87902.9484751338
1.619711731351954 87877.33112537699
1.625241775432379 87856.18640270919
1.630665953836827 87842.8652300313
1.63646008816085 87840.71853024422
1.6431 87853.09722624888
1.651076798471014 87905.57537306321
1.660411382713937 88016.41412962961
1.670874259359286 88177.99507473585
1.682235935037575 88382.69978716962
1.694266916379319 88622.90984571869
1.706737710015032 88891.00682917071
1.719418822575228 89179.37231631344
1.732080760690424 89480.38788593462
1.744494030991133 89786.43511682194
1.756429140107871 90089.89558776315
1.767656594671152 90383.15087754592
1.77794690131149 90658.58256495802
1.787070566659402 90908.57222878718
1.7947980973454 91125.50144782108
1.8009 91301.75180084746
1.8060604877428 91454.86120537191
1.811114687291474 91607.2814003457
1.816059475673645 91758.76469672503
1.820891729916942 91909.06340546614
1.825608327048989 92057.9298375252
1.830206144097412 92205.11630385848
1.834682058089838 92350.37511542215
1.839032946053892 92493.45858317245
1.843255685017201 92634.1190180656
1.847347152007389 92772.10873105777
1.851304224052085 92907.18003310522
1.855123778178912 93039.08523516415
1.858802691415497 93167.57664819078
1.862337840789467 93292.40658314132
1.865726103328447 93413.32735097199
1.868964356060062 93530.09126263898
1.87204947601194 93642.45062909854
1.874978340211706 93750.15776130687
1.877747825686985 93852.96497022019
1.880354809465405 93950.62456679469
1.88279616857459 94042.88886198659
1.885068780042167 94129.51016675215
1.887169520895762 94210.24079204755
1.889095268163 94284.83304882901
1.890842898871508 94353.03924805275
1.892409290048911 94414.61170067494
1.893791318722836 94469.30271765187
1.894985861920909 94516.8646099397
1.895989796670755 94557.04968849466
1.8968 94589.61026427297
1.897504777027824 94615.56054563161
1.898189300872436 94636.76420178825
1.898845750560009 94654.2477349902
1.899466305116718 94669.03764748474
1.900043143568734 94682.16044151917
1.90056844494223 94694.64261934071
1.901034388263381 94707.51068319666
1.901433152558359 94721.79113533429
1.901756916853336 94738.51047800091
1.901997860174487 94758.69521344382
1.902148161547984 94783.37184391024
1.9022 94813.56687164749
1.9022 94882.73432461244
1.9022 94999.55999973438
1.9022 95127.91805271927
1.9022 95231.68263927301
1.9022 95274.72791510154
1.902063682752588 95273.14662812867
1.901674558973611 95267.43939576729
1.90106237060796 95258.0921779569
1.900256859600525 95245.59093463715
1.899287767896195 95230.42162574749
1.89818483743986 95213.07021122755
1.896977810176411 95194.02265101683
1.895696428050736 95173.76490505489
1.894370433007727 95152.78293328128
1.893029566992273 95131.56269563557
1.891703571949264 95110.5901520573
1.890422189823589 95090.35126248599
1.88921516256014 95071.33198686126
1.888112232103805 95054.01828512257
1.887143140399475 95038.89611720954
1.88633762939204 95026.45144306171
1.885725441026389 95017.1702226186
1.885336317247412 95011.53841581978
1.8852 95010.04198260482
1.8852 95059.87081166072
1.8852 95202.91773814296
1.8852 95431.72314169386
1.8852 95738.82740195563
1.8852 96116.77089857058
1.8852 96558.09401118095
1.8852 97055.33711942901
1.8852 97601.04060295703
1.8852 98187.74484140729
1.8852 98807.99021442203
1.8852 99454.31710164352
1.8852 100119.265882714
1.8852 100795.3769372758
1.8852 101475.1906449712
1.8852 102151.2473854424
1.8852 102816.0875383317
1.8852 103462.2514832813
1.8852 104082.2795999335
1.8852 104668.7122679306
1.8852 105214.0898669149
1.8852 105710.9527765285
1.8852 106151.8413764139
1.8852 106529.2960462132
1.8852 106835.8571655687
1.8852 107064.0651141227
1.8852 107206.4602715174
1.8852 107255.5830173952
1.885336317247412 107253.1320388512
1.885725441026389 107246.1018790057
1.88633762939204 107234.9767015385
1.887143140399475 107220.2406701294
1.888112232103805 107202.3779484581
1.88921516256014 107181.8727002045
1.890422189823589 107159.2090890483
1.891703571949264 107134.8712786693
1.893029566992273 107109.3434327472
1.894370433007727 107083.1097149619
1.895696428050736 107056.6542889931
1.89697781017641 107030.4613185207
1.89818483743986 107005.0149672243
1.899287767896195 106980.7993987838
1.900256859600525 106958.2987768789
1.90106237060796 106937.9972651894
1.901674558973611 106920.3790273952
1.902063682752588 106905.9282271759
1.9022 106895.1290282114
1.9022 106967.8969251784
1.9022 107068.7898221454
1.9022 107122.8077191124
1.9022 106970.5756160794
1.9022 107127.7185130464
1.9019 107392.7408396521
1.901473764201487 107409.4517499841
1.901008443436166 107427.5082306815
1.900502608569841 107446.9530165953
1.899954830468316 107467.8288425764
1.899363679997394 107490.1784434758
1.89872772802288 107514.0445541445
1.898045545410577 107539.4699094334
1.897315703026289 107566.4972441933
1.896536771735819 107595.1692932754
1.895707322404973 107625.5287915306
1.894825925899552 107657.6184738097
1.893891153085361 107691.4810749638
1.892901574828205 107727.1593298438
1.891855761993886 107764.6959733007
1.890752285448208 107804.1337401854
1.889589716056975 107845.5153653488
1.888366624685991 107888.883583642
1.887081582201061 107934.2811299158
1.885733159467986 107981.7507390213
1.884319927352572 108031.3351458093
1.882840456720623 108083.0770851309
1.881293318437941 108137.019291837
1.87967708337033 108193.2045007785
1.877990322383595 108251.6754468064
1.876231606343539 108312.4748647717
1.874399506115967 108375.6454895252
1.872492592566681 108441.230055918
1.870509436561485 108509.271298801
1.868448608966184 108579.8119530251
1.866308680646582 108652.8947534414
1.864088222468481 108728.5624349007
1.861785805297686 108806.8577322541
1.8594 108887.8233803524
1.856310890119993 108990.6968579039
1.852026077680947 109130.1015117031
1.846735411266738 109299.1588787302
1.840628739461238 109490.9904959654
1.833895910848323 109698.717900389
1.826726774011868 109915.4626289812
1.819311177535746 110134.3462187222
1.811838970003832 110348.4902065924
1.8045 110551.0161295718
1.796983102179752 110751.7724623973
1.788917853248729 110961.8361156766
1.780405214866018 111176.1712801963
1.771546148690704 111389.7421467432
1.762441616381872 111597.512906104
1.753192579598609 111794.4477490653
1.7439 111975.5108664139
1.734381113316402 112150.6959564034
1.72449617649311 112324.9432461424
1.714410683011617 112485.6367197003
1.704290126353417 112620.1603611462
1.6943 112715.8981545495
1.684454536143907 112788.165029802
1.674643304480354 112854.3227186437
1.664844804744847 112904.8254079168
1.655037536672894 112930.1272844632
1.6452 112920.6825351249
1.635255526638766 112870.4395250778
1.62521838519013 112785.5180820352
1.615203480422112 112674.6295866456
1.605325717102729 112546.4854195572
1.5957 112409.7969614184
1.585985082163669 112215.8707102527
1.576096917377082 111936.2125473203
1.566536211508661 111609.8329281242
1.557803670426827 111275.7423081673
1.5504 110972.9511429527
1.54442447289398 110697.7315785828
1.5395 110437.4300847458
1.535374266078023 110215.5467901206
1.531751600927163 110020.0536181876
1.528353135312721 109823.2802020303
1.5249 109597.5561747324
1.521196349991472 109327.4487282298
1.517430359884018 109032.9324788177
1.513899189834556 108739.4481961185
1.5109 108472.4366497547
1.508439481056489 108252.3695102566
1.506263418779224 108071.16352284
1.504277615973714 107911.4270691556
1.502387875445469 107755.7685308538
1.5005 107586.7962895852
1.498551553226227 107400.1958050738
1.496600670041376 107207.9545876012
1.494734010243411 107017.1340946546
1.493038233630298 106834.7957837212
1.4916 106668.0011122881
1.49041576012183 106519.3015304553
1.489383971012971 106382.995370065
1.488444301843197 106253.7644112177
1.487536421782282 106126.2904340141
1.4866 105995.2552185549
1.485657573693783 105870.1019147839
1.4847 105751.81011095
1.483690195420343 105647.0697258755
1.482636678192802 105560.1715296
1.4815 105469.5032365076
1.4802 105372.3379014273
1.4791 105288.9002508921
1.4782 105212.0727263604
1.4774 105142.2519053858
1.4767 105080.1089192128
1.4762 105025.6437678412
1.4757 104969.7254989964
1.4754 104902.8875947815
1.4751 104843.727525368
1.4748 104763.6932072368
1.4746 104681.3210986285
1.4745 104595.2994430196
1.4744 104496.2227344447
1.4743 104392.4287700714
1.4743 104277.9724539474
1.4742 104144.4000662355
1.4742 104001.5624998687
1.4742 103839.9657819748
1.4743 103668.9025460526
1.4743 103479.4462299286
1.4744 103281.8717595896
1.4745 103051.5755569804
1.4746 102787.3373834746
1.4748 102479.9652748662
1.475 102137.4614627007
1.4754 101750.2374052185
1.4757 101327.2715248662
1.4762 100858.9142679527
1.4767 100363.7936106155
1.4774 99823.40360057984
1.4782 99265.80822591436
1.4791 98682.66968945139
2.0347 101775.8920910459
2.0347 101775.8920910459
2.0347 101877.2329089541
2.0347 101959.2384104252
2.0347 102023.6645447703
2.034635632747493 102087.1019832502
2.03444496925611 102145.4125486392
2.034131666925053 102199.13986683
2.033699383153529 102248.8275637149
2.033151775340742 102295.0192651864
2.032492500885897 102338.258597137
2.031725217188197 102379.0891854592
2.030853581646848 102418.0546560454
2.029881251661056 102455.6986347882
2.028811884630023 102492.56474758
2.027649137952956 102529.1966203132
2.026396669029058 102566.1378788804
2.025058135257534 102603.932149174
2.023637194037589 102643.1230570864
2.022137502768426 102684.2542285103
2.020562718849253 102727.869289338
2.018916499679273 102774.511865462
2.017202502657689 102824.7255827748
2.015424385183709 102879.0540671688
2.013585804656535 102938.0409445366
2.011690418475372 103002.2298407706
2.009741884039426 103072.1643817633
2.0077438587479 103148.3881934071
2.0057 103231.4449015946
2.003103877714197 103341.3357817953
1.999598236677489 103490.9353039139
1.995410496591872 103670.0968854947
1.990768077159341 103868.6739440827
1.985898398081893 104076.5198972224
1.981028879061524 104283.4881624583
1.976386939800227 104479.4321573353
1.9722 104654.2052993979
1.968160196731171 104821.3487653629
1.963901278945489 104997.1511508706
1.959563084167073 105175.5870018509
1.955285449920046 105350.6308642336
1.95120821372853 105516.2572839486
1.947471213116645 105666.4408069256
1.944214285608514 105795.1559790947
1.941577268728259 105896.3773463855
1.9397 105964.0794547279
1.938276718263103 106011.7844117797
1.936907728237056 106057.085665956
1.935591966266167 106100.0647743226
1.934328368694742 106140.8032939454
1.933115871867089 106179.3827818903
1.931953412127515 106215.8847952233
1.930839925820327 106250.3908910101
1.929774349289832 106282.9826263167
1.928755618880337 106313.741558209
1.92778267093615 106342.7492437528
1.926854441801578 106370.0872400141
1.925969867820927 106395.8371040586
1.925127885338506 106420.0803929525
1.92432743069862 106442.8986637613
1.923567440245578 106464.3734735512
1.922846850323686 106484.586379388
1.922164597277252 106503.6189383375
1.921519617450582 106521.5527074657
1.920910847187985 106538.4692438384
1.920337222833766 106554.4501045215
1.919797680732234 106569.576846581
1.919291157227694 106583.9310270826
1.918816588664456 106597.5942030924
1.918372911386825 106610.6479316761
1.917959061739109 106623.1737698997
1.917573976065614 106635.253274829
1.91721659071065 106646.9680035299
1.91688584201852 106658.3995130684
1.916580666333535 106669.6293605103
1.9163 106680.7391029215
1.9161 106698.3507136485
1.915864195949796 106714.4847571211
1.915617820906621 106736.928630839
1.915360538639739 106764.3453782472
1.915092012918413 106795.3980427907
1.914811907511907 106828.7496679147
1.914519886189487 106863.0632970641
1.914215612720413 106897.001973684
1.913898750873951 106929.2287412196
1.913568964419365 106958.4066431156
1.913225917125917 106983.1987228174
1.912869272762873 107002.2680237698
1.912498695099495 107014.277589418
1.912113847905048 107017.890463207
1.911714394948795 107011.7696885818
1.9113 106994.5783089875
1.910821607866402 106947.2824770114
1.910249939023384 106858.716761488
1.909614320741679 106739.3468302335
1.908944080292019 106599.6383510642
1.908268544945134 106450.056991796
1.907617041971759 106301.0684202451
1.907018898642623 106163.1383042278
1.906503442228459 106046.73231156
1.9061 105962.316110058
1.90577300818716 105899.6712977018
1.905466362996439 105841.1991146785
1.905178581663439 105786.2946921148
1.904908181423763 105734.3531611374
1.904653679513015 105684.7696528729
1.904413593166798 105636.9392984481
1.904186439620715 105590.2572289895
1.903970736110369 105544.1185756239
1.903764999871365 105497.918469478
1.903567748139305 105451.0520416784
1.903377498149792 105402.9144233518
1.903192767138431 105352.9007456249
1.903012072340823 105300.4061396244
1.902833930992573 105244.8257364769
1.902656860329283 105185.554667309
1.902479377586558 105121.9880632476
1.9023 105053.5210554193
1.902117113763451 104980.3761246952
1.901930454753602 104903.2798811814
1.90174056473033 104822.3836498567
1.90154798545351 104737.8387557
1.90135325868302 104649.7965236901
1.901156926178737 104558.4082788059
1.900959529700537 104463.8253460264
1.900761611008296 104366.1990503302
1.900563711861892 104265.6807166964
1.900366374021201 104162.4216701038
1.900170139246101 104056.5732355311
1.899975549296466 103948.2867379574
1.899783145932175 103837.7135023614
1.899593470913103 103725.0048537221
1.899407065999129 103610.3121170182
1.899224472950128 103493.7866172287
1.899046233525976 103375.5796793324
1.898872889486551 103255.8426283081
1.898704982591729 103134.7267891348
1.898543054601388 103012.3834867913
1.898387647275402 102888.9640462565
1.898239302373651 102764.6197925092
1.898098561656009 102639.5020505283
1.897965966882354 102513.7621452926
1.897842059812562 102387.5514017811
1.897727382206511 102261.0211449725
1.897622475824076 102134.3226998458
1.897527882425134 102007.6073913798
1.897444143769563 101881.0265445533
1.897371801617238 101754.7314843453
1.897311397728037 101628.8735357346
1.897263473861836 101503.6040237001
1.897228571778511 101379.0742732206
1.897207233237941 101255.4356092749
1.8972 101132.839356842
1.897209217885099 101008.1765533322
1.897236192296123 100878.6317726277
1.897279904366657 100744.7966444158
1.897339335230292 100607.2627983835
1.897413466020613 100466.6218642181
1.89750127787121 100323.4654716067
1.897601751915669 100178.3852502364
1.897713869287579 100031.9728297943
1.897836611120528 99884.81983996765
1.897968958548102 99737.51791044355
1.898109892703891 99590.65867090912
1.898258394721481 99444.83375105153
1.898413445734461 99300.63478055788
1.898574026876418 99158.65338911535
1.898739119280941 99019.48120641109
1.898907704081616 98883.70986213221
1.899078762412032 98751.93098596585
1.899251275405777 98624.73620759918
1.899424224196437 98502.71715671931
1.899596589917603 98386.46546301342
1.899767353702859 98276.57275616864
1.899935496685796 98173.63066587207
1.9001 98078.23082181088
1.900262143651123 97988.54743261402
1.900424256217856 97902.22515041401
1.900586891693345 97819.06127015319
1.900750604070738 97738.85308677396
1.900915947343182 97661.39789521876
1.901083475503822 97586.49299042996
1.901253742545806 97513.93566734997
1.901427302462281 97443.5232209212
1.901604709246394 97375.05294608604
1.90178651689129 97308.32213778689
1.901973279390118 97243.12809096617
1.902165550736024 97179.26810056623
1.902363884922154 97116.53946152952
1.902568835941656 97054.73946879845
1.902780957787676 96993.66541731539
1.903000804453361 96933.11460202276
1.903228929931859 96872.88431786293
1.903465888216314 96812.77185977835
1.903712233299876 96752.57452271137
1.903968519175689 96692.08960160441
1.904235299836902 96631.1143913999
1.904513129276661 96569.44618704022
1.904802561488112 96506.88228346774
1.905104150464403 96443.21997562492
1.90541845019868 96378.25655845412
1.905746014684091 96311.78932689774
1.906087397913781 96243.61557589819
1.906443153880898 96173.5326003979
1.906813836578589 96101.33769533923
1.9072 96026.82815566458
1.907711782764759 95972.06889064792
1.908403364694802 95950.78937683599
1.909191361586739 95950.28376008049
1.909992389237178 95957.84618623306
1.910723063442729 95960.77080114535
1.9113 95946.35175066904
1.911759714077242 95914.49962417052
1.912195065555691 95874.52097438065
1.912607187301437 95827.80389219755
1.91299721218057 95775.73646851954
1.91336627305918 95719.70679424475
1.913715502803356 95661.1029602715
1.914046034279189 95601.31305749794
1.914359000352768 95541.72517682237
1.914655533890183 95483.72740914294
1.914936767757524 95428.70784535793
1.915203834820881 95378.05457636552
1.915457867946343 95333.15569306396
1.9157 95295.39928635147
1.915886546549907 95254.3438172569
1.9161 95230.38440566459
1.916464068489228 95235.3348939784
1.91697173603144 95249.01835760623
1.917617314558897 95271.09172523576
1.918395116003857 95301.21192555477
1.91929945229858 95339.03588725094
1.920324635375326 95384.22053901193
1.921464977166355 95436.42280952547
1.922714789603927 95495.29962747928
1.9240683846203 95560.50792156106
1.925520074147736 95631.70462045855
1.927064170118493 95708.5466528594
1.928694984464831 95790.69094745134
1.93040682911901 95877.79443292209
1.932194016013291 95969.51403795932
1.934050857079931 96065.50669125079
1.935971664251191 96165.42932148419
1.937950749459332 96268.93885734721
1.939982424636612 96375.69222752756
1.942061001715292 96485.34636071294
1.94418079262763 96597.55818559109
1.946336109305887 96711.98463084968
1.948521263682322 96828.28262517642
1.950730567689196 96946.10909725906
1.952958333258767 97065.12097578525
1.955198872323296 97184.97518944275
1.957446496815043 97305.32866691923
1.959695518666266 97425.83833690239
1.961940249809226 97546.16112807998
1.964175002176182 97665.95396913966
1.966394087699395 97784.87378876917
1.968591818311123 97902.5775156562
1.970762505943627 98018.72207848847
1.972900462529166 98132.96440595367
1.975 98244.96142673952
1.977193702523292 98363.07389631194
1.979599758004526 98494.75531023469
1.982190883983444 98638.30170734209
1.984939797999789 98792.00912646852
1.987819217593302 98954.17360644838
1.990801860303726 99123.09118611601
1.993860443670803 99297.0579043058
1.996967685234276 99474.36979985209
2.000096302533886 99653.32291158928
2.003219013109375 99832.21327835169
2.006308534500485 100009.3369389737
2.00933758424696 100182.9899322898
2.012278879888541 100351.4682971342
2.01510513896497 100513.0680723413
2.017789079015989 100666.0852967456
2.020303417581342 100808.8160091813
2.022620872200769 100939.5562484828
2.024714160414012 101056.6020534846
2.026555999760815 101158.2494630209
2.028119107780919 101242.7945159262
2.029376202014067 101308.5332510348
2.0303 101353.7617071811
2.031041947994966 101383.0014437687
2.031760336262354 101403.5887833015
2.032438148352616 101418.0419092645
2.033058367816209 101428.8790051425
2.033603978203584 101438.6182544204
2.034057963065197 101449.7778405832
2.034403305951502 101464.8759471158
2.034622990412951 101486.430757503
2.0347 101516.9604552297
2.0347 101599.5512731378
2.0347 101775.8920910459
*END
