*KEYWORD
*DEFINE_CURVE_TITLE
SYNTHETIC screenshot reconstruction absolute pressure
$ LCID SIDR SFA SFO OFFA OFFO DATTYP
26 0 1.0 1.0 0.0 0.0 0
$ Not a CFD solver result; screenshot anchors plus interpolated rows.
$ X in metres; ordinate in metres or absolute pressure in Pa.
$ ABSCISSA ORDINATE
1.4791 103217.8285548617
1.479851735675113 103154.8447917708
1.480724157317516 103094.8397438099
1.481711671244822 103038.286697894
1.482808683774642 102985.6589409381
1.48400960122459 102937.4297598571
1.485308829912277 102894.0724415659
1.486700776155315 102856.0602729795
1.488179846271316 102823.8665410129
1.489740446577894 102797.964532581
1.491376983392658 102778.8275345987
1.493083863033223 102766.9288339811
1.4948554918172 102762.7417176431
1.496686276062202 102766.7394724996
1.498570622085839 102779.3953854655
1.500502936205726 102801.1827434559
1.502477624739473 102832.5748333856
1.504489094004693 102874.0449421697
1.506531750318998 102926.0663567231
1.5086 102989.1123639608
1.51071234126088 103056.8700916255
1.512911411375217 103123.0943360148
1.515227825251226 103188.3598868751
1.517692197797119 103253.2415339531
1.52033514392111 103318.3140669954
1.523187278531413 103384.1522757484
1.52627921653624 103451.330949959
1.529641572843804 103520.4248793735
1.53330496236232 103592.0088537387
1.5373 103666.6576628011
1.542224457603239 103752.6299039175
1.548474587033738 103854.4541247539
1.555778723222672 103967.1100405209
1.563865201101215 104085.5773664288
1.57246235560054 104204.835817688
1.581298521651822 104319.8651095089
1.590102034186235 104425.6449571021
1.598601228134953 104517.1550756779
1.60652443842915 104589.3751804468
1.6136 104637.2849866191
1.619711731351954 104669.877599827
1.625241775432379 104699.6743474494
1.630665953836827 104726.9472773171
1.63646008816085 104751.9684372609
1.6431 104775.0098751115
1.651076798471014 104789.1431138828
1.660411382713937 104788.3974107886
1.670874259359286 104774.4814149597
1.682235935037575 104749.1037755266
1.694266916379319 104713.97314162
1.706737710015032 104670.7981623705
1.719418822575228 104621.2874869089
1.732080760690424 104567.1497643656
1.744494030991133 104510.0936438715
1.756429140107871 104451.8277745572
1.767656594671152 104394.0608055532
1.77794690131149 104338.5013859903
1.787070566659402 104286.858164999
1.7947980973454 104240.8397917101
1.8009 104202.1549152542
1.8060604877428 104167.5890275602
1.811114687291474 104132.8390988279
1.816059475673645 104097.980995594
1.820891729916942 104063.0905843957
1.825608327048989 104028.2437317699
1.830206144097412 103993.5163042534
1.834682058089838 103958.9841683833
1.839032946053892 103924.7231906964
1.843255685017201 103890.8092377296
1.847347152007389 103857.31817602
1.851304224052085 103824.3258721045
1.855123778178912 103791.9081925199
1.858802691415497 103760.1410038033
1.862337840789467 103729.1001724915
1.865726103328447 103698.8615651215
1.868964356060062 103669.5010482303
1.87204947601194 103641.0944883547
1.874978340211706 103613.7177520317
1.877747825686985 103587.4467057983
1.880354809465405 103562.3572161913
1.88279616857459 103538.5251497477
1.885068780042167 103516.0263730044
1.887169520895762 103494.9367524985
1.889095268163 103475.3321547667
1.890842898871508 103457.2884463461
1.892409290048911 103440.8814937736
1.893791318722836 103426.1871635861
1.894985861920909 103413.2813223205
1.895989796670755 103402.2398365138
1.8968 103393.1385727029
1.897504777027824 103385.9466261907
1.898189300872436 103380.3419949666
1.898845750560009 103375.9638995976
1.899466305116718 103372.4515606508
1.900043143568734 103369.4441986931
1.90056844494223 103366.5810342916
1.901034388263381 103363.5012880131
1.901433152558359 103359.8441804247
1.901756916853336 103355.2489320934
1.901997860174487 103349.3547635863
1.902148161547984 103341.8008954702
1.9022 103332.2265483122
1.9022 103308.7411557603
1.9022 103268.2606336057
1.9022 103223.63392563
1.9022 103187.709975615
1.9022 103173.3377273423
1.902063682752588 103174.7995140274
1.901674558973611 103177.6993152894
1.90106237060796 103181.8685445157
1.900256859600525 103187.1386150941
1.899287767896195 103193.340940412
1.89818483743986 103200.3069338568
1.896977810176411 103207.8680088162
1.895696428050736 103215.8555786776
1.894370433007727 103224.1010568286
1.893029566992273 103232.4358566566
1.891703571949264 103240.6913915492
1.890422189823589 103248.699074894
1.88921516256014 103256.2903200784
1.888112232103805 103263.2965404899
1.887143140399475 103269.5491495162
1.88633762939204 103274.8795605446
1.885725441026389 103279.1191869628
1.885336317247412 103282.0994421581
1.8852 103283.6517395183
1.8852 103267.0088666035
1.8852 103217.2790918783
1.8852 103137.1070500862
1.8852 103029.1373759708
1.8852 102896.0147042759
1.8852 102740.3836697451
1.8852 102564.8889071219
1.8852 102372.1750511502
1.8852 102164.8867365734
1.8852 101945.6685981352
1.8852 101717.1652705793
1.8852 101482.0213886492
1.8852 101242.8815870887
1.8852 101002.3905006414
1.8852 100763.1927640509
1.8852 100527.9330120609
1.8852 100299.255879415
1.8852 100079.8060008568
1.8852 99872.22801112999
1.8852 99679.16654497817
1.8852 99503.26623714504
1.8852 99347.17172237419
1.8852 99213.52763540926
1.8852 99104.97861099393
1.8852 99024.16928387179
1.8852 98973.7442887865
1.8852 98956.34826048171
1.885336317247412 98956.88237615756
1.885725441026389 98958.37105476984
1.88633762939204 98960.64379369562
1.887143140399475 98963.53009031204
1.888112232103805 98966.85944199614
1.88921516256014 98970.46134612507
1.890422189823589 98974.16530007593
1.891703571949264 98977.80080122576
1.893029566992273 98981.1973469517
1.894370433007727 98984.18443463085
1.895696428050736 98986.59156164028
1.89697781017641 98988.24822535712
1.89818483743986 98988.98392315845
1.899287767896195 98988.62815242137
1.900256859600525 98987.01041052297
1.90106237060796 98983.96019484034
1.901674558973611 98979.30700275063
1.902063682752588 98972.88033163086
1.9022 98964.50967885816
1.9022 98911.96998215879
1.9022 98889.43028545941
1.9022 98816.89058876004
1.9022 98524.35089206065
1.9022 98561.81119536128
1.9019 98827.58103479036
1.901473764201487 98821.49282501981
1.901008443436166 98814.63456878177
1.900502608569841 98806.99329758054
1.899954830468316 98798.55604292036
1.899363679997394 98789.30983630547
1.89872772802288 98779.24170924014
1.898045545410577 98768.33869322865
1.897315703026289 98756.58781977522
1.896536771735819 98743.9761203841
1.895707322404973 98730.49062655961
1.894825925899552 98716.11836980593
1.893891153085361 98700.84638162737
1.892901574828205 98684.66169352816
1.891855761993886 98667.55133701256
1.890752285448208 98649.50234358481
1.889589716056975 98630.50174474921
1.888366624685991 98610.53657200998
1.887081582201061 98589.5938568714
1.885733159467986 98567.66063083771
1.884319927352572 98544.72392541317
1.882840456720623 98520.77077210203
1.881293318437941 98495.78820240858
1.87967708337033 98469.76324783702
1.877990322383595 98442.68293989166
1.876231606343539 98414.53431007673
1.874399506115967 98385.30438989647
1.872492592566681 98354.98021085518
1.870509436561485 98323.54880445708
1.868448608966184 98290.99720220643
1.866308680646582 98257.3124356075
1.864088222468481 98222.48153616456
1.861785805297686 98186.49153538185
1.8594 98149.32946476361
1.856310890119993 98101.81289671335
1.852026077680947 98036.86255391347
1.846735411266738 97957.62019328651
1.840628739461238 97867.22757175502
1.833895910848323 97768.82644624154
1.826726774011868 97665.55857366865
1.819311177535746 97560.56571095886
1.811838970003832 97456.98961503476
1.8045 97357.97204281892
1.796983102179752 97258.92899101805
1.788917853248729 97154.55516826479
1.780405214866018 97046.91039937043
1.771546148690704 96938.0545091463
1.762441616381872 96830.04732240371
1.753192579598609 96724.94866395397
1.7439 96624.81835860839
1.734381113316402 96525.29677822503
1.72449617649311 96424.07508954364
1.714410683011617 96326.28930969797
1.704290126353417 96237.07545582185
1.6943 96161.56954504906
1.684454536143907 96094.08884961883
1.674643304480354 96028.00955666862
1.664844804744847 95967.05605567974
1.655037536672894 95914.95273613351
1.6452 95875.42398751115
1.635255526638766 95849.35730466373
1.62521838519013 95834.35653379488
1.615203480422112 95829.22059141488
1.605325717102729 95832.74839403396
1.5957 95843.73885816235
1.585985082163669 95877.97138504681
1.576096917377082 95943.81919221455
1.566536211508661 96028.97192059665
1.557803670426827 96121.1192111241
1.5504 96207.95070472792
1.54442447289398 96288.12293401803
1.5395 96371.69152542372
1.535374266078023 96467.25003017935
1.531751600927163 96573.42538019997
1.528353135312721 96680.055928167
1.5249 96776.98002676183
1.521196349991472 96866.76822996275
1.517430359884018 96957.73511864259
1.513899189834556 97048.33508582452
1.5109 97137.02252453167
1.508439481056489 97235.59623762306
1.506263418779224 97352.94693791083
1.504277615973714 97483.16688334786
1.502387875445469 97620.34833188691
1.5005 97758.58354148082
1.498551553226227 97907.75813552027
1.496600670041376 98072.62322146063
1.494734010243411 98239.56928335184
1.493038233630298 98394.9868052438
1.4916 98525.26627118644
1.49041576012183 98626.95133394159
1.489383971012971 98712.61401520338
1.488444301843197 98792.68735242038
1.487536421782282 98877.60438304101
1.4866 98977.79814451383
1.485657573693783 99104.52883263311
1.4847 99264.35640499555
1.483690195420343 99469.58120476265
1.482636678192802 99726.92416467248
1.4815 100031.3988492418
1.4802 100439.2798572703
1.4791 100842.2799107939
1.4782 101229.5963639608
1.4774 101601.0882114184
1.4767 101956.5168287244
1.4762 102295.8822158787
1.4757 102609.0976003568
1.4754 102886.1955218555
1.4751 103147.2302132025
1.4748 103362.3535263158
1.4746 103551.6413871543
1.4745 103715.5601980375
1.4744 103844.1208055308
1.4743 103947.6919928635
1.4743 104041.7209052632
1.4742 104115.8799764496
1.4742 104180.0000000467
1.4742 104224.1232775201
1.4743 104258.2790947368
1.4743 104272.3080071365
1.4744 104275.8900410348
1.4745 104264.4398019625
1.4746 104238.3911525424
1.4748 104187.6790133809
1.475 104122.7914799286
1.4754 104033.8044781445
1.4757 103930.8590133809
1.4762 103804.0527047279
1.4767 103673.4289384478
1.4774 103518.9009420161
1.4782 103370.4904085638
1.4791 103217.8285548617
2.0347 101878.0161454059
2.0347 101878.0161454059
2.0347 101841.9838545941
2.0347 101777.4530003221
2.0347 101709.9192729706
2.034635632747493 101669.912926463
2.03444496925611 101633.7231491361
2.034131666925053 101600.9797233713
2.033699383153529 101571.3124315501
2.033151775340742 101544.3510560536
2.032492500885897 101519.7253792633
2.031725217188197 101497.0651835606
2.030853581646848 101476.0002513268
2.029881251661056 101456.1603649433
2.028811884630023 101437.1753067913
2.027649137952956 101418.6748592524
2.026396669029058 101400.2888047077
2.025058135257534 101381.6469255388
2.023637194037589 101362.3790041269
2.022137502768426 101342.1148228534
2.020562718849253 101320.4841640996
2.018916499679273 101297.116810247
2.017202502657689 101271.6425436769
2.015424385183709 101243.6911467706
2.013585804656535 101212.8924019095
2.011690418475372 101178.8760914749
2.009741884039426 101141.2719978483
2.0077438587479 101099.7099034109
2.0057 101053.8195905442
2.003103877714197 100990.1825873336
1.999598236677489 100900.2903836972
1.995410496591872 100791.1377047649
1.990768077159341 100669.7192756667
1.985898398081893 100543.0298215326
1.981028879061524 100418.0640674925
1.976386939800227 100301.8167386763
1.9722 100201.2825602141
1.968160196731171 100109.1685104709
1.963901278945489 100015.06527552
1.959563084167073 99921.29314205388
1.955285449920046 99830.1723967648
1.95120821372853 99744.02332634514
1.947471213116645 99665.16621748725
1.944214285608514 99595.92135688351
1.941577268728259 99538.60903122627
1.9397 99495.54952720786
1.938276718263103 99460.81784692698
1.936907728237056 99426.95053192743
1.935591966266167 99393.96017806922
1.934328368694742 99361.85938121239
1.933115871867089 99330.66073721697
1.931953412127515 99300.37684194297
1.930839925820327 99271.02029125039
1.929774349289832 99242.60368099925
1.928755618880337 99215.13960704964
1.92778267093615 99188.64066526147
1.926854441801578 99163.11945149489
1.925969867820927 99138.58856160984
1.925127885338506 99115.06059146638
1.92432743069862 99092.5481369245
1.923567440245578 99071.06379384422
1.922846850323686 99050.62015808561
1.922164597277252 99031.22982550866
1.921519617450582 99012.9053919734
1.920910847187985 98995.65945333986
1.920337222833766 98979.50460546803
1.919797680732234 98964.45344421797
1.919291157227694 98950.51856544969
1.918816588664456 98937.7125650232
1.918372911386825 98926.04803879853
1.917959061739109 98915.53758263572
1.917573976065614 98906.19379239477
1.91721659071065 98898.02926393571
1.91688584201852 98891.05659311857
1.916580666333535 98885.28837580339
1.9163 98880.73720785014
1.9161 98887.80863514719
1.915864195949796 98906.43356043234
1.915617820906621 98934.56060102521
1.915360538639739 98970.67527775993
1.915092012918413 99013.26311147056
1.914811907511907 99060.80962299123
1.914519886189487 99111.80033315599
1.914215612720413 99164.72076279894
1.913898750873951 99218.05643275422
1.913568964419365 99270.29286385585
1.913225917125917 99319.91557693797
1.912869272762873 99365.41009283466
1.912498695099495 99405.26193237999
1.912113847905048 99437.95661640809
1.911714394948795 99461.97966575301
1.9113 99475.81660124888
1.910821607866402 99475.25749697119
1.910249939023384 99460.18145691216
1.909614320741679 99435.20754678115
1.908944080292019 99404.9548322874
1.908268544945134 99374.04237914013
1.907617041971759 99347.08925304865
1.907018898642623 99328.71451972223
1.906503442228459 99323.53724487012
1.9061 99336.1764942016
1.90577300818716 99358.9407751118
1.905466362996439 99381.12608782077
1.905178581663439 99402.83273727527
1.904908181423763 99424.16102842195
1.904653679513015 99445.21126620757
1.904413593166798 99466.08375557882
1.904186439620715 99486.87880148239
1.903970736110369 99507.69670886501
1.903764999871365 99528.63778267341
1.903567748139305 99549.80232785427
1.903377498149792 99571.29064935431
1.903192767138431 99593.20305212025
1.903012072340823 99615.6398410988
1.902833930992573 99638.70132123663
1.902656860329283 99662.4877974805
1.902479377586558 99687.09957477711
1.9023 99712.63695807316
1.902117113763451 99739.38092916255
1.901930454753602 99767.50968133731
1.90174056473033 99796.96933679128
1.90154798545351 99827.70601771837
1.90135325868302 99859.66584631245
1.901156926178737 99892.79494476737
1.900959529700537 99927.03943527705
1.900761611008296 99962.34544003532
1.900563711861892 99998.65908123608
1.900366374021201 100035.9264810732
1.900170139246101 100074.0937617405
1.899975549296466 100113.107045432
1.899783145932175 100152.9124543414
1.899593470913103 100193.4561106627
1.899407065999129 100234.6841365897
1.899224472950128 100276.5426543163
1.899046233525976 100318.9777860365
1.898872889486551 100361.9356539439
1.898704982591729 100405.3623802326
1.898543054601388 100449.2040870964
1.898387647275402 100493.4068967292
1.898239302373651 100537.9169313248
1.898098561656009 100582.6803130772
1.897965966882354 100627.6431641801
1.897842059812562 100672.7516068275
1.897727382206511 100717.9517632133
1.897622475824076 100763.1897555314
1.897527882425134 100808.4117059755
1.897444143769563 100853.5637367396
1.897371801617238 100898.5919700175
1.897311397728037 100943.4425280032
1.897263473861836 100988.0615328904
1.897228571778511 101032.3951068732
1.897207233237941 101076.3893721453
1.8972 101119.9904509006
1.897209217885099 101164.2195819116
1.897236192296123 101210.0018682981
1.897279904366657 101257.1392287755
1.897339335230292 101305.4335820591
1.897413466020613 101354.686846864
1.89750127787121 101404.7009419056
1.897601751915669 101455.2777858991
1.897713869287579 101506.2192975598
1.897836611120528 101557.327395603
1.897968958548102 101608.4039987439
1.898109892703891 101659.2510256977
1.898258394721481 101709.6703951798
1.898413445734461 101759.4640259054
1.898574026876418 101808.4338365897
1.898739119280941 101856.3817459481
1.898907704081616 101903.1096726958
1.899078762412032 101948.419535548
1.899251275405777 101992.11325322
1.899424224196437 102033.9927444272
1.899596589917603 102073.8599278846
1.899767353702859 102111.5167223077
1.899935496685796 102146.7650464116
1.9001 102179.4068189117
1.900262143651123 102210.0084239465
1.900424256217856 102239.3227046932
1.900586891693345 102267.431268425
1.900750604070738 102294.4157224149
1.900915947343182 102320.3576739361
1.901083475503822 102345.3387302618
1.901253742545806 102369.440498665
1.901427302462281 102392.744586419
1.901604709246394 102415.3326007967
1.90178651689129 102437.2861490714
1.901973279390118 102458.6868385162
1.902165550736024 102479.6162764041
1.902363884922154 102500.1560700084
1.902568835941656 102520.3878266021
1.902780957787676 102540.3931534585
1.903000804453361 102560.2536578505
1.903228929931859 102580.0509470514
1.903465888216314 102599.8666283343
1.903712233299876 102619.7823089723
1.903968519175689 102639.8795962384
1.904235299836902 102660.240097406
1.904513129276661 102680.9454197481
1.904802561488112 102702.0771705377
1.905104150464403 102723.7169570482
1.90541845019868 102745.9463865524
1.905746014684091 102768.8470663237
1.906087397913781 102792.5006036351
1.906443153880898 102816.9886057598
1.906813836578589 102842.3926799709
1.9072 102868.7944335415
1.907711782764759 102931.7211845597
1.908403364694802 103047.9292092237
1.909191361586739 103189.3435519714
1.909992389237178 103327.8892572406
1.910723063442729 103435.4913694693
1.9113 103484.0749330955
1.911759714077242 103487.8027549298
1.912195065555691 103480.4690835329
1.912607187301437 103463.4461259676
1.91299721218057 103438.1060892966
1.91336627305918 103405.8211805826
1.913715502803356 103367.9636068884
1.914046034279189 103325.9055752767
1.914359000352768 103281.0192928103
1.914655533890183 103234.6769665518
1.914936767757524 103188.2508035641
1.915203834820881 103143.1130109099
1.915457867946343 103100.6357956519
1.9157 103062.1913648528
1.915886546549907 103018.1319862369
1.9161 102991.9744335415
1.916464068489228 102991.1255754361
1.91697173603144 102988.9467408547
1.917617314558897 102985.4885862764
1.918395116003857 102980.8017681803
1.91929945229858 102974.9369430456
1.920324635375326 102967.9447673514
1.921464977166355 102959.8758975768
1.922714789603927 102950.780990201
1.9240683846203 102940.7107017031
1.925520074147736 102929.7156885622
1.927064170118493 102917.8466072575
1.928694984464831 102905.1541142681
1.93040682911901 102891.6888660732
1.932194016013291 102877.5015191519
1.934050857079931 102862.6427299833
1.935971664251191 102847.1631550465
1.937950749459332 102831.1134508208
1.939982424636612 102814.5442737852
1.942061001715292 102797.5062804188
1.94418079262763 102780.0501272009
1.946336109305887 102762.2264706104
1.948521263682322 102744.0859671267
1.950730567689196 102725.6792732288
1.952958333258767 102707.0570453958
1.955198872323296 102688.2699401069
1.957446496815043 102669.3686138413
1.959695518666266 102650.403723078
1.961940249809226 102631.4259242961
1.964175002176182 102612.4858739749
1.966394087699395 102593.6342285935
1.968591818311123 102574.921644631
1.970762505943627 102556.3987785665
1.972900462529166 102538.1162868792
1.975 102520.1248260482
1.977193702523292 102501.2929607908
1.979599758004526 102480.596733387
1.982190883983444 102458.2480166596
1.984939797999789 102434.4586834316
1.987819217593302 102409.440606526
1.990801860303726 102383.4056587658
1.993860443670803 102356.5657129738
1.996967685234276 102329.132641973
2.000096302533886 102301.3183185864
2.003219013109375 102273.3346156368
2.006308534500485 102245.3934059474
2.00933758424696 102217.7065623409
2.012278879888541 102190.4859576405
2.01510513896497 102163.9434646689
2.017789079015989 102138.2909562492
2.020303417581342 102113.7403052044
2.022620872200769 102090.5033843572
2.024714160414012 102068.7920665308
2.026555999760815 102048.818224548
2.028119107780919 102030.7937312319
2.029376202014067 102014.9304594053
2.0303 102001.4402818912
2.031041947994966 101990.3684065216
2.031760336262354 101981.0304340124
2.032438148352616 101972.5438265122
2.033058367816209 101964.0260461699
2.033603978203584 101954.594555134
2.034057963065197 101943.3668155533
2.034403305951502 101929.4602895765
2.034622990412951 101911.9924393523
2.0347 101890.0807270294
2.0347 101834.0484362177
2.0347 101878.0161454059
*END
