*KEYWORD
*DEFINE_CURVE_TITLE
SYNTHETIC screenshot reconstruction absolute pressure
$ LCID SIDR SFA SFO OFFA OFFO DATTYP
26 0 1.0 1.0 0.0 0.0 0
$ Not a CFD solver result; screenshot anchors plus interpolated rows.
$ X in metres; ordinate in metres or absolute pressure in Pa.
$ ABSCISSA ORDINATE
1.4791 101861.25
1.479851735675113 101740.0055763629
1.480724157317516 101621.8183540195
1.481711671244822 101507.0323604495
1.482808683774642 101395.9916231328
1.48400960122459 101289.0401695489
1.485308829912277 101186.5220271778
1.486700776155315 101088.7812234992
1.488179846271316 100996.1617859928
1.489740446577894 100909.0077421383
1.491376983392658 100827.6631194157
1.493083863033223 100752.4719453045
1.4948554918172 100683.7782472846
1.496686276062202 100621.9260528357
1.498570622085839 100567.2593894375
1.500502936205726 100520.1222845699
1.502477624739473 100480.8587657126
1.504489094004693 100449.8128603454
1.506531750318998 100427.3285959479
1.5086 100413.75
1.51071234126088 100404.9810204238
1.512911411375217 100396.7558100524
1.515227825251226 100389.1637037321
1.517692197797119 100382.294036309
1.52033514392111 100376.2361426294
1.523187278531413 100371.0793575393
1.52627921653624 100366.9130158852
1.529641572843804 100363.8264525131
1.53330496236232 100361.9090022693
1.5373 100361.25
1.542224457603239 100363.9958982036
1.548474587033738 100371.6465269461
1.555778723222672 100383.3212874251
1.563865201101215 100398.1395808383
1.57246235560054 100415.2208083832
1.581298521651822 100433.6843712575
1.590102034186235 100452.6496706587
1.598601228134953 100471.2361077844
1.60652443842915 100488.5630838323
1.6136 100503.75
1.619711731351954 100516.9598749781
1.625241775432379 100529.4916009821
1.630665953836827 100542.1683894972
1.63646008816085 100555.8134520081
1.6431 100571.25
1.651076798471014 100589.6955761717
1.660411382713937 100611.4438694945
1.670874259359286 100635.932310862
1.682235935037575 100662.5983311676
1.694266916379319 100690.879361305
1.706737710015032 100720.2128321676
1.719418822575228 100750.0361746489
1.732080760690424 100779.7868196426
1.744494030991133 100808.9021980421
1.756429140107871 100836.819740741
1.767656594671152 100862.9768786328
1.77794690131149 100886.8110426111
1.787070566659402 100907.7596635694
1.7947980973454 100925.2601724012
1.8009 100938.75
1.8060604877428 100949.928569077
1.811114687291474 100960.8657731598
1.816059475673645 100971.5547493667
1.820891729916942 100981.9886348158
1.825608327048989 100992.1605666256
1.830206144097412 101002.0636819143
1.834682058089838 101011.6911178
1.839032946053892 101021.0360114012
1.843255685017201 101030.091499836
1.847347152007389 101038.8507202228
1.851304224052085 101047.3068096798
1.855123778178912 101055.4529053253
1.858802691415497 101063.2821442775
1.862337840789467 101070.7876636547
1.865726103328447 101077.9626005753
1.868964356060062 101084.8000921573
1.87204947601194 101091.2932755192
1.874978340211706 101097.4352877792
1.877747825686985 101103.2192660556
1.880354809465405 101108.6383474665
1.88279616857459 101113.6856691304
1.885068780042167 101118.3543681654
1.887169520895762 101122.6375816899
1.889095268163 101126.5284468221
1.890842898871508 101130.0201006802
1.892409290048911 101133.1056803826
1.893791318722836 101135.7783230475
1.894985861920909 101138.0311657932
1.895989796670755 101139.857345738
1.8968 101141.25
1.897504777027824 101142.3945863586
1.898189300872436 101143.4827125264
1.898845750560009 101144.5167405217
1.899466305116718 101145.499032363
1.900043143568734 101146.4319500687
1.90056844494223 101147.3178556572
1.901034388263381 101148.1591111467
1.901433152558359 101148.9580785558
1.901756916853336 101149.7171199027
1.901997860174487 101150.438597206
1.902148161547984 101151.124872484
1.9022 101151.7783077551
1.9022 101152.4012650377
1.9022 101152.9961063501
1.9022 101153.5651937107
1.9022 101154.110889138
1.9022 101154.6355546504
1.902063682752588 101155.1415522661
1.901674558973611 101155.6312440037
1.90106237060796 101156.1069918815
1.900256859600525 101156.5711579179
1.899287767896195 101157.0261041312
1.89818483743986 101157.47419254
1.896977810176411 101157.9177851625
1.895696428050736 101158.3592440171
1.894370433007727 101158.8009311223
1.893029566992273 101159.2452084964
1.891703571949264 101159.6944381579
1.890422189823589 101160.1509821251
1.88921516256014 101160.6172024164
1.888112232103805 101161.0954610501
1.887143140399475 101161.5881200448
1.88633762939204 101162.0975414187
1.885725441026389 101162.6260871903
1.885336317247412 101163.1761193779
1.8852 101163.75
1.8852 101164.3541497966
1.8852 101164.9905368101
1.8852 101165.6548440122
1.8852 101166.3427543747
1.8852 101167.0499508693
1.8852 101167.7721164678
1.8852 101168.5049341419
1.8852 101169.2440868634
1.8852 101169.985257604
1.8852 101170.7241293354
1.8852 101171.4563850295
1.8852 101172.177707658
1.8852 101172.8837801926
1.8852 101173.570285605
1.8852 101174.2329068671
1.8852 101174.8673269506
1.8852 101175.4692288272
1.8852 101176.0342954687
1.8852 101176.5582098467
1.8852 101177.0366549332
1.8852 101177.4653136998
1.8852 101177.8398691183
1.8852 101178.1560041604
1.8852 101178.4094017978
1.8852 101178.5957450024
1.8852 101178.7107167459
1.8852 101178.75
1.885336317247412 101178.5602443589
1.885725441026389 101177.9915941092
1.88633762939204 101177.0449742615
1.887143140399475 101175.7213098264
1.888112232103805 101174.0215258145
1.88921516256014 101171.9465472362
1.890422189823589 101169.4972991024
1.891703571949264 101166.6747064233
1.893029566992273 101163.4796942098
1.894370433007727 101159.9131874722
1.895696428050736 101155.9761112213
1.89697781017641 101151.6693904675
1.89818483743986 101146.9939502215
1.899287767896195 101141.9507154938
1.900256859600525 101136.5406112949
1.90106237060796 101130.7645626356
1.901674558973611 101124.6234945263
1.902063682752588 101118.1183319775
1.9022 101111.25
1.9022 101096.25
1.9022 101103.75
1.9022 101073.75
1.9022 100878.75
1.9022 100931.25
1.9019 101133.75
1.901473764201487 101133.6675640705
1.901008443436166 101133.421091076
1.900502608569841 101133.0118332081
1.899954830468316 101132.441042658
1.899363679997394 101131.709971617
1.89872772802288 101130.8198722765
1.898045545410577 101129.7719968278
1.897315703026289 101128.5675974622
1.896536771735819 101127.2079263711
1.895707322404973 101125.6942357459
1.894825925899552 101124.0277777778
1.893891153085361 101122.2098046582
1.892901574828205 101120.2415685783
1.891855761993886 101118.1243217297
1.890752285448208 101115.8593163035
1.889589716056975 101113.4478044912
1.888366624685991 101110.891038484
1.887081582201061 101108.1902704733
1.885733159467986 101105.3467526505
1.884319927352572 101102.3617372068
1.882840456720623 101099.2364763336
1.881293318437941 101095.9722222222
1.87967708337033 101092.570227064
1.877990322383595 101089.0317430503
1.876231606343539 101085.3580223725
1.874399506115967 101081.5503172218
1.872492592566681 101077.6098797896
1.870509436561485 101073.5379622673
1.868448608966184 101069.3358168461
1.866308680646582 101065.0046957175
1.864088222468481 101060.5458510727
1.861785805297686 101055.9605351031
1.8594 101051.25
1.856310890119993 101045.096625982
1.852026077680947 101036.4429889169
1.846735411266738 101025.6806344697
1.840628739461238 101013.2011083053
1.833895910848323 100999.3959560887
1.826726774011868 100984.6567234849
1.819311177535746 100969.3749561588
1.811838970003832 100953.9421997755
1.8045 100938.75
1.796983102179752 100923.1895499271
1.788917853248729 100906.4920052843
1.780405214866018 100888.8088556851
1.771546148690704 100870.2915907434
1.762441616381872 100851.0917000729
1.753192579598609 100831.3606732872
1.7439 100811.25
1.734381113316402 100790.3061290323
1.72449617649311 100768.2183870968
1.714410683011617 100745.3525806452
1.704290126353417 100722.074516129
1.6943 100698.75
1.684454536143907 100675.245483871
1.674643304480354 100651.3074193548
1.664844804744847 100627.1216129032
1.655037536672894 100602.8738709677
1.6452 100578.75
1.635255526638766 100554.0388888889
1.62521838519013 100528.6166666667
1.615203480422112 100503.55
1.605325717102729 100479.9055555555
1.5957 100458.75
1.585985082163669 100439.2205461394
1.576096917377082 100420.3283050848
1.566536211508661 100402.9507909605
1.557803670426827 100387.9655178908
1.5504 100376.25
1.54442447289398 100366.3029661017
1.5395 100361.25
1.535374266078023 100370.625
1.531751600927163 100391.25
1.528353135312721 100411.875
1.5249 100421.25
1.521196349991472 100417.734375
1.517430359884018 100410
1.513899189834556 100402.265625
1.5109 100398.75
1.508439481056489 100410.1842857143
1.506263418779224 100439.9528571429
1.504277615973714 100481.2542857143
1.502387875445469 100527.2871428572
1.5005 100571.25
1.498551553226227 100617.8406122449
1.496600670041376 100672.1289795918
1.494734010243411 100727.8720408163
1.493038233630298 100778.8267346939
1.4916 100818.75
1.49041576012183 100846.2079314332
1.489383971012971 100867.1319575649
1.488444301843197 100886.32701798
1.487536421782282 100908.5980522634
1.4866 100938.75
1.485657573693783 100985.0053513129
1.4847 101051.25
1.483690195420343 101145.7408728541
1.482636678192802 101273.1166485483
1.4815 101426.25
1.4802 101636.25
1.4791 101846.25
1.4782 102048.75
1.4774 102243.75
1.4767 102431.25
1.4762 102611.25
1.4757 102776.25
1.4754 102918.75
1.4751 103053.75
1.4748 103158.75
1.4746 103248.75
1.4745 103323.75
1.4744 103376.25
1.4743 103413.75
1.4743 103443.75
1.4742 103458.75
1.4742 103466.25
1.4742 103458.75
1.4743 103443.75
1.4743 103413.75
1.4744 103376.25
1.4745 103323.75
1.4746 103256.25
1.4748 103166.25
1.475 103061.25
1.4754 102933.75
1.4757 102791.25
1.4762 102626.25
1.4767 102453.75
1.4774 102258.75
1.4782 102063.75
1.4791 101861.25
2.0347 101726.25
2.0347 101726.25
2.0347 101726.25
2.0347 101706.3524947662
2.0347 101681.25
2.034635632747493 101671.4339177854
2.03444496925611 101662.7392811169
2.034131666925053 101655.0665677624
2.033699383153529 101648.3162554899
2.033151775340742 101642.3888220674
2.032492500885897 101637.184745263
2.031725217188197 101632.6045028447
2.030853581646848 101628.5485725804
2.029881251661056 101624.9174322382
2.028811884630023 101621.6115595861
2.027649137952956 101618.5314323921
2.026396669029058 101615.5775284242
2.025058135257534 101612.6503254503
2.023637194037589 101609.6503012387
2.022137502768426 101606.4779335571
2.020562718849253 101603.0337001736
2.018916499679273 101599.2180788564
2.017202502657689 101594.9315473732
2.015424385183709 101590.0745834922
2.013585804656535 101584.5476649814
2.011690418475372 101578.2512696088
2.009741884039426 101571.0858751423
2.0077438587479 101562.9519593501
2.0057 101553.75
2.003103877714197 101539.9323617342
1.999598236677489 101519.2879016124
1.995410496591872 101493.7218360292
1.990768077159341 101465.1393813791
1.985898398081893 101435.4457540566
1.981028879061524 101406.5461704562
1.976386939800227 101380.3458469725
1.9722 101358.75
1.968160196731171 101340.3645402124
1.963901278945489 101322.5919476541
1.959563084167073 101305.5322927755
1.955285449920046 101289.2856460269
1.95120821372853 101273.9520778588
1.947471213116645 101259.6316587217
1.944214285608514 101246.4244590659
1.941577268728259 101234.4305493419
1.9397 101223.75
1.938276718263103 101213.7544212524
1.936907728237056 101203.7643074004
1.935591966266167 101193.8030550284
1.934328368694742 101183.8940607211
1.933115871867089 101174.0607210626
1.931953412127515 101164.3264326376
1.930839925820327 101154.7145920304
1.929774349289832 101145.2485958254
1.928755618880337 101135.9518406072
1.92778267093615 101126.8477229601
1.926854441801578 101117.9596394687
1.925969867820927 101109.3109867173
1.925127885338506 101100.9251612903
1.92432743069862 101092.8255597723
1.923567440245578 101085.0355787476
1.922846850323686 101077.5786148008
1.922164597277252 101070.4780645161
1.921519617450582 101063.7573244782
1.920910847187985 101057.4397912713
1.920337222833766 101051.5488614801
1.919797680732234 101046.1079316888
1.919291157227694 101041.140398482
1.918816588664456 101036.669658444
1.918372911386825 101032.7191081594
1.917959061739109 101029.3121442125
1.917573976065614 101026.4721631879
1.91721659071065 101024.2225616698
1.91688584201852 101022.5867362429
1.916580666333535 101021.5880834915
1.9163 101021.25
1.9161 101028.75
1.915864195949796 101042.4533291674
1.915617820906621 101062.7635642445
1.915360538639739 101088.5614193894
1.915092012918413 101118.7276087603
1.914811907511907 101152.1428465155
1.914519886189487 101187.6878468131
1.914215612720413 101224.2433238112
1.913898750873951 101260.6899916682
1.913568964419365 101295.908564542
1.913225917125917 101328.7797565911
1.912869272762873 101358.1842819735
1.912498695099495 101383.0028548473
1.912113847905048 101402.116189371
1.911714394948795 101414.4049997024
1.9113 101418.75
1.910821607866402 101408.9763374486
1.910249939023384 101382.7829218107
1.909614320741679 101344.8611111111
1.908944080292019 101299.9022633745
1.908268544945134 101252.5977366255
1.907617041971759 101207.6388888889
1.907018898642623 101169.7170781893
1.906503442228459 101143.5236625515
1.9061 101133.75
1.90577300818716 101134.0259455408
1.905466362996439 101134.8107473349
1.905178581663439 101136.0398531403
1.904908181423763 101137.6487107148
1.904653679513015 101139.5727678163
1.904413593166798 101141.7474722027
1.904186439620715 101144.1082716317
1.903970736110369 101146.5906138614
1.903764999871365 101149.1299466494
1.903567748139305 101151.6617177537
1.903377498149792 101154.1213749322
1.903192767138431 101156.4443659426
1.903012072340823 101158.566138543
1.902833930992573 101160.422140491
1.902656860329283 101161.9478195446
1.902479377586558 101163.0786234617
1.9023 101163.75
1.902117113763451 101164.164497593
1.901930454753602 101164.5676719885
1.90174056473033 101164.9594819164
1.90154798545351 101165.3398861066
1.90135325868302 101165.7088432888
1.901156926178737 101166.0663121928
1.900959529700537 101166.4122515486
1.900761611008296 101166.7466200859
1.900563711861892 101167.0693765346
1.900366374021201 101167.3804796244
1.900170139246101 101167.6798880853
1.899975549296466 101167.967560647
1.899783145932175 101168.2434560393
1.899593470913103 101168.5075329922
1.899407065999129 101168.7597502354
1.899224472950128 101169.0000664987
1.899046233525976 101169.228440512
1.898872889486551 101169.4448310051
1.898704982591729 101169.6491967078
1.898543054601388 101169.84149635
1.898387647275402 101170.0216886615
1.898239302373651 101170.189732372
1.898098561656009 101170.3455862116
1.897965966882354 101170.4892089098
1.897842059812562 101170.6205591967
1.897727382206511 101170.739595802
1.897622475824076 101170.8462774556
1.897527882425134 101170.9405628872
1.897444143769563 101171.0224108267
1.897371801617238 101171.0917800039
1.897311397728037 101171.1486291487
1.897263473861836 101171.1929169909
1.897228571778511 101171.2246022603
1.897207233237941 101171.2436436867
1.8972 101171.25
1.897209217885099 101171.1963254917
1.897236192296123 101171.0399054432
1.897279904366657 101170.7876450694
1.897339335230292 101170.4464495849
1.897413466020613 101170.0232242046
1.89750127787121 101169.5248741432
1.897601751915669 101168.9583046155
1.897713869287579 101168.3304208363
1.897836611120528 101167.6481280202
1.897968958548102 101166.9183313821
1.898109892703891 101166.1479361368
1.898258394721481 101165.343847499
1.898413445734461 101164.5129706834
1.898574026876418 101163.6622109048
1.898739119280941 101162.798473378
1.898907704081616 101161.9286633178
1.899078762412032 101161.0596859389
1.899251275405777 101160.1984464561
1.899424224196437 101159.3518500841
1.899596589917603 101158.5268020378
1.899767353702859 101157.7302075318
1.899935496685796 101156.968971781
1.9001 101156.25
1.900262143651123 101155.5267249927
1.900424256217856 101154.7515514727
1.900586891693345 101153.9298425197
1.900750604070738 101153.0669612132
1.900915947343182 101152.1682706328
1.901083475503822 101151.2391338583
1.901253742545806 101150.2849139691
1.901427302462281 101149.3109740449
1.901604709246394 101148.3226771654
1.90178651689129 101147.32538641
1.901973279390118 101146.3244648586
1.902165550736024 101145.3252755906
1.902363884922154 101144.3331816856
1.902568835941656 101143.3535462234
1.902780957787676 101142.3917322835
1.903000804453361 101141.4531029455
1.903228929931859 101140.543021289
1.903465888216314 101139.6668503937
1.903712233299876 101138.8299533392
1.903968519175689 101138.037693205
1.904235299836902 101137.2954330709
1.904513129276661 101136.6085360163
1.904802561488112 101135.982365121
1.905104150464403 101135.4222834646
1.90541845019868 101134.9336541266
1.905746014684091 101134.5218401866
1.906087397913781 101134.1922047244
1.906443153880898 101133.9501108195
1.906813836578589 101133.8009215515
1.9072 101133.75
1.907711782764759 101158.1944444444
1.908403364694802 101219.3055555555
1.909191361586739 101298.75
1.909992389237178 101378.1944444444
1.910723063442729 101439.3055555555
1.9113 101463.75
1.911759714077242 101459.4764744821
1.912195065555691 101447.3555543634
1.912607187301437 101428.4367242963
1.91299721218057 101403.7694689333
1.91336627305918 101374.4032729267
1.913715502803356 101341.387620929
1.914046034279189 101305.7719975927
1.914359000352768 101268.6058875702
1.914655533890183 101230.938775514
1.914936767757524 101193.8201460764
1.915203834820881 101158.2994839099
1.915457867946343 101125.426273667
1.9157 101096.25
1.915886546549907 101063.2555057096
1.9161 101043.75
1.916464068489228 101044.2626149785
1.91697173603144 101045.773713252
1.917617314558897 101048.2431748276
1.918395116003857 101051.6308797124
1.91929945229858 101055.8967079133
1.920324635375326 101061.0005394375
1.921464977166355 101066.902254292
1.922714789603927 101073.5617324839
1.9240683846203 101080.9388540202
1.925520074147736 101088.9934989079
1.927064170118493 101097.6855471542
1.928694984464831 101106.9748787661
1.93040682911901 101116.8213737506
1.932194016013291 101127.1849121148
1.934050857079931 101138.0253738657
1.935971664251191 101149.3026390105
1.937950749459332 101160.9765875561
1.939982424636612 101173.0070995097
1.942061001715292 101185.3540548782
1.94418079262763 101197.9773336687
1.946336109305887 101210.8368158883
1.948521263682322 101223.8923815441
1.950730567689196 101237.103910643
1.952958333258767 101250.4312831922
1.955198872323296 101263.8343791987
1.957446496815043 101277.2730786696
1.959695518666266 101290.7072616118
1.961940249809226 101304.0968080326
1.964175002176182 101317.4015979388
1.966394087699395 101330.5815113377
1.968591818311123 101343.5964282362
1.970762505943627 101356.4062286414
1.972900462529166 101368.9707925603
1.975 101381.25
1.977193702523292 101394.2795697072
1.979599758004526 101408.9742245771
1.982190883983444 101425.1123508394
1.984939797999789 101442.472334724
1.987819217593302 101460.8325624606
1.990801860303726 101479.9714202789
1.993860443670803 101499.6672944089
1.996967685234276 101519.6985710802
2.000096302533886 101539.8436365227
2.003219013109375 101559.8808769661
2.006308534500485 101579.5886786402
2.00933758424696 101598.7454277747
2.012278879888541 101617.1295105996
2.01510513896497 101634.5193133445
2.017789079015989 101650.6932222393
2.020303417581342 101665.4296235137
2.022620872200769 101678.5069033975
2.024714160414012 101689.7034481205
2.026555999760815 101698.7976439124
2.028119107780919 101705.5678770032
2.029376202014067 101709.7925336224
2.0303 101711.25
2.031041947994966 101710.8700174221
2.031760336262354 101709.7348757923
2.032438148352616 101707.851784266
2.033058367816209 101705.227951999
2.033603978203584 101701.8705881469
2.034057963065197 101697.7869018654
2.034403305951502 101692.9841023099
2.034622990412951 101687.4693986363
2.0347 101681.25
2.0347 101666.25
2.0347 101726.25
*END
