*KEYWORD
*DEFINE_CURVE_TITLE
SYNTHETIC screenshot reconstruction absolute pressure
$ LCID SIDR SFA SFO OFFA OFFO DATTYP
26 0 1.0 1.0 0.0 0.0 0
$ Not a CFD solver result; screenshot anchors plus interpolated rows.
$ X in metres; ordinate in metres or absolute pressure in Pa.
$ ABSCISSA ORDINATE
1.4791 102040
1.479851735675113 101878.3407684839
1.480724157317516 101720.7578053593
1.481711671244822 101567.7098139327
1.482808683774642 101419.6554975103
1.48400960122459 101277.0535593986
1.485308829912277 101140.3627029038
1.486700776155315 101010.0416313322
1.488179846271316 100886.5490479904
1.489740446577894 100770.3436561845
1.491376983392658 100661.8841592209
1.493083863033223 100561.629260406
1.4948554918172 100470.0376630461
1.496686276062202 100387.5680704476
1.498570622085839 100314.6791859167
1.500502936205726 100251.8297127599
1.502477624739473 100199.4783542835
1.504489094004693 100158.0838137938
1.506531750318998 100128.1047945972
1.5086 100110
1.51071234126088 100098.3080272317
1.512911411375217 100087.3410800699
1.515227825251226 100077.2182716428
1.517692197797119 100068.0587150787
1.52033514392111 100059.9815235058
1.523187278531413 100053.1058100524
1.52627921653624 100047.5506878469
1.529641572843804 100043.4352700175
1.53330496236232 100040.8786696924
1.5373 100040
1.542224457603239 100043.6611976048
1.548474587033738 100053.8620359281
1.555778723222672 100069.4283832335
1.563865201101215 100089.1861077844
1.57246235560054 100111.9610778443
1.581298521651822 100136.5791616766
1.590102034186235 100161.8662275449
1.598601228134953 100186.6481437126
1.60652443842915 100209.7507784431
1.6136 100230
1.619711731351954 100247.6131666374
1.625241775432379 100264.3221346428
1.630665953836827 100281.2245193295
1.63646008816085 100299.4179360108
1.6431 100320
1.651076798471014 100344.5941015623
1.660411382713937 100373.5918259927
1.670874259359286 100406.2430811493
1.682235935037575 100441.7977748902
1.694266916379319 100479.5058150733
1.706737710015032 100518.6171095567
1.719418822575228 100558.3815661986
1.732080760690424 100598.0490928568
1.744494030991133 100636.8695973895
1.756429140107871 100674.0929876547
1.767656594671152 100708.9691715105
1.77794690131149 100740.7480568148
1.787070566659402 100768.6795514259
1.7947980973454 100792.0135632016
1.8009 100810
1.8060604877428 100824.9047587693
1.811114687291474 100839.4876975464
1.816059475673645 100853.7396658222
1.820891729916942 100867.6515130878
1.825608327048989 100881.2140888341
1.830206144097412 100894.4182425523
1.834682058089838 100907.2548237334
1.839032946053892 100919.7146818683
1.843255685017201 100931.7886664481
1.847347152007389 100943.4676269638
1.851304224052085 100954.7424129064
1.855123778178912 100965.603873767
1.858802691415497 100976.0428590367
1.862337840789467 100986.0502182063
1.865726103328447 100995.616800767
1.868964356060062 101004.7334562098
1.87204947601194 101013.3910340256
1.874978340211706 101021.5803837056
1.877747825686985 101029.2923547407
1.880354809465405 101036.517796622
1.88279616857459 101043.2475588405
1.885068780042167 101049.4724908872
1.887169520895762 101055.1834422532
1.889095268163 101060.3712624294
1.890842898871508 101065.026800907
1.892409290048911 101069.1409071768
1.893791318722836 101072.70443073
1.894985861920909 101075.7082210576
1.895989796670755 101078.1431276506
1.8968 101080
1.897504777027824 101081.5261151448
1.898189300872436 101082.9769500352
1.898845750560009 101084.355654029
1.899466305116718 101085.665376484
1.900043143568734 101086.9092667583
1.90056844494223 101088.0904742095
1.901034388263381 101089.2121481956
1.901433152558359 101090.2774380744
1.901756916853336 101091.2894932037
1.901997860174487 101092.2514629414
1.902148161547984 101093.1664966454
1.9022 101094.0377436735
1.9022 101094.8683533835
1.9022 101095.6614751334
1.9022 101096.420258281
1.9022 101097.147852184
1.9022 101097.8474062005
1.902063682752588 101098.5220696882
1.901674558973611 101099.174992005
1.90106237060796 101099.8093225086
1.900256859600525 101100.4282105572
1.899287767896195 101101.0348055083
1.89818483743986 101101.63225672
1.896977810176411 101102.22371355
1.895696428050736 101102.8123253562
1.894370433007727 101103.4012414964
1.893029566992273 101103.9936113286
1.891703571949264 101104.5925842105
1.890422189823589 101105.2013095001
1.88921516256014 101105.8229365551
1.888112232103805 101106.4606147335
1.887143140399475 101107.117493393
1.88633762939204 101107.7967218916
1.885725441026389 101108.501449587
1.885336317247412 101109.2348258372
1.8852 101110
1.8852 101110.8055330622
1.8852 101111.6540490802
1.8852 101112.5397920163
1.8852 101113.457005833
1.8852 101114.3999344924
1.8852 101115.3628219571
1.8852 101116.3399121892
1.8852 101117.3254491512
1.8852 101118.3136768053
1.8852 101119.2988391139
1.8852 101120.2751800394
1.8852 101121.236943544
1.8852 101122.1783735901
1.8852 101123.0937141401
1.8852 101123.9772091562
1.8852 101124.8231026008
1.8852 101125.6256384362
1.8852 101126.3790606249
1.8852 101127.077613129
1.8852 101127.7155399109
1.8852 101128.2870849331
1.8852 101128.7864921577
1.8852 101129.2080055471
1.8852 101129.5458690638
1.8852 101129.7943266699
1.8852 101129.9476223279
1.8852 101130
1.885336317247412 101129.7469924785
1.885725441026389 101128.9887921456
1.88633762939204 101127.7266323487
1.887143140399475 101125.9617464352
1.888112232103805 101123.6953677526
1.88921516256014 101120.9287296483
1.890422189823589 101117.6630654698
1.891703571949264 101113.8996085645
1.893029566992273 101109.6395922797
1.894370433007727 101104.884249963
1.895696428050736 101099.6348149617
1.89697781017641 101093.8925206234
1.89818483743986 101087.6586002953
1.899287767896195 101080.934287325
1.900256859600525 101073.7208150599
1.90106237060796 101066.0194168474
1.901674558973611 101057.831326035
1.902063682752588 101049.1577759701
1.9022 101040
1.9022 101020
1.9022 101030
1.9022 100990
1.9022 100730
1.9022 100800
1.9019 101070
1.901473764201487 101069.8900854273
1.901008443436166 101069.5614547681
1.900502608569841 101069.0157776108
1.899954830468316 101068.254723544
1.899363679997394 101067.279962156
1.89872772802288 101066.0931630353
1.898045545410577 101064.6959957704
1.897315703026289 101063.0901299496
1.896536771735819 101061.2772351615
1.895707322404973 101059.2589809945
1.894825925899552 101057.037037037
1.893891153085361 101054.6130728775
1.892901574828205 101051.9887581045
1.891855761993886 101049.1657623063
1.890752285448208 101046.1457550714
1.889589716056975 101042.9304059883
1.888366624685991 101039.5213846453
1.887081582201061 101035.9203606311
1.885733159467986 101032.129003534
1.884319927352572 101028.1489829424
1.882840456720623 101023.9819684448
1.881293318437941 101019.6296296296
1.87967708337033 101015.0936360854
1.877990322383595 101010.3756574005
1.876231606343539 101005.4773631633
1.874399506115967 101000.4004229624
1.872492592566681 100995.1465063862
1.870509436561485 100989.7172830231
1.868448608966184 100984.1144224615
1.866308680646582 100978.33959429
1.864088222468481 100972.3944680969
1.861785805297686 100966.2807134708
1.8594 100960
1.856310890119993 100951.7955013094
1.852026077680947 100940.2573185559
1.846735411266738 100925.9075126263
1.840628739461238 100909.268144407
1.833895910848323 100890.8612747849
1.826726774011868 100871.2089646465
1.819311177535746 100850.8332748784
1.811838970003832 100830.2562663674
1.8045 100810
1.796983102179752 100789.2527332361
1.788917853248729 100766.989340379
1.780405214866018 100743.4118075802
1.771546148690704 100718.7221209913
1.762441616381872 100693.1222667639
1.753192579598609 100666.8142310496
1.7439 100640
1.734381113316402 100612.0748387097
1.72449617649311 100582.624516129
1.714410683011617 100552.1367741935
1.704290126353417 100521.0993548387
1.6943 100490
1.684454536143907 100458.6606451613
1.674643304480354 100426.7432258065
1.664844804744847 100394.495483871
1.655037536672894 100362.1651612903
1.6452 100330
1.635255526638766 100297.0518518519
1.62521838519013 100263.1555555556
1.615203480422112 100229.7333333333
1.605325717102729 100198.2074074074
1.5957 100170
1.585985082163669 100143.9607281858
1.576096917377082 100118.7710734463
1.566536211508661 100095.6010546139
1.557803670426827 100075.620690521
1.5504 100060
1.54442447289398 100046.7372881356
1.5395 100040
1.535374266078023 100052.5
1.531751600927163 100080
1.528353135312721 100107.5
1.5249 100120
1.521196349991472 100115.3125
1.517430359884018 100105
1.513899189834556 100094.6875
1.5109 100090
1.508439481056489 100105.2457142857
1.506263418779224 100144.9371428571
1.504277615973714 100200.0057142857
1.502387875445469 100261.3828571429
1.5005 100320
1.498551553226227 100382.1208163265
1.496600670041376 100454.5053061224
1.494734010243411 100528.8293877551
1.493038233630298 100596.7689795918
1.4916 100650
1.49041576012183 100686.6105752443
1.489383971012971 100714.5092767532
1.488444301843197 100740.10269064
1.487536421782282 100769.7974030179
1.4866 100810
1.485657573693783 100871.6738017505
1.4847 100960
1.483690195420343 101085.9878304721
1.482636678192802 101255.8221980644
1.4815 101460
1.4802 101740
1.4791 102020
1.4782 102290
1.4774 102550
1.4767 102800
1.4762 103040
1.4757 103260
1.4754 103450
1.4751 103630
1.4748 103770
1.4746 103890
1.4745 103990
1.4744 104060
1.4743 104110
1.4743 104150
1.4742 104170
1.4742 104180
1.4742 104170
1.4743 104150
1.4743 104110
1.4744 104060
1.4745 103990
1.4746 103900
1.4748 103780
1.475 103640
1.4754 103470
1.4757 103280
1.4762 103060
1.4767 102830
1.4774 102570
1.4782 102310
1.4791 102040
2.0347 101860
2.0347 101860
2.0347 101860
2.0347 101833.4699930216
2.0347 101800
2.034635632747493 101786.9118903806
2.03444496925611 101775.3190414892
2.034131666925053 101765.0887570165
2.033699383153529 101756.0883406532
2.033151775340742 101748.1850960899
2.032492500885897 101741.2463270174
2.031725217188197 101735.1393371263
2.030853581646848 101729.7314301072
2.029881251661056 101724.889909651
2.028811884630023 101720.4820794481
2.027649137952956 101716.3752431895
2.026396669029058 101712.4367045656
2.025058135257534 101708.5337672671
2.023637194037589 101704.5337349849
2.022137502768426 101700.3039114094
2.020562718849253 101695.7116002315
2.018916499679273 101690.6241051418
2.017202502657689 101684.9087298309
2.015424385183709 101678.4327779896
2.013585804656535 101671.0635533085
2.011690418475372 101662.6683594784
2.009741884039426 101653.1145001898
2.0077438587479 101642.2692791334
2.0057 101630
2.003103877714197 101611.5764823123
1.999598236677489 101584.0505354833
1.995410496591872 101549.9624480389
1.990768077159341 101511.8525085054
1.985898398081893 101472.2610054087
1.981028879061524 101433.7282272749
1.976386939800227 101398.79446263
1.9722 101370
1.968160196731171 101345.4860536166
1.963901278945489 101321.7892635389
1.959563084167073 101299.043057034
1.955285449920046 101277.3808613692
1.95120821372853 101256.9361038118
1.947471213116645 101237.8422116289
1.944214285608514 101220.2326120879
1.941577268728259 101204.2407324558
1.9397 101190
1.938276718263103 101176.6725616698
1.936907728237056 101163.3524098672
1.935591966266167 101150.0707400379
1.934328368694742 101136.8587476281
1.933115871867089 101123.7476280835
1.931953412127515 101110.7685768501
1.930839925820327 101097.9527893738
1.929774349289832 101085.3314611006
1.928755618880337 101072.9357874763
1.92778267093615 101060.7969639469
1.926854441801578 101048.9461859583
1.925969867820927 101037.4146489564
1.925127885338506 101026.2335483871
1.92432743069862 101015.4340796964
1.923567440245578 101005.0474383302
1.922846850323686 100995.1048197343
1.922164597277252 100985.6374193548
1.921519617450582 100976.6764326376
1.920910847187985 100968.2530550285
1.920337222833766 100960.3984819734
1.919797680732234 100953.1439089184
1.919291157227694 100946.5205313093
1.918816588664456 100940.559544592
1.918372911386825 100935.2921442125
1.917959061739109 100930.7495256167
1.917573976065614 100926.9628842505
1.91721659071065 100923.9634155598
1.91688584201852 100921.7823149905
1.916580666333535 100920.4507779886
1.9163 100920
1.9161 100930
1.915864195949796 100948.2711055566
1.915617820906621 100975.3514189926
1.915360538639739 101009.7485591859
1.915092012918413 101049.9701450138
1.914811907511907 101094.523795354
1.914519886189487 101141.9171290841
1.914215612720413 101190.6577650816
1.913898750873951 101239.2533222242
1.913568964419365 101286.2114193894
1.913225917125917 101330.0396754548
1.912869272762873 101369.2457092979
1.912498695099495 101402.3371397965
1.912113847905048 101427.8215858279
1.911714394948795 101444.2066662699
1.9113 101450
1.910821607866402 101436.9684499314
1.910249939023384 101402.0438957476
1.909614320741679 101351.4814814815
1.908944080292019 101291.536351166
1.908268544945134 101228.463648834
1.907617041971759 101168.5185185185
1.907018898642623 101117.9561042524
1.906503442228459 101083.0315500686
1.9061 101070
1.90577300818716 101070.3679273877
1.905466362996439 101071.4143297798
1.905178581663439 101073.0531375204
1.904908181423763 101075.1982809531
1.904653679513015 101077.7636904218
1.904413593166798 101080.6632962703
1.904186439620715 101083.8110288423
1.903970736110369 101087.1208184818
1.903764999871365 101090.5065955325
1.903567748139305 101093.8822903383
1.903377498149792 101097.1618332429
1.903192767138431 101100.2591545902
1.903012072340823 101103.0881847239
1.902833930992573 101105.562853988
1.902656860329283 101107.5970927261
1.902479377586558 101109.1048312822
1.9023 101110
1.902117113763451 101110.5526634573
1.901930454753602 101111.090229318
1.90174056473033 101111.6126425552
1.90154798545351 101112.1198481421
1.90135325868302 101112.6117910517
1.901156926178737 101113.0884162571
1.900959529700537 101113.5496687315
1.900761611008296 101113.9954934479
1.900563711861892 101114.4258353794
1.900366374021201 101114.8406394992
1.900170139246101 101115.2398507804
1.899975549296466 101115.623414196
1.899783145932175 101115.9912747191
1.899593470913103 101116.3433773229
1.899407065999129 101116.6796669805
1.899224472950128 101117.0000886649
1.899046233525976 101117.3045873493
1.898872889486551 101117.5931080068
1.898704982591729 101117.8655956104
1.898543054601388 101118.1219951333
1.898387647275402 101118.3622515486
1.898239302373651 101118.5863098294
1.898098561656009 101118.7941149487
1.897965966882354 101118.9856118798
1.897842059812562 101119.1607455956
1.897727382206511 101119.3194610693
1.897622475824076 101119.4617032741
1.897527882425134 101119.5874171829
1.897444143769563 101119.6965477689
1.897371801617238 101119.7890400052
1.897311397728037 101119.8648388649
1.897263473861836 101119.9238893212
1.897228571778511 101119.9661363471
1.897207233237941 101119.9915249156
1.8972 101120
1.897209217885099 101119.9284339889
1.897236192296123 101119.7198739243
1.897279904366657 101119.3835267592
1.897339335230292 101118.9285994466
1.897413466020613 101118.3642989395
1.89750127787121 101117.699832191
1.897601751915669 101116.9444061541
1.897713869287579 101116.1072277817
1.897836611120528 101115.197504027
1.897968958548102 101114.2244418429
1.898109892703891 101113.1972481824
1.898258394721481 101112.1251299986
1.898413445734461 101111.0172942445
1.898574026876418 101109.8829478731
1.898739119280941 101108.7312978374
1.898907704081616 101107.5715510904
1.899078762412032 101106.4129145852
1.899251275405777 101105.2645952748
1.899424224196437 101104.1358001122
1.899596589917603 101103.0357360504
1.899767353702859 101101.9736100424
1.899935496685796 101100.9586290413
1.9001 101100
1.900262143651123 101099.0356333236
1.900424256217856 101098.0020686303
1.900586891693345 101096.9064566929
1.900750604070738 101095.7559482842
1.900915947343182 101094.5576941771
1.901083475503822 101093.3188451444
1.901253742545806 101092.0465519588
1.901427302462281 101090.7479653932
1.901604709246394 101089.4302362205
1.90178651689129 101088.1005152134
1.901973279390118 101086.7659531448
1.902165550736024 101085.4337007874
1.902363884922154 101084.1109089142
1.902568835941656 101082.8047282979
1.902780957787676 101081.5223097113
1.903000804453361 101080.2708039273
1.903228929931859 101079.0573617187
1.903465888216314 101077.8891338583
1.903712233299876 101076.7732711189
1.903968519175689 101075.7169242734
1.904235299836902 101074.7272440945
1.904513129276661 101073.8113813551
1.904802561488112 101072.976486828
1.905104150464403 101072.2297112861
1.90541845019868 101071.5782055021
1.905746014684091 101071.0291202489
1.906087397913781 101070.5896062992
1.906443153880898 101070.266814426
1.906813836578589 101070.067895402
1.9072 101070
1.907711782764759 101102.5925925926
1.908403364694802 101184.0740740741
1.909191361586739 101290
1.909992389237178 101395.9259259259
1.910723063442729 101477.4074074074
1.9113 101510
1.911759714077242 101504.3019659761
1.912195065555691 101488.1407391512
1.912607187301437 101462.9156323951
1.91299721218057 101430.0259585777
1.91336627305918 101390.8710305689
1.913715502803356 101346.8501612387
1.914046034279189 101299.362663457
1.914359000352768 101249.8078500937
1.914655533890183 101199.5850340187
1.914936767757524 101150.0935281019
1.915203834820881 101102.7326452132
1.915457867946343 101058.9016982226
1.9157 101020
1.915886546549907 100976.0073409462
1.9161 100950
1.916464068489228 100950.683486638
1.91697173603144 100952.698284336
1.917617314558897 100955.9908997702
1.918395116003857 100960.5078396165
1.91929945229858 100966.1956105511
1.920324635375326 100973.00071925
1.921464977166355 100980.8696723894
1.922714789603927 100989.7489766452
1.9240683846203 100999.5851386936
1.925520074147736 101010.3246652106
1.927064170118493 101021.9140628723
1.928694984464831 101034.2998383548
1.93040682911901 101047.4284983341
1.932194016013291 101061.2465494864
1.934050857079931 101075.7004984877
1.935971664251191 101090.736852014
1.937950749459332 101106.3021167415
1.939982424636612 101122.3427993462
1.942061001715292 101138.8054065042
1.94418079262763 101155.6364448916
1.946336109305887 101172.7824211844
1.948521263682322 101190.1898420587
1.950730567689196 101207.8052141907
1.952958333258767 101225.5750442563
1.955198872323296 101243.4458389316
1.957446496815043 101261.3641048927
1.959695518666266 101279.2763488158
1.961940249809226 101297.1290773768
1.964175002176182 101314.8687972518
1.966394087699395 101332.4420151169
1.968591818311123 101349.7952376482
1.970762505943627 101366.8749715218
1.972900462529166 101383.6277234137
1.975 101400
1.977193702523292 101417.3727596096
1.979599758004526 101436.9656327695
1.982190883983444 101458.4831344526
1.984939797999789 101481.629779632
1.987819217593302 101506.1100832808
1.990801860303726 101531.6285603719
1.993860443670803 101557.8897258785
1.996967685234276 101584.5980947736
2.000096302533886 101611.4581820302
2.003219013109375 101638.1745026214
2.006308534500485 101664.4515715202
2.00933758424696 101689.9939036997
2.012278879888541 101714.5060141328
2.01510513896497 101737.6924177927
2.017789079015989 101759.2576296524
2.020303417581342 101778.9061646849
2.022620872200769 101796.3425378633
2.024714160414012 101811.2712641606
2.026555999760815 101823.3968585499
2.028119107780919 101832.4238360042
2.029376202014067 101838.0567114966
2.0303 101840
2.031041947994966 101839.4933565628
2.031760336262354 101837.9798343897
2.032438148352616 101835.469045688
2.033058367816209 101831.9706026654
2.033603978203584 101827.4941175292
2.034057963065197 101822.0492024871
2.034403305951502 101815.6454697466
2.034622990412951 101808.292531515
2.0347 101800
2.0347 101780
2.0347 101860
*END
