*KEYWORD
*DEFINE_CURVE_TITLE
SYNTHETIC screenshot reconstruction absolute pressure
$ LCID SIDR SFA SFO OFFA OFFO DATTYP
26 0 1.0 1.0 0.0 0.0 0
$ Not a CFD solver result; screenshot anchors plus interpolated rows.
$ X in metres; ordinate in metres or absolute pressure in Pa.
$ ABSCISSA ORDINATE
1.4791 102744.6214161463
1.479851735675113 102697.3835938281
1.480724157317516 102652.3798078574
1.481711671244822 102609.9650234205
1.482808683774642 102570.4942057036
1.48400960122459 102534.3223198928
1.485308829912277 102501.8043311744
1.486700776155315 102473.2952047346
1.488179846271316 102449.1499057597
1.489740446577894 102429.7233994357
1.491376983392658 102415.370650949
1.493083863033223 102406.4466254859
1.4948554918172 102403.3062882323
1.496686276062202 102406.3046043747
1.498570622085839 102415.7965390991
1.500502936205726 102432.1370575919
1.502477624739473 102455.6811250392
1.504489094004693 102486.7837066273
1.506531750318998 102525.7997675423
1.5086 102573.0842729706
1.51071234126088 102623.9025687191
1.512911411375217 102673.5707520111
1.515227825251226 102722.5199151563
1.517692197797119 102771.1811504648
1.52033514392111 102819.9855502465
1.523187278531413 102869.3642068113
1.52627921653624 102919.7482124692
1.529641572843804 102971.5686595302
1.53330496236232 103025.256640304
1.5373 103081.2432471008
1.542224457603239 103145.7224279381
1.548474587033738 103222.0905935654
1.555778723222672 103306.5825303906
1.563865201101215 103395.4330248216
1.57246235560054 103484.876863266
1.581298521651822 103571.1488321317
1.590102034186235 103650.4837178266
1.598601228134953 103719.1163067584
1.60652443842915 103773.2813853351
1.6136 103809.2137399643
1.619711731351954 103833.6581998702
1.625241775432379 103856.0057605871
1.630665953836827 103876.4604579879
1.63646008816085 103895.2263279457
1.6431 103912.5074063336
1.651076798471014 103923.1073354121
1.660411382713937 103922.5480580915
1.670874259359286 103912.1110612198
1.682235935037575 103893.0778316449
1.694266916379319 103866.729856215
1.706737710015032 103834.3486217779
1.719418822575228 103797.2156151816
1.732080760690424 103756.6123232742
1.744494030991133 103713.8202329036
1.756429140107871 103670.1208309179
1.767656594671152 103626.7956041649
1.77794690131149 103585.1260394927
1.787070566659402 103546.3936237493
1.7947980973454 103511.8798437826
1.8009 103482.8661864407
1.8060604877428 103456.9417706702
1.811114687291474 103430.8793241209
1.816059475673645 103404.7357466955
1.820891729916942 103378.5679382968
1.825608327048989 103352.4327988274
1.830206144097412 103326.3872281901
1.834682058089838 103300.4881262875
1.839032946053892 103274.7923930223
1.843255685017201 103249.3569282972
1.847347152007389 103224.238632015
1.851304224052085 103199.4944040784
1.855123778178912 103175.1811443899
1.858802691415497 103151.3557528525
1.862337840789467 103128.0751293686
1.865726103328447 103105.3961738412
1.868964356060062 103083.3757861727
1.87204947601194 103062.070866266
1.874978340211706 103041.5383140238
1.877747825686985 103021.8350293487
1.880354809465405 103003.0179121434
1.88279616857459 102985.1438623108
1.885068780042167 102968.2697797533
1.887169520895762 102952.4525643738
1.889095268163 102937.749116075
1.890842898871508 102924.2163347596
1.892409290048911 102911.9111203302
1.893791318722836 102900.8903726895
1.894985861920909 102891.2109917404
1.895989796670755 102882.9298773854
1.8968 102876.1039295272
1.897504777027824 102870.709969643
1.898189300872436 102866.506496225
1.898845750560009 102863.2229246982
1.899466305116718 102860.5886704881
1.900043143568734 102858.3331490199
1.90056844494223 102856.1857757187
1.901034388263381 102853.8759660098
1.901433152558359 102851.1331353185
1.901756916853336 102847.6866990701
1.901997860174487 102843.2660726897
1.902148161547984 102837.6006716026
1.9022 102830.4199112341
1.9022 102812.8058668202
1.9022 102782.4454752042
1.9022 102748.9754442225
1.9022 102722.0324817112
1.9022 102711.2532955067
1.902063682752588 102712.3496355205
1.901674558973611 102714.524486467
1.90106237060796 102717.6514083868
1.900256859600525 102721.6039613206
1.899287767896195 102726.255705309
1.89818483743986 102731.4802003926
1.896977810176411 102737.1510066121
1.895696428050736 102743.1416840082
1.894370433007727 102749.3257926214
1.893029566992273 102755.5768924924
1.891703571949264 102761.7685436619
1.890422189823589 102767.7743061705
1.88921516256014 102773.4677400588
1.888112232103805 102778.7224053675
1.887143140399475 102783.4118621371
1.88633762939204 102787.4096704085
1.885725441026389 102790.5893902221
1.885336317247412 102792.8245816186
1.8852 102793.9888046387
1.8852 102781.5066499526
1.8852 102744.2093189087
1.8852 102684.0802875646
1.8852 102603.1030319781
1.8852 102503.261028207
1.8852 102386.5377523088
1.8852 102254.9166803415
1.8852 102110.3812883626
1.8852 101954.91505243
1.8852 101790.5014486014
1.8852 101619.1239529344
1.8852 101442.7660414869
1.8852 101263.4111903166
1.8852 101083.0428754811
1.8852 100903.6445730382
1.8852 100727.1997590457
1.8852 100555.6919095613
1.8852 100391.1045006426
1.8852 100235.4210083475
1.8852 100090.6249087336
1.8852 99958.69967785878
1.8852 99841.62879178065
1.8852 99741.39572655695
1.8852 99659.98395824544
1.8852 99599.37696290384
1.8852 99561.55821658988
1.8852 99548.51119536128
1.885336317247412 99548.91178211817
1.885725441026389 99550.02829107738
1.88633762939204 99551.73284527172
1.887143140399475 99553.89756773403
1.888112232103805 99556.39458149711
1.88921516256014 99559.09600959381
1.890422189823589 99561.87397505694
1.891703571949264 99564.60060091932
1.893029566992273 99567.14801021377
1.894370433007727 99569.38832597314
1.895696428050736 99571.19367123021
1.89697781017641 99572.43616901785
1.89818483743986 99572.98794236884
1.899287767896195 99572.72111431602
1.900256859600525 99571.50780789222
1.90106237060796 99569.22014613026
1.901674558973611 99565.73025206297
1.902063682752588 99560.91024872314
1.9022 99554.63225914362
1.9022 99515.22748661909
1.9022 99498.32271409455
1.9022 99443.91794157002
1.9022 99224.5131690455
1.9022 99252.60839652097
1.9019 99451.93577609277
1.901473764201487 99447.36961876486
1.901008443436166 99442.22592658632
1.900502608569841 99436.49497318541
1.899954830468316 99430.16703219026
1.899363679997394 99423.2323772291
1.89872772802288 99415.68128193011
1.898045545410577 99407.50401992149
1.897315703026289 99398.69086483141
1.896536771735819 99389.23209028807
1.895707322404973 99379.11796991971
1.894825925899552 99368.33877735445
1.893891153085361 99356.88478622053
1.892901574828205 99344.74627014612
1.891855761993886 99331.91350275942
1.890752285448208 99318.3767576886
1.889589716056975 99304.12630856191
1.888366624685991 99289.15242900749
1.887081582201061 99273.44539265355
1.885733159467986 99256.99547312828
1.884319927352572 99239.79294405988
1.882840456720623 99221.82807907653
1.881293318437941 99203.09115180644
1.87967708337033 99183.57243587777
1.877990322383595 99163.26220491875
1.876231606343539 99142.15073255755
1.874399506115967 99120.22829242234
1.872492592566681 99097.48515814138
1.870509436561485 99073.91160334281
1.868448608966184 99049.49790165483
1.866308680646582 99024.23432670563
1.864088222468481 98998.11115212341
1.861785805297686 98971.11865153638
1.8594 98943.2470985727
1.856310890119993 98907.60967253502
1.852026077680947 98858.89691543509
1.846735411266738 98799.46514496488
1.840628739461238 98731.67067881627
1.833895910848323 98657.86983468116
1.826726774011868 98580.41893025149
1.819311177535746 98501.67428321915
1.811838970003832 98423.99221127608
1.8045 98349.72903211418
1.796983102179752 98275.44674326353
1.788917853248729 98197.1663761986
1.780405214866018 98116.43279952783
1.771546148690704 98034.79088185972
1.762441616381872 97953.78549180279
1.753192579598609 97874.96149796547
1.7439 97799.86376895629
1.734381113316402 97725.22258366877
1.72449617649311 97649.30631715772
1.714410683011617 97575.96698227347
1.704290126353417 97509.05659186639
1.6943 97452.4271587868
1.684454536143907 97401.81663721411
1.674643304480354 97352.25716750146
1.664844804744847 97306.54204175981
1.655037536672894 97267.46455210012
1.6452 97237.81799063337
1.635255526638766 97218.2679784978
1.62521838519013 97207.01740034616
1.615203480422112 97203.16544356116
1.605325717102729 97205.81129552546
1.5957 97214.05414362176
1.585985082163669 97239.7285387851
1.576096917377082 97289.11439416092
1.566536211508661 97352.9789404475
1.557803670426827 97422.08940834308
1.5504 97487.21302854594
1.54442447289398 97547.34220051352
1.5395 97610.01864406779
1.535374266078023 97681.68752263451
1.531751600927163 97761.31903514998
1.528353135312721 97841.29194612525
1.5249 97913.98502007137
1.521196349991472 97981.32617247207
1.517430359884018 98049.55133898195
1.513899189834556 98117.50131436839
1.5109 98184.01689339874
1.508439481056489 98257.94717821729
1.506263418779224 98345.96020343313
1.504277615973714 98443.6251625109
1.502387875445469 98546.51124891518
1.5005 98650.18765611062
1.498551553226227 98762.0686016402
1.496600670041376 98885.71741609547
1.494734010243411 99010.92696251388
1.493038233630298 99127.49010393284
1.4916 99225.19970338984
1.49041576012183 99301.46350045619
1.489383971012971 99365.71051140253
1.488444301843197 99425.76551431528
1.487536421782282 99489.45328728076
1.4866 99564.59860838536
1.485657573693783 99659.64662447483
1.4847 99779.51730374666
1.483690195420343 99933.435903572
1.482636678192802 100126.4431235044
1.4815 100354.7991369313
1.4802 100660.7098929527
1.4791 100962.9599330955
1.4782 101253.4472729706
1.4774 101532.0661585638
1.4767 101798.6376215433
1.4762 102053.161661909
1.4757 102288.0732002676
1.4754 102495.8966413916
1.4751 102691.6726599019
1.4748 102853.0151447368
1.4746 102994.9810403657
1.4745 103117.9201485281
1.4744 103214.3406041481
1.4743 103292.0189946476
1.4743 103362.5406789474
1.4742 103418.1599823372
1.4742 103466.250000035
1.4742 103499.34245814
1.4743 103524.9593210526
1.4743 103535.4810053524
1.4744 103538.1675307761
1.4745 103529.5798514719
1.4746 103510.0433644068
1.4748 103472.0092600357
1.475 103423.3436099465
1.4754 103356.6033586084
1.4757 103279.3942600357
1.4762 103184.2895285459
1.4767 103086.3217038359
1.4774 102970.425706512
1.4782 102859.1178064228
1.4791 102744.6214161463
2.0347 101739.7621090544
2.0347 101739.7621090544
2.0347 101712.7378909456
2.0347 101664.3397502416
2.0347 101613.6894547279
2.034635632747493 101583.6846948472
2.03444496925611 101556.5423618521
2.034131666925053 101531.9847925285
2.033699383153529 101509.7343236625
2.033151775340742 101489.5132920402
2.032492500885897 101471.0440344475
2.031725217188197 101454.0488876705
2.030853581646848 101438.2501884951
2.029881251661056 101423.3702737074
2.028811884630023 101409.1314800935
2.027649137952956 101395.2561444393
2.026396669029058 101381.4666035308
2.025058135257534 101367.4851941541
2.023637194037589 101353.0342530951
2.022137502768426 101337.83611714
2.020562718849253 101321.6131230747
2.018916499679273 101304.0876076853
2.017202502657689 101284.9819077577
2.015424385183709 101264.0183600779
2.013585804656535 101240.9193014321
2.011690418475372 101215.4070686062
2.009741884039426 101187.2039983862
2.0077438587479 101156.0324275582
2.0057 101121.6146929081
2.003103877714197 101073.8869405002
1.999598236677489 101006.4677877729
1.995410496591872 100924.6032785737
1.990768077159341 100833.53945675
1.985898398081893 100738.5223661495
1.981028879061524 100644.7980506194
1.976386939800227 100557.6125540072
1.9722 100482.2119201606
1.968160196731171 100413.1263828532
1.963901278945489 100342.54895664
1.959563084167073 100272.2198565404
1.955285449920046 100203.8792975736
1.95120821372853 100139.2674947589
1.947471213116645 100080.1246631154
1.944214285608514 100028.1910176626
1.941577268728259 99985.2067734197
1.9397 99952.91214540589
1.938276718263103 99926.86338519523
1.936907728237056 99901.46289894558
1.935591966266167 99876.72013355192
1.934328368694742 99852.64453590929
1.933115871867089 99829.24555291272
1.931953412127515 99806.53263145723
1.930839925820327 99784.51521843779
1.929774349289832 99763.20276074944
1.928755618880337 99742.60470528723
1.92778267093615 99722.73049894611
1.926854441801578 99703.58958862117
1.925969867820927 99685.19142120739
1.925127885338506 99667.54544359978
1.92432743069862 99650.66110269337
1.923567440245578 99634.54784538317
1.922846850323686 99619.21511856421
1.922164597277252 99604.6723691315
1.921519617450582 99590.92904398005
1.920910847187985 99577.99459000489
1.920337222833766 99565.87845410102
1.919797680732234 99554.59008316348
1.919291157227694 99544.13892408727
1.918816588664456 99534.5344237674
1.918372911386825 99525.7860290989
1.917959061739109 99517.90318697679
1.917573976065614 99510.89534429608
1.91721659071065 99504.77194795178
1.91688584201852 99499.54244483892
1.916580666333535 99495.21628185254
1.9163 99491.8029058876
1.9161 99497.10647636039
1.915864195949796 99511.07517032426
1.915617820906621 99532.17045076891
1.915360538639739 99559.25645831994
1.915092012918413 99591.19733360292
1.914811907511907 99626.85721724342
1.914519886189487 99665.100249867
1.914215612720413 99704.79057209921
1.913898750873951 99744.79232456567
1.913568964419365 99783.96964789189
1.913225917125917 99821.18668270348
1.912869272762873 99855.30756962599
1.912498695099495 99885.19644928499
1.912113847905048 99909.71746230607
1.911714394948795 99927.73474931475
1.9113 99938.11245093666
1.910821607866402 99937.69312272839
1.910249939023384 99926.38609268413
1.909614320741679 99907.65566008586
1.908944080292019 99884.96612421556
1.908268544945134 99861.78178435509
1.907617041971759 99841.56693978648
1.907018898642623 99827.78588979166
1.906503442228459 99823.9029336526
1.9061 99833.3823706512
1.90577300818716 99850.45558133385
1.905466362996439 99867.09456586558
1.905178581663439 99883.37455295645
1.904908181423763 99899.37077131646
1.904653679513015 99915.15844965568
1.904413593166798 99930.81281668412
1.904186439620715 99946.4091011118
1.903970736110369 99962.02253164876
1.903764999871365 99977.72833700506
1.903567748139305 99993.6017458907
1.903377498149792 100009.7179870157
1.903192767138431 100026.1522890902
1.903012072340823 100042.9798808241
1.902833930992573 100060.2759909275
1.902656860329283 100078.1158481104
1.902479377586558 100096.5746810828
1.9023 100115.7277185549
1.902117113763451 100135.7856968719
1.901930454753602 100156.882261003
1.90174056473033 100178.9770025935
1.90154798545351 100202.0295132888
1.90135325868302 100225.9993847343
1.901156926178737 100250.8462085755
1.900959529700537 100276.5295764578
1.900761611008296 100303.0090800265
1.900563711861892 100330.2443109271
1.900366374021201 100358.1948608049
1.900170139246101 100386.8203213054
1.899975549296466 100416.080284074
1.899783145932175 100445.9343407561
1.899593470913103 100476.342082997
1.899407065999129 100507.2631024423
1.899224472950128 100538.6569907373
1.899046233525976 100570.4833395273
1.898872889486551 100602.701740458
1.898704982591729 100635.2717851745
1.898543054601388 100668.1530653223
1.898387647275402 100701.3051725469
1.898239302373651 100734.6876984936
1.898098561656009 100768.2602348079
1.897965966882354 100801.9823731351
1.897842059812562 100835.8137051207
1.897727382206511 100869.71382241
1.897622475824076 100903.6423166485
1.897527882425134 100937.5587794816
1.897444143769563 100971.4228025547
1.897371801617238 101005.1939775131
1.897311397728037 101038.8318960024
1.897263473861836 101072.2961496678
1.897228571778511 101105.5463301549
1.897207233237941 101138.542029109
1.8972 101171.2428381755
1.897209217885099 101204.4146864337
1.897236192296123 101238.7514012236
1.897279904366657 101274.1044215817
1.897339335230292 101310.3251865443
1.897413466020613 101347.265135148
1.89750127787121 101384.7757064292
1.897601751915669 101422.7083394244
1.897713869287579 101460.9144731699
1.897836611120528 101499.2455467023
1.897968958548102 101537.5529990579
1.898109892703891 101575.6882692733
1.898258394721481 101613.5027963849
1.898413445734461 101650.848019429
1.898574026876418 101687.5753774423
1.898739119280941 101723.5363094611
1.898907704081616 101758.5822545218
1.899078762412032 101792.564651661
1.899251275405777 101825.334939915
1.899424224196437 101856.7445583204
1.899596589917603 101886.6449459135
1.899767353702859 101914.8875417308
1.899935496685796 101941.3237848087
1.9001 101965.8051141838
1.900262143651123 101988.7563179599
1.900424256217856 102010.7420285199
1.900586891693345 102031.8234513187
1.900750604070738 102052.0617918112
1.900915947343182 102071.5182554521
1.901083475503822 102090.2540476964
1.901253742545806 102108.3303739988
1.901427302462281 102125.8084398142
1.901604709246394 102142.7494505975
1.90178651689129 102159.2146118035
1.901973279390118 102175.2651288871
1.902165550736024 102190.9622073031
1.902363884922154 102206.3670525063
1.902568835941656 102221.5408699516
1.902780957787676 102236.5448650938
1.903000804453361 102251.4402433879
1.903228929931859 102266.2882102886
1.903465888216314 102281.1499712507
1.903712233299876 102296.0867317292
1.903968519175689 102311.1596971788
1.904235299836902 102326.4300730545
1.904513129276661 102341.9590648111
1.904802561488112 102357.8078779033
1.905104150464403 102374.0377177861
1.90541845019868 102390.7097899143
1.905746014684091 102407.8852997428
1.906087397913781 102425.6254527264
1.906443153880898 102443.9914543199
1.906813836578589 102463.0445099782
1.9072 102482.8458251561
1.907711782764759 102530.0408884198
1.908403364694802 102617.1969069178
1.909191361586739 102723.2576639785
1.909992389237178 102827.1669429304
1.910723063442729 102907.868527102
1.9113 102944.3061998216
1.911759714077242 102947.1020661973
1.912195065555691 102941.6018126497
1.912607187301437 102928.8345944757
1.91299721218057 102909.8295669725
1.91336627305918 102885.615885437
1.913715502803356 102857.2227051663
1.914046034279189 102825.6791814575
1.914359000352768 102792.0144696077
1.914655533890183 102757.2577249139
1.914936767757524 102722.4381026731
1.915203834820881 102688.5847581824
1.915457867946343 102656.7268467389
1.9157 102627.8935236396
1.915886546549907 102594.8489896777
1.9161 102575.2308251561
1.916464068489228 102574.5941815771
1.91697173603144 102572.960055641
1.917617314558897 102570.3664397073
1.918395116003857 102566.8513261352
1.91929945229858 102562.4527072842
1.920324635375326 102557.2085755135
1.921464977166355 102551.1569231826
1.922714789603927 102544.3357426507
1.9240683846203 102536.7830262773
1.925520074147736 102528.5367664216
1.927064170118493 102519.6349554431
1.928694984464831 102510.1155857011
1.93040682911901 102500.0166495549
1.932194016013291 102489.3761393639
1.934050857079931 102478.2320474874
1.935971664251191 102466.6223662849
1.937950749459332 102454.5850881156
1.939982424636612 102442.1582053389
1.942061001715292 102429.3797103141
1.94418079262763 102416.2875954006
1.946336109305887 102402.9198529578
1.948521263682322 102389.314475345
1.950730567689196 102375.5094549216
1.952958333258767 102361.5427840469
1.955198872323296 102347.4524550802
1.957446496815043 102333.2764603809
1.959695518666266 102319.0527923085
1.961940249809226 102304.8194432221
1.964175002176182 102290.6144054812
1.966394087699395 102276.4756714451
1.968591818311123 102262.4412334732
1.970762505943627 102248.5490839249
1.972900462529166 102234.8372151594
1.975 102221.3436195361
1.977193702523292 102207.2197205931
1.979599758004526 102191.6975500402
1.982190883983444 102174.9360124947
1.984939797999789 102157.0940125737
1.987819217593302 102138.3304548945
1.990801860303726 102118.8042440743
1.993860443670803 102098.6742847303
1.996967685234276 102078.0994814797
2.000096302533886 102057.2387389398
2.003219013109375 102036.2509617276
2.006308534500485 102015.2950544605
2.00933758424696 101994.5299217557
2.012278879888541 101974.1144682304
2.01510513896497 101954.2075985017
2.017789079015989 101934.9682171869
2.020303417581342 101916.5552289033
2.022620872200769 101899.1275382679
2.024714160414012 101882.8440498981
2.026555999760815 101867.863668411
2.028119107780919 101854.3452984239
2.029376202014067 101842.447844554
2.0303 101832.3302114184
2.031041947994966 101824.0263048912
2.031760336262354 101817.0228255093
2.032438148352616 101810.6578698842
2.033058367816209 101804.2695346274
2.033603978203584 101797.1959163505
2.034057963065197 101788.775111665
2.034403305951502 101778.3452171824
2.034622990412951 101765.2443295142
2.0347 101748.8105452721
2.0347 101706.7863271633
2.0347 101739.7621090544
*END
