*KEYWORD
*DEFINE_CURVE_TITLE
SYNTHETIC screenshot reconstruction absolute pressure
$ LCID SIDR SFA SFO OFFA OFFO DATTYP
26 0 1.0 1.0 0.0 0.0 0
$ Not a CFD solver result; screenshot anchors plus interpolated rows.
$ X in metres; ordinate in metres or absolute pressure in Pa.
$ ABSCISSA ORDINATE
1.4791 99786.88395963426
1.479851735675113 99450.31192679064
1.480724157317516 99119.6193079295
1.481711671244822 98795.2087931344
1.482808683774642 98477.48307248887
1.48400960122459 98166.84483607649
1.485308829912277 97863.6967739808
1.486700776155315 97568.44157628536
1.488179846271316 97281.48193307374
1.489740446577894 97003.22053442946
1.491376983392658 96734.06007043608
1.493083863033223 96474.40323117723
1.4948554918172 96224.65270673635
1.496686276062202 95985.21118719707
1.498570622085839 95756.48136264291
1.500502936205726 95538.86592315746
1.502477624739473 95332.76755882423
1.504489094004693 95138.58895972683
1.506531750318998 94956.73281594875
1.5086 94787.6018175736
1.51071234126088 94627.67240479143
1.512911411375217 94472.65740766894
1.515227825251226 94321.81410110455
1.517692197797119 94174.39975999665
1.52033514392111 94029.67165924373
1.523187278531413 93886.88707374415
1.52627921653624 93745.30327839634
1.529641572843804 93604.17754809879
1.53330496236232 93462.76715774987
1.5373 93320.32938224799
1.542224457603239 93169.42854841823
1.548474587033738 93007.19799213429
1.555778723222672 92839.74850186765
1.563865201101215 92673.19086608982
1.57246235560054 92513.6358732722
1.581298521651822 92367.19431188628
1.590102034186235 92239.97697040357
1.598601228134953 92138.09463729551
1.60652443842915 92067.65810103356
1.6136 92034.7781500892
1.619711731351954 92023.20403149219
1.625241775432379 92014.32910221536
1.630665953836827 92010.73031564467
1.63646008816085 92014.98462516619
1.6431 92029.66898416592
1.651076798471014 92072.3400721137
1.660411382713937 92155.2943653758
1.670874259359286 92273.21851268307
1.682235935037575 92420.79916276626
1.694266916379319 92592.72296435619
1.706737710015032 92783.67656618363
1.719418822575228 92988.34661697935
1.732080760690424 93201.41976547416
1.744494030991133 93417.58266039884
1.756429140107871 93631.5219504842
1.767656594671152 93837.92428446097
1.77794690131149 94031.47631105999
1.787070566659402 94206.86467901204
1.7947980973454 94358.77603704788
1.8009 94481.89703389831
1.8060604877428 94588.62770736337
1.811114687291474 94694.79833904706
1.816059475673645 94800.24094338612
1.820891729916942 94904.78753481735
1.825608327048989 95008.27012777746
1.830206144097412 95110.52073670326
1.834682058089838 95211.37137603146
1.839032946053892 95310.65406019881
1.843255685017201 95408.20080364207
1.847347152007389 95503.84362079803
1.851304224052085 95597.41452610341
1.855123778178912 95688.74553399497
1.858802691415497 95777.66865890948
1.862337840789467 95864.01591528369
1.865726103328447 95947.61931755436
1.868964356060062 96028.31088015821
1.87204947601194 96105.92261753204
1.874978340211706 96180.28654411258
1.877747825686985 96251.23467433661
1.880354809465405 96318.59902264085
1.88279616857459 96382.21160346206
1.885068780042167 96441.90443123702
1.887169520895762 96497.5095204025
1.889095268163 96548.85888539521
1.890842898871508 96595.78454065193
1.892409290048911 96638.11850060939
1.893791318722836 96675.69277970438
1.894985861920909 96708.33939237363
1.895989796670755 96735.89035305392
1.8968 96758.17767618198
1.897504777027824 96775.95477473715
1.898189300872436 96790.54393141149
1.898845750560009 96802.63046521085
1.899466305116718 96812.8996951411
1.900043143568734 96822.03694020808
1.90056844494223 96830.72751941762
1.901034388263381 96839.65675177556
1.901433152558359 96849.50995628777
1.901756916853336 96860.97245196009
1.901997860174487 96874.7295577984
1.902148161547984 96891.4665928085
1.9022 96911.86887599628
1.9022 96958.24007684064
1.9022 97036.37171080211
1.9022 97122.18086585897
1.9022 97191.58462998953
1.9022 97220.50009117201
1.902063682752588 97219.65673219666
1.901674558973611 97216.05594884641
1.90106237060796 97210.02269858855
1.900256859600525 97201.88193889054
1.899287767896195 97191.95862721968
1.89818483743986 97180.57772104334
1.896977810176411 97168.06417782891
1.895696428050736 97154.74295504372
1.894370433007727 97140.93901015515
1.893029566992273 97126.97730063056
1.891703571949264 97113.18278393731
1.890422189823589 97099.88041754276
1.88921516256014 97087.39515891433
1.888112232103805 97076.05196551926
1.887143140399475 97066.17579482502
1.88633762939204 97058.09160429893
1.885725441026389 97052.12435140835
1.885336317247412 97048.59899362065
1.8852 97047.84048840321
1.8852 97081.31143685574
1.8852 97176.94121576619
1.8852 97329.75494613434
1.8852 97534.77774895988
1.8852 97787.03474524261
1.8852 98081.55105598221
1.8852 98413.35180217847
1.8852 98777.46210483109
1.8852 99168.90708493984
1.8852 99582.71186350445
1.8852 100013.9015615246
1.8852 100457.5013000002
1.8852 100908.5361999308
1.8852 101362.0313823162
1.8852 101813.0119681562
1.8852 102256.5030784505
1.8852 102687.5298341988
1.8852 103101.117356401
1.8852 103492.2907660566
1.8852 103856.0751841654
1.8852 104187.4957317273
1.8852 104481.5775297419
1.8852 104733.3456992089
1.8852 104937.8253611283
1.8852 105090.0416364995
1.8852 105185.0196463224
1.8852 105217.7845115968
1.885336317247412 105216.0714610503
1.885725441026389 105211.147750216
1.88633762939204 105203.3365403013
1.887143140399475 105192.9609925139
1.888112232103805 105180.3442680615
1.88921516256014 105165.8095281514
1.890422189823589 105149.6799339915
1.891703571949264 105132.2786467892
1.893029566992273 105113.9288277522
1.894370433007727 105094.953638088
1.895696428050736 105075.6762390043
1.89697781017641 105056.4197917086
1.89818483743986 105037.5074574085
1.899287767896195 105019.2623973116
1.900256859600525 105002.0077726255
1.90106237060796 104986.0667445578
1.901674558973611 104971.7624743161
1.902063682752588 104959.4181231079
1.9022 104949.3568521409
1.9022 104991.6187834523
1.9022 105062.0057147636
1.9022 105085.5176460749
1.9022 104902.7795773863
1.9022 105029.4165086976
1.9019 105290.4730597681
1.901473764201487 105301.5793183521
1.901008443436166 105313.5142750693
1.900502608569841 105326.3069415669
1.899954830468316 105339.9863294918
1.899363679997394 105354.581450491
1.89872772802288 105370.1213162115
1.898045545410577 105386.6349383005
1.897315703026289 105404.1513284048
1.896536771735819 105422.6994981716
1.895707322404973 105442.3084592478
1.894825925899552 105463.0072232805
1.893891153085361 105484.8248019168
1.892901574828205 105507.7902068035
1.891855761993886 105531.9324495878
1.890752285448208 105557.2805419167
1.889589716056975 105583.8634954372
1.888366624685991 105611.7103217963
1.887081582201061 105640.8500326411
1.885733159467986 105671.3116396186
1.884319927352572 105703.1241543757
1.882840456720623 105736.3165885596
1.881293318437941 105770.9179538173
1.87967708337033 105806.9572617957
1.877990322383595 105844.4635241419
1.876231606343539 105883.465752503
1.874399506115967 105923.9929585259
1.872492592566681 105966.0741538577
1.870509436561485 106009.7383501454
1.868448608966184 106055.014559036
1.866308680646582 106101.9317921765
1.864088222468481 106150.5190612141
1.861785805297686 106200.8053777957
1.8594 106252.8197535682
1.856310890119993 106318.8381660951
1.852026077680947 106408.1689198508
1.846735411266738 106516.3895168492
1.840628739461238 106639.0774591041
1.833895910848323 106771.8102486296
1.826726774011868 106910.1653874395
1.819311177535746 107049.7203775477
1.811838970003832 107186.052720968
1.8045 107314.7399197145
1.796983102179752 107442.0939540678
1.788917853248729 107575.1790793195
1.780405214866018 107710.7012099997
1.771546148690704 107845.3662606386
1.762441616381872 107975.8801457664
1.753192579598609 108098.9487799132
1.7439 108211.2780776093
1.734381113316402 108319.341524699
1.72449617649311 108426.3031587186
1.714410683011617 108523.9047217357
1.704290126353417 108603.8879558179
1.6943 108657.994603033
1.684454536143907 108696.3789714809
1.674643304480354 108730.509903827
1.664844804744847 108754.1009439875
1.655037536672894 108760.8656358787
1.6452 108744.5175234166
1.635255526638766 108700.7258870889
1.62521838519013 108633.5189991346
1.615203480422112 108549.1488910971
1.605325717102729 108453.8675945196
1.5957 108353.9271409456
1.585985082163669 108216.5057010599
1.576096917377082 108022.1951586655
1.566536211508661 107797.368114983
1.557803670426827 107568.3971712327
1.5504 107361.6549286352
1.54442447289398 107174.0306215976
1.5395 106998.3908898305
1.535374266078023 106854.3749434137
1.531751600927163 106732.6399121251
1.528353135312721 106610.0513846869
1.5249 106463.4749498216
1.521196349991472 106281.9384750699
1.517430359884018 106082.3716525451
1.513899189834556 105883.492807829
1.5109 105704.0202665031
1.508439481056489 105562.0731258853
1.506263418779224 105453.6727057029
1.504277615973714 105364.3906651514
1.502387875445469 105279.7986634263
1.5005 105185.4683597235
1.498551553226227 105080.4807918179
1.496600670041376 104974.9401332307
1.494734010243411 104870.9527467765
1.493038233630298 104770.6249952699
1.4916 104676.0632415254
1.49041576012183 104588.3709917341
1.489383971012971 104506.218562362
1.488444301843197 104428.0625316368
1.487536421782282 104352.3594777858
1.4866 104277.5659790366
1.485657573693783 104213.4035062363
1.4847 104162.1442406334
1.483690195420343 104131.6885142729
1.482636678192802 104126.8296232951
1.4815 104130.1896576717
1.4802 104152.9127676182
1.4791 104184.7876672614
1.4782 104217.9443175736
1.4774 104252.6471035905
1.4767 104289.3434461418
1.4762 104328.0333452275
1.4757 104359.504499331
1.4754 104374.320896521
1.4751 104391.1308502453
1.4748 104381.5246381579
1.4746 104364.1098990856
1.4745 104338.0121286798
1.4744 104293.8359896298
1.4743 104240.2650133809
1.4743 104176.4608026316
1.4742 104093.662544157
1.4742 104001.5624999125
1.4742 103890.7063546499
1.4743 103770.4141973684
1.4743 103631.6099866191
1.4744 103484.2686730598
1.4745 103308.8628713202
1.4746 103104.5790889831
1.4748 102862.1643499108
1.475 102590.0784751338
1.4754 102278.804103479
1.4757 101937.4518499108
1.4762 101556.4636786351
1.4767 101154.5082404103
1.4774 100712.9982337199
1.4782 100260.0179839429
1.4791 99786.88395963426
2.0347 101792.782227364
2.0347 101792.782227364
2.0347 101860.342772636
2.0347 101906.7224797694
2.0347 101939.2138631802
2.034635632747493 101977.4154545774
2.03444496925611 102012.6663995582
2.034131666925053 102045.2876477876
2.033699383153529 102075.6001489307
2.033151775340742 102103.9248526523
2.032492500885897 102130.5827086176
2.031725217188197 102155.8946664914
2.030853581646848 102180.1816759388
2.029881251661056 102203.7646866247
2.028811884630023 102226.9646482142
2.027649137952956 102250.1025103722
2.026396669029058 102273.4992227637
2.025058135257534 102297.4757350536
2.023637194037589 102322.3529969071
2.022137502768426 102348.451957989
2.020562718849253 102376.0935679643
2.018916499679273 102405.5987764981
2.017202502657689 102437.2885332554
2.015424385183709 102471.483787901
2.013585804656535 102508.5054901
2.011690418475372 102548.6745895174
2.009741884039426 102592.3120358181
2.0077438587479 102639.7387786673
2.0057 102691.2757677297
2.003103877714197 102758.7790052528
1.999598236677489 102849.9101616144
1.995410496591872 102958.6986886753
1.990768077159341 103079.1740382964
1.985898398081893 103205.3656623385
1.981028879061524 103331.3030126623
1.976386939800227 103451.0155411287
1.9722 103558.5326995986
1.968160196731171 103662.3010686638
1.963901278945489 103772.097412103
1.959563084167073 103883.9464565571
1.955285449920046 103993.872928667
1.95120821372853 104097.9015550736
1.947471213116645 104192.0570624178
1.944214285608514 104272.3641773406
1.941577268728259 104334.8476264828
1.9397 104375.5321364853
1.938276718263103 104403.1706167083
1.936907728237056 104429.2089053875
1.935591966266167 104453.7111224769
1.934328368694742 104476.7413879307
1.933115871867089 104498.363821703
1.931953412127515 104518.6425437479
1.930839925820327 104537.6416740194
1.929774349289832 104555.4253324717
1.928755618880337 104572.057639059
1.92778267093615 104587.6027137353
1.926854441801578 104602.1246764547
1.925969867820927 104615.6876471713
1.925127885338506 104628.3557458393
1.92432743069862 104640.1930924127
1.923567440245578 104651.2638068457
1.922846850323686 104661.6320090923
1.922164597277252 104671.3618191067
1.921519617450582 104680.517356843
1.920910847187985 104689.1627422553
1.920337222833766 104697.3620952977
1.919797680732234 104705.1795359243
1.919291157227694 104712.6791840893
1.918816588664456 104719.9251597466
1.918372911386825 104726.9815828505
1.917959061739109 104733.912573355
1.917573976065614 104740.7822512143
1.91721659071065 104747.6547363824
1.91688584201852 104754.5941488135
1.916580666333535 104761.6646084617
1.9163 104768.930235281
1.9161 104783.796309099
1.915864195949796 104800.2620585672
1.915617820906621 104823.6872389945
1.915360538639739 104852.7141769104
1.915092012918413 104885.9851988439
1.914811907511907 104922.1426313246
1.914519886189487 104959.8288008815
1.914215612720413 104997.686034044
1.913898750873951 105034.3566573414
1.913568964419365 105068.4829973029
1.913225917125917 105098.7073804579
1.912869272762873 105123.6721333355
1.912498695099495 105142.0195824651
1.912113847905048 105152.3920543759
1.911714394948795 105153.4318755972
1.9113 105143.7813726583
1.910821607866402 105108.1784586111
1.910249939023384 105038.2207250798
1.909614320741679 104942.840016452
1.908944080292019 104830.9681771155
1.908268544945134 104711.5370514579
1.907617041971759 104593.4784838671
1.907018898642623 104485.7243187307
1.906503442228459 104397.2064004364
1.9061 104336.856573372
1.90577300818716 104295.2083424432
1.905466362996439 104256.5538878419
1.905178581663439 104220.463066885
1.904908181423763 104186.5057368894
1.904653679513015 104154.2517551721
1.904413593166798 104123.2709790498
1.904186439620715 104093.1332658396
1.903970736110369 104063.4084728582
1.903764999871365 104033.6664574226
1.903567748139305 104003.4770768497
1.903377498149792 103972.4101884563
1.903192767138431 103940.0356495594
1.903012072340823 103905.9233174758
1.902833930992573 103869.6430495225
1.902656860329283 103830.7647030163
1.902479377586558 103788.8581352741
1.9023 103743.4932036128
1.902117113763451 103694.9026237939
1.901930454753602 103643.6731174495
1.90174056473033 103589.905550703
1.90154798545351 103533.7007896777
1.90135325868302 103475.1597004971
1.901156926178737 103414.3831492843
1.900959529700537 103351.4720021628
1.900761611008296 103286.527125256
1.900563711861892 103219.649384687
1.900366374021201 103150.9396465793
1.900170139246101 103080.4987770563
1.899975549296466 103008.4276422412
1.899783145932175 102934.8271082573
1.899593470913103 102859.7980412281
1.899407065999129 102783.4413072769
1.899224472950128 102705.8577725269
1.899046233525976 102627.1483031016
1.898872889486551 102547.4137651242
1.898704982591729 102466.7550247181
1.898543054601388 102385.2729480067
1.898387647275402 102303.0684011133
1.898239302373651 102220.2422501611
1.898098561656009 102136.8953612737
1.897965966882354 102053.1286005742
1.897842059812562 101969.042834186
1.897727382206511 101884.7389282325
1.897622475824076 101800.317748837
1.897527882425134 101715.8801621228
1.897444143769563 101631.5270342133
1.897371801617238 101547.3592312319
1.897311397728037 101463.4776193017
1.897263473861836 101379.9830645462
1.897228571778511 101296.9764330888
1.897207233237941 101214.5585910527
1.8972 101132.8304045614
1.897209217885099 101049.6995045096
1.897236192296123 100963.2711423531
1.897279904366657 100873.9426150561
1.897339335230292 100782.1112195827
1.897413466020613 100688.1742528973
1.89750127787121 100592.5290119641
1.897601751915669 100495.5727937474
1.897713869287579 100397.7028952113
1.897836611120528 100299.3166133202
1.897968958548102 100200.8112450383
1.898109892703891 100102.5840873297
1.898258394721481 100005.0324371589
1.898413445734461 99908.55359148998
1.898574026876418 99813.54484728724
1.898739119280941 99720.40350151491
1.898907704081616 99629.52685113723
1.899078762412032 99541.31219311846
1.899251275405777 99456.15682442284
1.899424224196437 99374.45804201461
1.899596589917603 99296.61314285801
1.899767353702859 99223.01942391734
1.899935496685796 99154.07418215678
1.9001 99090.17471454058
1.900262143651123 99030.08442382298
1.900424256217856 98972.21324672298
1.900586891693345 98916.428281152
1.900750604070738 98862.59662502147
1.900915947343182 98810.58537624286
1.901083475503822 98760.26163272759
1.901253742545806 98711.4924923871
1.901427302462281 98664.14505313284
1.901604709246394 98618.08641287626
1.90178651689129 98573.18366952876
1.901973279390118 98529.30392100185
1.902165550736024 98486.31426520689
1.902363884922154 98444.08180005536
1.902568835941656 98402.47362345872
1.902780957787676 98361.35683332838
1.903000804453361 98320.59852757578
1.903228929931859 98280.06580411238
1.903465888216314 98239.62576084961
1.903712233299876 98199.1454956989
1.903968519175689 98158.49210657171
1.904235299836902 98117.53269137946
1.904513129276661 98076.13434803362
1.904802561488112 98034.16417444558
1.905104150464403 97991.48926852686
1.90541845019868 97947.97672818882
1.905746014684091 97903.49365134293
1.906087397913781 97857.90713590063
1.906443153880898 97811.08427977338
1.906813836578589 97762.8921808726
1.9072 97713.19793710973
1.907711782764759 97686.87694561713
1.908403364694802 97698.1535660388
1.909191361586739 97730.91834005367
1.909992389237178 97769.06180934056
1.910723063442729 97796.47451557837
1.9113 97797.04700044604
1.911759714077242 97774.03161381456
1.912195065555691 97742.32879723852
1.912607187301437 97703.30122992182
1.91299721218057 97658.31159106854
1.91336627305918 97608.7225598826
1.913715502803356 97555.89681556809
1.914046034279189 97501.19703732894
1.914359000352768 97445.98590436918
1.914655533890183 97391.62609589279
1.914936767757524 97339.48029110378
1.915203834820881 97290.91116920614
1.915457867946343 97247.28140940388
1.9157 97209.95369090098
1.915886546549907 97168.83567221694
1.9161 97144.73543710972
1.916464068489228 97148.24935222664
1.91697173603144 97158.00128559249
1.917617314558897 97173.74580633536
1.918395116003857 97195.23748358333
1.91929945229858 97222.23088646452
1.920324635375326 97254.48058410693
1.921464977166355 97291.74114563866
1.922714789603927 97333.76714018782
1.9240683846203 97380.31313688245
1.925520074147736 97431.13370485067
1.927064170118493 97485.98341322051
1.928694984464831 97544.61683112009
1.93040682911901 97606.78852767748
1.932194016013291 97672.25307202071
1.934050857079931 97740.76503327792
1.935971664251191 97812.07898057718
1.937950749459332 97885.94948304653
1.939982424636612 97962.13110981406
1.942061001715292 98040.37843000786
1.94418079262763 98120.44601275602
1.946336109305887 98202.08842718658
1.948521263682322 98285.06024242764
1.950730567689196 98369.11602760731
1.952958333258767 98454.01035185359
1.955198872323296 98539.49778429462
1.957446496815043 98625.33289405846
1.959695518666266 98711.2702502732
1.961940249809226 98797.06442206691
1.964175002176182 98882.46997856762
1.966394087699395 98967.24148890347
1.968591818311123 99051.13352220254
1.970762505943627 99133.90064759288
1.972900462529166 99215.29743420256
1.975 99295.07845115967
1.977193702523292 99379.2490849193
1.979599758004526 99473.15946706358
1.982190883983444 99575.58128441115
1.984939797999789 99685.28622378068
1.987819217593302 99801.04597199084
1.990801860303726 99921.63221586024
1.993860443670803 100045.8166422076
1.996967685234276 100172.3709378515
2.000096302533886 100300.0667896106
2.003219013109375 100427.6758843037
2.006308534500485 100553.9699087492
2.00933758424696 100677.720549766
2.012278879888541 100797.6994941726
2.01510513896497 100912.6784287878
2.017789079015989 101021.4290404301
2.020303417581342 101122.7230159183
2.022620872200769 101215.3320420708
2.024714160414012 101298.0278057066
2.026555999760815 101369.5819936441
2.028119107780919 101428.7662927021
2.029376202014067 101474.3523896992
2.0303 101505.1119714541
2.031041947994966 101524.446803105
2.031760336262354 101537.6987204478
2.032438148352616 101546.5495162872
2.033058367816209 101552.6809834279
2.033603978203584 101557.7749146748
2.034057963065197 101563.5131028327
2.034403305951502 101571.5773407063
2.034622990412951 101583.6494211004
2.0347 101601.4111368198
2.0347 101650.2216820919
2.0347 101792.782227364
*END
