*KEYWORD
*DEFINE_CURVE_TITLE
SYNTHETIC screenshot reconstruction absolute pressure
$ LCID SIDR SFA SFO OFFA OFFO DATTYP
26 0 1.0 1.0 0.0 0.0 0
$ Not a CFD solver result; screenshot anchors plus interpolated rows.
$ X in metres; ordinate in metres or absolute pressure in Pa.
$ ABSCISSA ORDINATE
1.4791 99211.1357515611
1.479851735675113 98867.87152396732
1.480724157317516 98530.13399250567
1.481711671244822 98198.23437153651
1.482808683774642 97872.48387542028
1.48400960122459 97553.19371851733
1.485308829912277 97240.67511518806
1.486700776155315 96935.23927979285
1.488179846271316 96637.1974266921
1.489740446577894 96346.86077024619
1.491376983392658 96064.54052481547
1.493083863033223 95790.54790476043
1.4948554918172 95525.19412444135
1.496686276062202 95268.79039821865
1.498570622085839 95021.64794045272
1.500502936205726 94784.07796550398
1.502477624739473 94556.39168773277
1.504489094004693 94338.9003214995
1.506531750318998 94131.91508116455
1.5086 93935.74718108831
1.51071234126088 93748.21637553781
1.512911411375217 93566.31098417651
1.515227825251226 93389.09506945941
1.517692197797119 93215.6326938415
1.52033514392111 93044.98791977781
1.523187278531413 92876.22480972331
1.52627921653624 92708.40742613302
1.529641572843804 92540.59983146199
1.53330496236232 92371.86608816517
1.5373 92201.27025869759
1.542224457603239 92018.81630900009
1.548474587033738 91820.3143270881
1.555778723222672 91613.53755852862
1.563865201101215 91406.25924888861
1.57246235560054 91206.25264373503
1.581298521651822 91021.29098863481
1.590102034186235 90859.14752915494
1.598601228134953 90727.5955108624
1.60652443842915 90634.40817932411
1.6136 90587.35878010705
1.619711731351954 90566.8649003016
1.625241775432379 90549.94912216735
1.630665953836827 90539.29218402503
1.63646008816085 90537.57482419538
1.6431 90547.47778099911
1.651076798471014 90589.46029845058
1.660411382713937 90678.13130370369
1.670874259359286 90807.39605978868
1.682235935037575 90971.1598297357
1.694266916379319 91163.32787657494
1.706737710015032 91377.80546333657
1.719418822575228 91608.49785305077
1.732080760690424 91849.31030874769
1.744494030991133 92094.14809345755
1.756429140107871 92336.91647021052
1.767656594671152 92571.52070203674
1.77794690131149 92791.86605196643
1.787070566659402 92991.85778302974
1.7947980973454 93165.40115825686
1.8009 93306.40144067796
1.8060604877428 93428.88896429754
1.811114687291474 93550.82512027657
1.816059475673645 93672.01175738002
1.820891729916942 93792.25072437291
1.825608327048989 93911.34387002015
1.830206144097412 94029.09304308679
1.834682058089838 94145.30009233773
1.839032946053892 94259.76686653796
1.843255685017201 94372.29521445248
1.847347152007389 94482.68698484622
1.851304224052085 94590.74402648419
1.855123778178912 94696.26818813132
1.858802691415497 94799.06131855263
1.862337840789467 94898.92526651305
1.865726103328447 94995.6618807776
1.868964356060062 95089.07301011118
1.87204947601194 95178.96050327882
1.874978340211706 95265.12620904548
1.877747825686985 95347.37197617615
1.880354809465405 95425.49965343575
1.88279616857459 95499.31108958928
1.885068780042167 95568.60813340172
1.887169520895762 95633.19263363804
1.889095268163 95692.8664390632
1.890842898871508 95747.43139844219
1.892409290048911 95796.68936053995
1.893791318722836 95840.44217412149
1.894985861920909 95878.49168795176
1.895989796670755 95910.63975079573
1.8968 95936.68821141838
1.897504777027824 95957.44843650528
1.898189300872436 95974.4113614306
1.898845750560009 95988.39818799216
1.899466305116718 96000.2301179878
1.900043143568734 96010.72835321534
1.90056844494223 96020.71409547256
1.901034388263381 96031.00854655732
1.901433152558359 96042.43290826744
1.901756916853336 96055.80838240073
1.901997860174487 96071.95617075506
1.902148161547984 96091.6974751282
1.9022 96115.85349731799
1.9022 96171.18745968994
1.9022 96264.64799978751
1.9022 96367.3344421754
1.9022 96450.34611141842
1.9022 96484.78233208123
1.902063682752588 96483.51730250294
1.901674558973611 96478.95151661383
1.90106237060796 96471.47374236553
1.900256859600525 96461.47274770972
1.899287767896195 96449.337300598
1.89818483743986 96435.45616898204
1.896977810176411 96420.21812081346
1.895696428050736 96404.01192404391
1.894370433007727 96387.22634662503
1.893029566992273 96370.25015650845
1.891703571949264 96353.47212164583
1.890422189823589 96337.2810099888
1.88921516256014 96322.06558948901
1.888112232103805 96308.21462809805
1.887143140399475 96296.11689376764
1.88633762939204 96286.16115444936
1.885725441026389 96278.73617809488
1.885336317247412 96274.23073265582
1.8852 96273.03358608385
1.8852 96312.89664932857
1.8852 96427.33419051438
1.8852 96610.37851335508
1.8852 96856.06192156451
1.8852 97158.41671885646
1.8852 97511.47520894476
1.8852 97909.2696955432
1.8852 98345.83248236563
1.8852 98815.19587312582
1.8852 99311.39217153762
1.8852 99828.45368131482
1.8852 100360.4127061712
1.8852 100901.3015498207
1.8852 101445.152515977
1.8852 101985.9979083539
1.8852 102517.8700306653
1.8852 103034.801186625
1.8852 103530.8236799468
1.8852 103999.9698143445
1.8852 104436.2718935319
1.8852 104833.7622212228
1.8852 105186.4731011311
1.8852 105488.4368369706
1.8852 105733.685732455
1.8852 105916.2520912982
1.8852 106030.168217214
1.8852 106069.4664139161
1.885336317247412 106067.5056310809
1.885725441026389 106061.8815032046
1.88633762939204 106052.9813612308
1.887143140399475 106041.1925361035
1.888112232103805 106026.9023587665
1.88921516256014 106010.4981601636
1.890422189823589 105992.3672712386
1.891703571949264 105972.8970229354
1.893029566992273 105952.4747461978
1.894370433007727 105931.4877719695
1.895696428050736 105910.3234311945
1.89697781017641 105889.3690548165
1.89818483743986 105869.0119737794
1.899287767896195 105849.639519027
1.900256859600525 105831.6390215031
1.90106237060796 105815.3978121515
1.901674558973611 105801.3032219162
1.902063682752588 105789.7425817407
1.9022 105781.1032225691
1.9022 105839.3175401427
1.9022 105920.0318577163
1.9022 105963.2461752899
1.9022 105841.4604928635
1.9022 105967.1748104371
1.9019 106179.1926717217
1.901473764201487 106192.5613999873
1.901008443436166 106207.0065845452
1.900502608569841 106222.5624132762
1.899954830468316 106239.2630740611
1.899363679997394 106257.1427547807
1.89872772802288 106276.2356433156
1.898045545410577 106296.5759275467
1.897315703026289 106318.1977953547
1.896536771735819 106341.1354346203
1.895707322404973 106365.4230332244
1.894825925899552 106391.0947790478
1.893891153085361 106418.1848599711
1.892901574828205 106446.7274638751
1.891855761993886 106476.7567786405
1.890752285448208 106508.3069921483
1.889589716056975 106541.412292279
1.888366624685991 106576.1068669136
1.887081582201061 106612.4249039327
1.885733159467986 106650.400591217
1.884319927352572 106690.0681166475
1.882840456720623 106731.4616681047
1.881293318437941 106774.6154334696
1.87967708337033 106819.5636006228
1.877990322383595 106866.3403574451
1.876231606343539 106914.9798918173
1.874399506115967 106965.5163916202
1.872492592566681 107017.9840447344
1.870509436561485 107072.4170390408
1.868448608966184 107128.8495624201
1.866308680646582 107187.3158027531
1.864088222468481 107247.8499479206
1.861785805297686 107310.4861858033
1.8594 107375.2587042819
1.856310890119993 107457.5574863231
1.852026077680947 107569.0812093625
1.846735411266738 107704.3271029841
1.840628739461238 107857.7923967723
1.833895910848323 108023.9743203112
1.826726774011868 108197.370103185
1.819311177535746 108372.4769749778
1.811838970003832 108543.7921652739
1.8045 108705.8129036575
1.796983102179752 108866.4179699178
1.788917853248729 109034.4688925413
1.780405214866018 109205.9370241571
1.771546148690704 109376.7937173946
1.762441616381872 109543.0103248832
1.753192579598609 109700.5581992523
1.7439 109845.4086931311
1.734381113316402 109985.5567651227
1.72449617649311 110124.9545969139
1.714410683011617 110253.5093757602
1.704290126353417 110361.128288917
1.6943 110437.7185236396
1.684454536143907 110495.5320238416
1.674643304480354 110548.458174915
1.664844804744847 110588.8603263334
1.655037536672894 110609.1018275705
1.6452 110601.5460280999
1.635255526638766 110561.3516200622
1.62521838519013 110493.4144656282
1.615203480422112 110404.7036693165
1.605325717102729 110302.1883356458
1.5957 110192.8375691347
1.585985082163669 110037.6965682022
1.576096917377082 109813.9700378563
1.566536211508661 109552.8663424994
1.557803670426827 109285.5938465339
1.5504 109043.3609143622
1.54442447289398 108823.1852628662
1.5395 108614.9440677966
1.535374266078023 108437.4374320965
1.531751600927163 108281.0428945501
1.528353135312721 108123.6241616242
1.5249 107943.0449397859
1.521196349991472 107726.9589825838
1.517430359884018 107491.3459830542
1.513899189834556 107256.5585568948
1.5109 107042.9493198038
1.508439481056489 106866.8956082053
1.506263418779224 106721.930818272
1.504277615973714 106594.1416553245
1.502387875445469 106469.614824683
1.5005 106334.4370316682
1.498551553226227 106185.156644059
1.496600670041376 106031.3636700809
1.494734010243411 105878.7072757237
1.493038233630298 105732.8366269769
1.4916 105599.4008898305
1.49041576012183 105480.4412243643
1.489383971012971 105371.396296052
1.488444301843197 105268.0115289742
1.487536421782282 105166.0323472113
1.4866 105061.2041748439
1.485657573693783 104961.0815318271
1.4847 104866.44808876
1.483690195420343 104782.6557807004
1.482636678192802 104713.13722368
1.4815 104640.6025892061
1.4802 104562.8703211418
1.4791 104496.1202007136
1.4782 104434.6581810883
1.4774 104378.8015243087
1.4767 104329.0871353702
1.4762 104285.515014273
1.4757 104240.7803991971
1.4754 104187.3100758252
1.4751 104139.9820202944
1.4748 104075.9545657895
1.4746 104010.0568789028
1.4745 103941.2395544157
1.4744 103861.9781875558
1.4743 103778.9430160571
1.4743 103687.3779631579
1.4742 103580.5200529884
1.4742 103466.249999895
1.4742 103336.9726255798
1.4743 103200.1220368421
1.4743 103048.5569839429
1.4744 102890.4974076717
1.4745 102706.2604455843
1.4746 102494.8699067797
1.4748 102248.972219893
1.475 101974.9691701606
1.4754 101665.1899241748
1.4757 101326.817219893
1.4762 100952.1314143622
1.4767 100556.0348884924
1.4774 100123.7228804639
1.4782 99677.6465807315
1.4791 99211.1357515611
2.0347 101685.7136728367
2.0347 101685.7136728367
2.0347 101766.7863271633
2.0347 101832.3907283401
2.0347 101883.9316358162
2.034635632747493 101934.6815866001
2.03444496925611 101981.3300389114
2.034131666925053 102024.311893464
2.033699383153529 102064.0620509719
2.033151775340742 102101.0154121491
2.032492500885897 102135.6068777096
2.031725217188197 102168.2713483674
2.030853581646848 102199.4437248364
2.029881251661056 102229.5589078306
2.028811884630023 102259.051798064
2.027649137952956 102288.3572962506
2.026396669029058 102317.9103031043
2.025058135257534 102348.1457193392
2.023637194037589 102379.4984456692
2.022137502768426 102412.4033828082
2.020562718849253 102447.2954314704
2.018916499679273 102484.6094923696
2.017202502657689 102524.7804662198
2.015424385183709 102568.243253735
2.013585804656535 102615.4327556293
2.011690418475372 102666.7838726165
2.009741884039426 102722.7315054106
2.0077438587479 102783.7105547257
2.0057 102850.1559212756
2.003103877714197 102938.0686254363
1.999598236677489 103057.7482431311
1.995410496591872 103201.0775083958
1.990768077159341 103359.9391552662
1.985898398081893 103526.2159177779
1.981028879061524 103691.7905299667
1.976386939800227 103848.5457258682
1.9722 103988.3642395183
1.968160196731171 104122.0790122903
1.963901278945489 104262.7209206965
1.959563084167073 104405.4696014807
1.955285449920046 104545.5046913869
1.95120821372853 104678.0058271589
1.947471213116645 104798.1526455405
1.944214285608514 104901.1247832758
1.941577268728259 104982.1018771084
1.9397 105036.2635637823
1.938276718263103 105074.4275294238
1.936907728237056 105110.6685327648
1.935591966266167 105145.0518194581
1.934328368694742 105177.6426351563
1.933115871867089 105208.5062255123
1.931953412127515 105237.7078361786
1.930839925820327 105265.3127128081
1.929774349289832 105291.3861010534
1.928755618880337 105315.9932465672
1.92778267093615 105339.1993950022
1.926854441801578 105361.0697920113
1.925969867820927 105381.6696832469
1.925127885338506 105401.064314362
1.92432743069862 105419.3189310091
1.923567440245578 105436.498778841
1.922846850323686 105452.6691035104
1.922164597277252 105467.89515067
1.921519617450582 105482.2421659726
1.920910847187985 105495.7753950707
1.920337222833766 105508.5600836172
1.919797680732234 105520.6614772648
1.919291157227694 105532.1448216661
1.918816588664456 105543.0753624739
1.918372911386825 105553.5183453409
1.917959061739109 105563.5390159197
1.917573976065614 105573.2026198632
1.91721659071065 105582.5744028239
1.91688584201852 105591.7196104547
1.916580666333535 105600.7034884083
1.9163 105609.5912823372
1.9161 105623.6805709188
1.915864195949796 105636.5878056969
1.915617820906621 105654.5429046712
1.915360538639739 105676.4763025977
1.915092012918413 105701.3184342326
1.914811907511907 105727.9997343318
1.914519886189487 105755.4506376513
1.914215612720413 105782.6015789472
1.913898750873951 105808.3829929756
1.913568964419365 105831.7253144925
1.913225917125917 105851.5589782539
1.912869272762873 105866.8144190159
1.912498695099495 105876.4220715344
1.912113847905048 105879.3123705656
1.911714394948795 105874.4157508654
1.9113 105860.66264719
1.910821607866402 105822.8259816091
1.910249939023384 105751.9734091904
1.909614320741679 105656.4774641868
1.908944080292019 105544.7106808513
1.908268544945134 105425.0455934368
1.907617041971759 105305.8547361961
1.907018898642623 105195.5106433822
1.906503442228459 105102.385849248
1.9061 105034.8528880464
1.90577300818716 104984.7370381614
1.905466362996439 104937.9592917428
1.905178581663439 104894.0357536919
1.904908181423763 104852.4825289099
1.904653679513015 104812.8157222983
1.904413593166798 104774.5514387585
1.904186439620715 104737.2057831916
1.903970736110369 104700.2948604991
1.903764999871365 104663.3347755824
1.903567748139305 104625.8416333427
1.903377498149792 104587.3315386815
1.903192767138431 104547.3205964999
1.903012072340823 104505.3249116995
1.902833930992573 104460.8605891815
1.902656860329283 104413.4437338472
1.902479377586558 104362.5904505981
1.9023 104307.8168443354
1.902117113763451 104249.3008997562
1.901930454753602 104187.6239049451
1.90174056473033 104122.9069198853
1.90154798545351 104055.27100456
1.90135325868302 103984.8372189521
1.901156926178737 103911.7266230448
1.900959529700537 103836.0602768211
1.900761611008296 103757.9592402642
1.900563711861892 103677.5445733571
1.900366374021201 103594.937336083
1.900170139246101 103510.2585884249
1.899975549296466 103423.6293903659
1.899783145932175 103335.1708018891
1.899593470913103 103245.0038829776
1.899407065999129 103153.2496936146
1.899224472950128 103060.0292937829
1.899046233525976 102965.4637434659
1.898872889486551 102869.6741026465
1.898704982591729 102772.7814313079
1.898543054601388 102674.9067894331
1.898387647275402 102576.1712370052
1.898239302373651 102476.6958340073
1.898098561656009 102376.6016404226
1.897965966882354 102276.0097162341
1.897842059812562 102175.0411214248
1.897727382206511 102073.816915978
1.897622475824076 101972.4581598766
1.897527882425134 101871.0859131038
1.897444143769563 101769.8212356427
1.897371801617238 101668.7851874763
1.897311397728037 101568.0988285877
1.897263473861836 101467.8832189601
1.897228571778511 101368.2594185765
1.897207233237941 101269.3484874199
1.8972 101171.2714854736
1.897209217885099 101071.5412426657
1.897236192296123 100967.9054181021
1.897279904366657 100860.8373155326
1.897339335230292 100750.8102387068
1.897413466020613 100638.2974913745
1.89750127787121 100523.7723772853
1.897601751915669 100407.7082001891
1.897713869287579 100290.5782638354
1.897836611120528 100172.8558719741
1.897968958548102 100055.0143283548
1.898109892703891 99937.52693672728
1.898258394721481 99820.86700084122
1.898413445734461 99705.50782444631
1.898574026876418 99591.92271129228
1.898739119280941 99480.58496512887
1.898907704081616 99371.96788970576
1.899078762412032 99266.54478877269
1.899251275405777 99164.78896607934
1.899424224196437 99067.17372537545
1.899596589917603 98974.17237041073
1.899767353702859 98886.2582049349
1.899935496685796 98803.90453269765
1.9001 98727.58465744871
1.900262143651123 98655.83794609123
1.900424256217856 98586.78012033121
1.900586891693345 98520.24901612256
1.900750604070738 98456.08246941917
1.900915947343182 98394.11831617501
1.901083475503822 98334.19439234397
1.901253742545806 98276.14853387997
1.901427302462281 98219.81857673696
1.901604709246394 98165.04235686883
1.90178651689129 98111.65771022951
1.901973279390118 98059.50247277293
1.902165550736024 98008.41448045299
1.902363884922154 97958.23156922363
1.902568835941656 97908.79157503876
1.902780957787676 97859.93233385232
1.903000804453361 97811.49168161821
1.903228929931859 97763.30745429035
1.903465888216314 97715.21748782268
1.903712233299876 97667.05961816909
1.903968519175689 97618.67168128354
1.904235299836902 97569.89151311992
1.904513129276661 97520.55694963217
1.904802561488112 97470.5058267742
1.905104150464403 97419.57598049994
1.90541845019868 97367.60524676328
1.905746014684091 97314.43146151819
1.906087397913781 97259.89246071855
1.906443153880898 97203.82608031832
1.906813836578589 97146.07015627138
1.9072 97086.46252453167
1.907711782764759 97042.65511251833
1.908403364694802 97025.6315014688
1.909191361586739 97025.22700806439
1.909992389237178 97031.27694898646
1.910723063442729 97033.61664091628
1.9113 97022.08140053524
1.911759714077242 96996.59969933642
1.912195065555691 96964.61677950452
1.912607187301437 96927.24311375804
1.91299721218057 96885.58917481563
1.91336627305918 96840.76543539579
1.913715502803356 96793.88236821719
1.914046034279189 96746.05044599836
1.914359000352768 96698.38014145789
1.914655533890183 96651.98192731435
1.914936767757524 96607.96627628634
1.915203834820881 96567.44366109242
1.915457867946343 96531.52455445117
1.9157 96501.31942908118
1.915886546549907 96468.47505380551
1.9161 96449.30752453167
1.916464068489228 96453.26791518272
1.91697173603144 96464.21468608498
1.917617314558897 96481.87338018861
1.918395116003857 96505.96954044382
1.91929945229858 96536.22870980075
1.920324635375326 96572.37643120954
1.921464977166355 96614.13824762037
1.922714789603927 96661.23970198343
1.9240683846203 96713.40633724885
1.925520074147736 96770.36369636684
1.927064170118493 96831.83732228751
1.928694984464831 96897.55275796106
1.93040682911901 96967.23554633767
1.932194016013291 97040.61123036746
1.934050857079931 97117.40535300063
1.935971664251191 97197.34345718735
1.937950749459332 97280.15108587776
1.939982424636612 97365.55378202205
1.942061001715292 97453.27708857035
1.94418079262763 97543.04654847288
1.946336109305887 97634.58770467974
1.948521263682322 97727.62610014115
1.950730567689196 97821.88727780725
1.952958333258767 97917.0967806282
1.955198872323296 98012.98015155421
1.957446496815043 98109.26293353538
1.959695518666266 98205.67066952192
1.961940249809226 98301.92890246399
1.964175002176182 98397.76317531173
1.966394087699395 98492.89903101533
1.968591818311123 98587.06201252497
1.970762505943627 98679.97766279077
1.972900462529166 98771.37152476293
1.975 98860.96914139162
1.977193702523292 98955.45911704956
1.979599758004526 99060.80424818775
1.982190883983444 99175.64136587367
1.984939797999789 99298.60730117482
1.987819217593302 99428.33888515871
1.990801860303726 99563.47294889281
1.993860443670803 99702.64632344463
1.996967685234276 99844.49583988167
2.000096302533886 99987.65832927142
2.003219013109375 100130.7706226813
2.006308534500485 100272.469551179
2.00933758424696 100411.3919458318
2.012278879888541 100546.1746377074
2.01510513896497 100675.4544578731
2.017789079015989 100797.8682373965
2.020303417581342 100912.052807345
2.022620872200769 101016.6449987863
2.024714160414012 101110.2816427877
2.026555999760815 101191.5995704167
2.028119107780919 101259.235612741
2.029376202014067 101311.8266008278
2.0303 101348.0093657449
2.031041947994966 101371.4011550149
2.031760336262354 101387.8710266412
2.032438148352616 101399.4335274116
2.033058367816209 101408.103204114
2.033603978203584 101415.8946035363
2.034057963065197 101424.8222724666
2.034403305951502 101436.9007576926
2.034622990412951 101454.1446060024
2.0347 101478.5683641838
2.0347 101544.6410185103
2.0347 101685.7136728367
*END
