*KEYWORD
*DEFINE_CURVE_TITLE
SYNTHETIC screenshot reconstruction absolute pressure
$ LCID SIDR SFA SFO OFFA OFFO DATTYP
26 0 1.0 1.0 0.0 0.0 0
$ Not a CFD solver result; screenshot anchors plus interpolated rows.
$ X in metres; ordinate in metres or absolute pressure in Pa.
$ ABSCISSA ORDINATE
1.4791 100862.1714451383
1.479851735675113 100601.836745197
1.480724157317516 100346.6758669087
1.481711671244822 100097.1329299714
1.482808683774642 99853.65205408257
1.48400960122459 99616.67735894008
1.485308829912277 99386.65296424164
1.486700776155315 99164.02298968498
1.488179846271316 98949.23155496785
1.489740446577894 98742.72277978795
1.491376983392658 98544.94078384302
1.493083863033223 98356.32968683085
1.4948554918172 98177.3336084491
1.496686276062202 98008.39666839555
1.498570622085839 97849.9629863679
1.500502936205726 97702.47668206393
1.502477624739473 97566.38187518134
1.504489094004693 97442.12268541788
1.506531750318998 97330.14323247127
1.5086 97230.88763603925
1.51071234126088 97139.74596283797
1.512911411375217 97051.58782412506
1.515227825251226 96966.0766564105
1.517692197797119 96882.87589620422
1.52033514392111 96801.64898001621
1.523187278531413 96722.05934435643
1.52627921653624 96643.77042573484
1.529641572843804 96566.44566066143
1.53330496236232 96489.74848564614
1.5373 96413.34233719893
1.542224457603239 96334.69249129212
1.548474587033738 96253.26994710235
1.555778723222672 96171.74672594618
1.563865201101215 96092.79484914012
1.57246235560054 96019.08633800066
1.581298521651822 95953.29321384434
1.590102034186235 95898.0874979877
1.598601228134953 95856.14121174724
1.60652443842915 95830.12637643945
1.6136 95822.7150133809
1.619711731351954 95825.34873344789
1.625241775432379 95828.96992183628
1.630665953836827 95835.50176134193
1.63646008816085 95846.86743476072
1.6431 95864.99012488849
1.651076798471014 95900.04508924179
1.660411382713937 95958.78624119677
1.670874259359286 96038.00474733897
1.682235935037575 96134.49177425375
1.694266916379319 96245.03848852662
1.706737710015032 96366.43605674297
1.719418822575228 96495.47564548826
1.732080760690424 96628.94842134794
1.744494030991133 96763.64555090746
1.756429140107871 96896.35820075226
1.767656594671152 97023.87753746775
1.77794690131149 97142.99472763941
1.787070566659402 97250.50093785267
1.7947980973454 97343.18733469298
1.8009 97417.84508474576
1.8060604877428 97482.22048997847
1.811114687291474 97546.13629626497
1.816059475673645 97609.49833605037
1.820891729916942 97672.21244177982
1.825608327048989 97734.18444589838
1.830206144097412 97795.32018085124
1.834682058089838 97855.52547908346
1.839032946053892 97914.70617304016
1.843255685017201 97972.76809516647
1.847347152007389 98029.6170779075
1.851304224052085 98085.15895370836
1.855123778178912 98139.29955501418
1.858802691415497 98191.94471427007
1.862337840789467 98243.00026392113
1.865726103328447 98292.3720364125
1.868964356060062 98339.96586418926
1.87204947601194 98385.68757969656
1.874978340211706 98429.44301537951
1.877747825686985 98471.13800368323
1.880354809465405 98510.6783770528
1.88279616857459 98547.96996793334
1.885068780042167 98582.91860877004
1.887169520895762 98615.43013200792
1.889095268163 98645.41037009217
1.890842898871508 98672.76515546786
1.892409290048911 98697.40032058008
1.893791318722836 98719.22169787402
1.894985861920909 98738.13511979475
1.895989796670755 98754.0464187874
1.8968 98766.86142729706
1.897504777027824 98777.10560409888
1.898189300872436 98785.61190510371
1.898845750560009 98792.74740846027
1.899466305116718 98798.87919231727
1.900043143568734 98804.37433482346
1.90056844494223 98809.5999141275
1.901034388263381 98814.9230083781
1.901433152558359 98820.71069572399
1.901756916853336 98827.33005431388
1.901997860174487 98835.14816229651
1.902148161547984 98844.53209782056
1.9022 98855.84893903475
1.9022 98880.99555100677
1.9022 98923.06231666116
1.9022 98969.20659093192
1.9022 99006.58572875311
1.9022 99022.35708505864
1.902063682752588 99022.24462534898
1.901674558973611 99020.65066872057
1.90106237060796 99017.75010050155
1.900256859600525 99013.7178060202
1.899287767896195 99008.72867060464
1.89818483743986 99002.95757958309
1.896977810176411 98996.57941828373
1.895696428050736 98989.76907203473
1.894370433007727 98982.70142616429
1.893029566992273 98975.5513660006
1.891703571949264 98968.49377687184
1.890422189823589 98961.70354410619
1.88921516256014 98955.35555303187
1.888112232103805 98949.624688977
1.887143140399475 98944.68583726985
1.88633762939204 98940.71388323855
1.885725441026389 98937.8837122113
1.885336317247412 98936.37020951629
1.8852 98936.34826048171
1.8852 98954.60219952081
1.8852 99006.02900628204
1.8852 99087.97253394648
1.8852 99197.77663569509
1.8852 99332.78516470894
1.8852 99490.34197416904
1.8852 99667.79091725645
1.8852 99862.47584715216
1.8852 100071.7406170372
1.8852 100292.9290800927
1.8852 100523.3850894995
1.8852 100760.4524984388
1.8852 101001.4751600915
1.8852 101243.7969276387
1.8852 101484.7616542614
1.8852 101721.7131931407
1.8852 101951.9953974575
1.8852 102172.9521203929
1.8852 102381.927215128
1.8852 102576.2645348437
1.8852 102753.3079327211
1.8852 102910.4012619412
1.8852 103044.888375685
1.8852 103154.1131271336
1.8852 103235.419369468
1.8852 103286.1509558692
1.8852 103303.6517395183
1.885336317247412 103302.6116087994
1.885725441026389 103299.6065295213
1.88633762939204 103294.8094710017
1.887143140399475 103288.3934025584
1.888112232103805 103280.5312935091
1.88921516256014 103271.3961131716
1.890422189823589 103261.1608308637
1.891703571949264 103249.9984159032
1.893029566992273 103238.0818376077
1.894370433007727 103225.5840652951
1.895696428050736 103212.6780682831
1.89697781017641 103199.5368158896
1.89818483743986 103186.3332774322
1.899287767896195 103173.2404222287
1.900256859600525 103160.4312195969
1.90106237060796 103148.0786388545
1.901674558973611 103136.3556493194
1.902063682752588 103125.4352203093
1.9022 103115.4903211418
1.9022 103128.0300178412
1.9022 103170.5697145406
1.9022 103163.10941124
1.9022 102935.6491079393
1.9022 103038.1888046387
1.9019 103312.4189652096
1.901473764201487 103318.2873458347
1.901008443436166 103324.4883407544
1.900502608569841 103331.0382576411
1.899954830468316 103337.9534041676
1.899363679997394 103345.2500880065
1.89872772802288 103352.9446168305
1.898045545410577 103361.0532983121
1.897315703026289 103369.592440124
1.896536771735819 103378.578349939
1.895707322404973 103388.0273354294
1.894825925899552 103397.9557042681
1.893891153085361 103408.3797641277
1.892901574828205 103419.3158226808
1.891855761993886 103430.7801876
1.890752285448208 103442.7891665579
1.889589716056975 103455.3590672273
1.888366624685991 103468.5061972807
1.887081582201061 103482.2468643908
1.885733159467986 103496.5973762302
1.884319927352572 103511.5740404716
1.882840456720623 103527.1931647875
1.881293318437941 103543.4710568507
1.87967708337033 103560.4240243337
1.877990322383595 103578.0683749092
1.876231606343539 103596.4204162499
1.874399506115967 103615.4964560283
1.872492592566681 103635.3128019172
1.870509436561485 103655.8857615891
1.868448608966184 103677.2316427166
1.866308680646582 103699.3667529725
1.864088222468481 103722.3074000293
1.861785805297686 103746.0698915598
1.8594 103770.6705352364
1.856310890119993 103801.7781059054
1.852026077680947 103843.6520831984
1.846735411266738 103894.194831966
1.840628739461238 103951.3087170591
1.833895910848323 104012.8961033282
1.826726774011868 104076.8593556243
1.819311177535746 104141.100838798
1.811838970003832 104203.5229177
1.8045 104262.0279571811
1.796983102179752 104319.5764754542
1.788917853248729 104379.4235124932
1.780405214866018 104439.9132157899
1.771546148690704 104499.3897328362
1.762441616381872 104556.197211124
1.753192579598609 104608.6797981452
1.7439 104655.1816413916
1.734381113316402 104698.8528991943
1.72449617649311 104741.1739427144
1.714410683011617 104777.9842386891
1.704290126353417 104805.1232538556
1.6943 104818.4304549509
1.684454536143907 104823.2324407038
1.674643304480354 104825.4768949443
1.664844804744847 104821.9349120622
1.655037536672894 104809.3775864471
1.6452 104784.5760124888
1.635255526638766 104744.74639904
1.62521838519013 104691.9545773162
1.615203480422112 104630.2460752518
1.605325717102729 104563.6664207808
1.5957 104496.2611418376
1.585985082163669 104409.9500713249
1.576096917377082 104293.7229546781
1.566536211508661 104162.2301886312
1.557803670426827 104030.122169918
1.5504 103912.0492952721
1.54442447289398 103805.3516422532
1.5395 103708.3084745763
1.535374266078023 103637.7499698207
1.531751600927163 103586.5746198
1.528353135312721 103534.944071833
1.5249 103463.0199732382
1.521196349991472 103363.8567700373
1.517430359884018 103252.2648813574
1.513899189834556 103141.0399141755
1.5109 103042.9774754683
1.508439481056489 102974.8951909484
1.506263418779224 102936.9273478034
1.504277615973714 102916.8445452236
1.502387875445469 102902.4173823988
1.5005 102881.4164585192
1.498551553226227 102856.4834971328
1.496600670041376 102836.3873907843
1.494734010243411 102818.0894921584
1.493038233630298 102798.5511539399
1.4916 102774.7337288136
1.49041576012183 102746.269816547
1.489383971012971 102716.404538303
1.488444301843197 102687.5180288596
1.487536421782282 102661.9904229947
1.4866 102642.2018554862
1.485657573693783 102638.818770868
1.4847 102655.6435950045
1.483690195420343 102702.3944561816
1.482636678192802 102784.7202314562
1.4815 102888.6011507582
1.4802 103040.7201427297
1.4791 103197.7200892061
1.4782 103350.4036360392
1.4774 103498.9117885816
1.4767 103643.4831712756
1.4762 103784.1177841213
1.4757 103910.9023996432
1.4754 104013.8044781445
1.4751 104112.7697867975
1.4748 104177.6464736842
1.4746 104228.3586128457
1.4745 104264.4398019625
1.4744 104275.8791944692
1.4743 104272.3080071365
1.4743 104258.2790947368
1.4742 104224.1200235504
1.4742 104179.9999999533
1.4742 104115.8767224799
1.4743 104041.7209052632
1.4743 103947.6919928635
1.4744 103844.1099589652
1.4745 103715.5601980375
1.4746 103561.6088474576
1.4748 103372.3209866191
1.475 103157.2085200714
1.4754 102906.1955218555
1.4757 102629.1409866191
1.4762 102315.9472952721
1.4767 101986.5710615522
1.4774 101621.0990579839
1.4782 101249.5095914362
1.4791 100862.1714451383
2.0347 101841.9838545941
2.0347 101841.9838545941
2.0347 101878.0161454059
2.0347 101889.4869857211
2.0347 101890.0807270294
2.034635632747493 101903.9108542982
2.03444496925611 101916.9149338423
2.034131666925053 101929.1977906617
2.033699383153529 101940.8642497563
2.033151775340742 101952.0191361262
2.032492500885897 101962.7672747714
2.031725217188197 101973.2134906919
2.030853581646848 101983.4626088876
2.029881251661056 101993.6194543587
2.028811884630023 102003.788852105
2.027649137952956 102014.0756271266
2.026396669029058 102024.5846044234
2.025058135257534 102035.4206089955
2.023637194037589 102046.6884658429
2.022137502768426 102058.4929999655
2.020562718849253 102070.9390363634
2.018916499679273 102084.1314000366
2.017202502657689 102098.174915985
2.015424385183709 102113.1744092087
2.013585804656535 102129.2347047076
2.011690418475372 102146.4606274818
2.009741884039426 102164.9570025312
2.0077438587479 102184.8286548559
2.0057 102206.1804094558
2.003103877714197 102232.970377291
1.999598236677489 102267.8106872693
1.995410496591872 102308.787191313
1.990768077159341 102353.9857413441
1.985898398081893 102401.4921892849
1.981028879061524 102449.3923870573
1.976386939800227 102495.7721865836
1.9722 102538.7174397859
1.968160196731171 102581.8035967623
1.963901278945489 102628.5132515577
1.959563084167073 102676.7929720141
1.955285449920046 102724.5893259737
1.95120821372853 102769.8488812785
1.947471213116645 102810.5182057706
1.944214285608514 102844.5438672923
1.941577268728259 102869.8724336854
1.9397 102884.4504727921
1.938276718263103 102892.5272764127
1.936907728237056 102899.7542878069
1.935591966266167 102906.1813020066
1.934328368694742 102911.8581140437
1.933115871867089 102916.83451895
1.931953412127515 102921.1603117573
1.930839925820327 102924.8852874973
1.929774349289832 102928.0592412019
1.928755618880337 102930.7319679029
1.92778267093615 102932.9532626322
1.926854441801578 102934.7729204216
1.925969867820927 102936.2407363029
1.925127885338506 102937.4065053078
1.92432743069862 102938.3200224683
1.923567440245578 102939.0310828161
1.922846850323686 102939.5894813831
1.922164597277252 102940.045013201
1.921519617450582 102940.4474733017
1.920910847187985 102940.8466567171
1.920337222833766 102941.2923584788
1.919797680732234 102941.8343736189
1.919291157227694 102942.5224971689
1.918816588664456 102943.4065241609
1.918372911386825 102944.5362496265
1.917959061739109 102945.9614685977
1.917573976065614 102947.7319761062
1.91721659071065 102949.8975671838
1.91688584201852 102952.5080368624
1.916580666333535 102955.6131801739
1.9163 102959.2627921499
1.9161 102972.1913648528
1.915864195949796 102990.1086506808
1.915617820906621 103016.1422369601
1.915360538639739 103048.8218406118
1.915092012918413 103086.677178557
1.914811907511907 103128.2379677168
1.914519886189487 103172.0339250122
1.914215612720413 103216.5947673643
1.913898750873951 103260.4502116942
1.913568964419365 103302.1299749229
1.913225917125917 103340.1637739716
1.912869272762873 103373.0813257612
1.912498695099495 103399.4123472129
1.912113847905048 103417.6865552478
1.911714394948795 103426.4336667868
1.9113 103424.1833987511
1.910821607866402 103398.6794028916
1.910249939023384 103343.906334583
1.909614320741679 103267.7554161818
1.908944080292019 103178.1178700446
1.908268544945134 103082.8849185279
1.907617041971759 102989.9477839884
1.907018898642623 102907.1976887826
1.906503442228459 102842.5258552671
1.9061 102803.8235057984
1.90577300818716 102781.7950796635
1.905466362996439 102761.7025717389
1.905178581663439 102743.2735377655
1.904908181423763 102726.2355334843
1.904653679513015 102710.316114636
1.904413593166798 102695.2428369617
1.904186439620715 102680.7432562023
1.903970736110369 102666.5449280986
1.903764999871365 102652.3754083916
1.903567748139305 102637.9622528223
1.903377498149792 102623.0330171315
1.903192767138431 102607.3152570601
1.903012072340823 102590.5365283491
1.902833930992573 102572.4243867393
1.902656860329283 102552.7063879717
1.902479377586558 102531.1100877873
1.9023 102507.3630419268
1.902117113763451 102481.7243977521
1.901930454753602 102454.6707772987
1.90174056473033 102426.2559483192
1.90154798545351 102396.5336785658
1.90135325868302 102365.5577357909
1.901156926178737 102333.3818877469
1.900959529700537 102300.0599021859
1.900761611008296 102265.6455468605
1.900563711861892 102230.1925895228
1.900366374021201 102193.7547979253
1.900170139246101 102156.3859398202
1.899975549296466 102118.1397829599
1.899783145932175 102079.0700950968
1.899593470913103 102039.2306439831
1.899407065999129 101998.6751973712
1.899224472950128 101957.4575230135
1.899046233525976 101915.6313886622
1.898872889486551 101873.2505620696
1.898704982591729 101830.3688109882
1.898543054601388 101787.0399031702
1.898387647275402 101743.317606368
1.898239302373651 101699.255688334
1.898098561656009 101654.9079168203
1.897965966882354 101610.3280595795
1.897842059812562 101565.5698843637
1.897727382206511 101520.6871589253
1.897622475824076 101475.7336510168
1.897527882425134 101430.7631283903
1.897444143769563 101385.8293587982
1.897371801617238 101340.9861099929
1.897311397728037 101296.2871497267
1.897263473861836 101251.7862457519
1.897228571778511 101207.5371658209
1.897207233237941 101163.5936776859
1.8972 101120.0095490994
1.897209217885099 101075.6372860663
1.897236192296123 101029.4378795505
1.897279904366657 100981.6278247428
1.897339335230292 100932.4236168341
1.897413466020613 100882.041751015
1.89750127787121 100830.6987224764
1.897601751915669 100778.611026409
1.897713869287579 100725.9951580036
1.897836611120528 100673.0676124509
1.897968958548102 100620.0448849418
1.898109892703891 100567.1434706671
1.898258394721481 100514.5798648174
1.898413445734461 100462.5705625836
1.898574026876418 100411.3320591564
1.898739119280941 100361.0808497266
1.898907704081616 100312.0334294851
1.899078762412032 100264.4062936225
1.899251275405777 100218.4159373296
1.899424224196437 100174.2788557972
1.899596589917603 100132.2115442161
1.899767353702859 100092.4304977771
1.899935496685796 100055.1522116709
1.9001 100020.5931810883
1.900262143651123 99988.06284270072
1.900424256217856 99956.68143256741
1.900586891693345 99926.38164496086
1.900750604070738 99897.09617415357
1.900915947343182 99868.75771441808
1.901083475503822 99841.29896002689
1.901253742545806 99814.6526052525
1.901427302462281 99788.75134436745
1.901604709246394 99763.52787164424
1.90178651689129 99738.91488135536
1.901973279390118 99714.84506777336
1.902165550736024 99691.2511251707
1.902363884922154 99668.06574781993
1.902568835941656 99645.22162999357
1.902780957787676 99622.65146596411
1.903000804453361 99600.28795000407
1.903228929931859 99578.06377638594
1.903465888216314 99555.91163938226
1.903712233299876 99533.76423326552
1.903968519175689 99511.55425230825
1.904235299836902 99489.21439078294
1.904513129276661 99466.67734296215
1.904802561488112 99443.87580311832
1.905104150464403 99420.74246552403
1.90541845019868 99397.21002445175
1.905746014684091 99373.21117417399
1.906087397913781 99348.67860896328
1.906443153880898 99323.54502309213
1.906813836578589 99297.74311083303
1.9072 99271.20556645852
1.907711782764759 99273.46400062542
1.908403364694802 99320.21893892439
1.909191361586739 99390.65644802862
1.909992389237178 99463.96259461126
1.910723063442729 99519.32344534551
1.9113 99535.92506690454
1.911759714077242 99520.8011770225
1.912195065555691 99495.81239476948
1.912607187301437 99462.3851388225
1.91299721218057 99421.94582785873
1.91336627305918 99375.92088055518
1.913715502803356 99325.736715589
1.914046034279189 99272.81975163726
1.914359000352768 99218.59640737706
1.914655533890183 99164.49310148548
1.914936767757524 99111.93625263963
1.915203834820881 99062.35227951656
1.915457867946343 99017.16760079339
1.9157 98977.80863514719
1.915886546549907 98933.88269565545
1.9161 98908.02556645851
1.916464068489228 98910.24139783988
1.91697173603144 98916.44982781734
1.917617314558897 98926.49321326394
1.918395116003857 98940.21391105271
1.91929945229858 98957.45427805664
1.920324635375326 98978.05667114872
1.921464977166355 99001.86344720198
1.922714789603927 99028.71696308944
1.9240683846203 99058.45957568409
1.925520074147736 99090.93364185898
1.927064170118493 99125.9815184871
1.928694984464831 99163.44556244144
1.93040682911901 99203.16813059505
1.932194016013291 99244.99157982091
1.934050857079931 99288.75826699205
1.935971664251191 99334.31054898151
1.937950749459332 99381.49078266222
1.939982424636612 99430.14132490726
1.942061001715292 99480.10453258963
1.94418079262763 99531.22276258234
1.946336109305887 99583.33837175838
1.948521263682322 99636.29371699078
1.950730567689196 99689.93115515256
1.952958333258767 99744.09304311671
1.955198872323296 99798.62173775627
1.957446496815043 99853.35959594422
1.959695518666266 99908.14897455358
1.961940249809226 99962.8322304574
1.964175002176182 100017.2517205286
1.966394087699395 100071.2498016403
1.968591818311123 100124.6688306655
1.970762505943627 100177.3511644771
1.972900462529166 100229.1391599482
1.975 100279.8751739518
1.977193702523292 100333.4525584284
1.979599758004526 100393.334532152
1.982190883983444 100458.7182522456
1.984939797999789 100528.8008758324
1.987819217593302 100602.7795600355
1.990801860303726 100679.8514619781
1.993860443670803 100759.2137387833
1.996967685234276 100840.0635475743
2.000096302533886 100921.5980454741
2.003219013109375 101003.014389606
2.006308534500485 101083.509737093
2.00933758424696 101162.2812450584
2.012278879888541 101238.5260706251
2.01510513896497 101311.4413709165
2.017789079015989 101380.2243030556
2.020303417581342 101444.0720241655
2.022620872200769 101502.1816913694
2.024714160414012 101553.7504617905
2.026555999760815 101597.9754925518
2.028119107780919 101634.0539407766
2.029376202014067 101661.1829635879
2.0303 101678.5597181088
2.031041947994966 101688.6183066041
2.031760336262354 101694.929234767
2.032438148352616 101698.3942648638
2.033058367816209 101699.9151591609
2.033603978203584 101700.3936799245
2.034057963065197 101700.731589421
2.034403305951502 101701.8306499167
2.034622990412951 101704.5926236777
2.0347 101709.9192729706
2.0347 101725.9515637823
2.0347 101841.9838545941
*END
