*KEYWORD
*DEFINE_CURVE_TITLE
SYNTHETIC screenshot reconstruction absolute pressure
$ LCID SIDR SFA SFO OFFA OFFO DATTYP
26 0 1.0 1.0 0.0 0.0 0
$ Not a CFD solver result; screenshot anchors plus interpolated rows.
$ X in metres; ordinate in metres or absolute pressure in Pa.
$ ABSCISSA ORDINATE
1.4791 103099.5267701829
1.479851735675113 103040.4794922851
1.480724157317516 102984.2247598218
1.481711671244822 102931.2062792757
1.482808683774642 102881.8677571295
1.48400960122459 102836.652899866
1.485308829912277 102796.005413968
1.486700776155315 102760.3690059183
1.488179846271316 102730.1873821996
1.489740446577894 102705.9042492947
1.491376983392658 102687.9633136863
1.493083863033223 102676.8082818573
1.4948554918172 102672.8828602904
1.496686276062202 102676.6307554683
1.498570622085839 102688.4956738739
1.500502936205726 102708.9213219899
1.502477624739473 102738.351406299
1.504489094004693 102777.2296332841
1.506531750318998 102825.9997094279
1.5086 102885.1053412132
1.51071234126088 102948.6282108989
1.512911411375217 103010.7134400139
1.515227825251226 103071.8998939454
1.517692197797119 103132.726438081
1.52033514392111 103193.7319378082
1.523187278531413 103255.4552585142
1.52627921653624 103318.4352655865
1.529641572843804 103383.2108244127
1.53330496236232 103450.32080038
1.5373 103520.304058876
1.542224457603239 103600.9030349226
1.548474587033738 103696.3632419568
1.555778723222672 103801.9781629883
1.563865201101215 103913.0412810269
1.57246235560054 104024.8460790825
1.581298521651822 104132.6860401646
1.590102034186235 104231.8546472832
1.598601228134953 104317.645383448
1.60652443842915 104385.3517316688
1.6136 104430.2671749554
1.619711731351954 104460.8227498378
1.625241775432379 104488.7572007338
1.630665953836827 104514.3255724848
1.63646008816085 104537.7829099321
1.6431 104559.384257917
1.651076798471014 104572.6341692651
1.660411382713937 104571.9350726143
1.670874259359286 104558.8888265247
1.682235935037575 104535.0972895562
1.694266916379319 104502.1623202687
1.706737710015032 104461.6857772224
1.719418822575228 104415.269518977
1.732080760690424 104364.5154040928
1.744494030991133 104311.0252911296
1.756429140107871 104256.4010386473
1.767656594671152 104202.2445052061
1.77794690131149 104150.1575493659
1.787070566659402 104101.7420296866
1.7947980973454 104058.5998047283
1.8009 104022.3327330508
1.8060604877428 103989.9272133377
1.811114687291474 103957.3491551511
1.816059475673645 103924.6696833694
1.820891729916942 103891.959922871
1.825608327048989 103859.2909985343
1.830206144097412 103826.7340352376
1.834682058089838 103794.3601578593
1.839032946053892 103762.2404912778
1.843255685017201 103730.4461603715
1.847347152007389 103699.0482900188
1.851304224052085 103668.118005098
1.855123778178912 103637.7264304874
1.858802691415497 103607.9446910656
1.862337840789467 103578.8439117108
1.865726103328447 103550.4952173014
1.868964356060062 103522.9697327159
1.87204947601194 103496.3385828325
1.874978340211706 103470.6728925297
1.877747825686985 103446.0437866859
1.880354809465405 103422.5223901793
1.88279616857459 103400.1798278884
1.885068780042167 103379.0872246917
1.887169520895762 103359.3157054673
1.889095268163 103340.9363950938
1.890842898871508 103324.0204184495
1.892409290048911 103308.6389004127
1.893791318722836 103294.8629658619
1.894985861920909 103282.7637396755
1.895989796670755 103272.4123467317
1.8968 103263.879911909
1.897504777027824 103257.1374620538
1.898189300872436 103251.8831202812
1.898845750560009 103247.7786558728
1.899466305116718 103244.4858381101
1.900043143568734 103241.6664362748
1.90056844494223 103238.9822196483
1.901034388263381 103236.0949575123
1.901433152558359 103232.6664191482
1.901756916853336 103228.3583738376
1.901997860174487 103222.8325908621
1.902148161547984 103215.7508395033
1.9022 103206.7748890427
1.9022 103184.7573335253
1.9022 103146.8068440053
1.9022 103104.9693052781
1.9022 103071.2906021391
1.9022 103057.8166193834
1.902063682752588 103059.1870444007
1.901674558973611 103061.9056080838
1.90106237060796 103065.8142604835
1.900256859600525 103070.7549516507
1.899287767896195 103076.5696316362
1.89818483743986 103083.1002504908
1.896977810176411 103090.1887582652
1.895696428050736 103097.6771050102
1.894370433007727 103105.4072407768
1.893029566992273 103113.2211156156
1.891703571949264 103120.9606795774
1.890422189823589 103128.4678827131
1.88921516256014 103135.5846750735
1.888112232103805 103142.1530067093
1.887143140399475 103148.0148276714
1.88633762939204 103153.0120880106
1.885725441026389 103156.9867377776
1.885336317247412 103159.7807270232
1.8852 103161.2360057984
1.8852 103145.6333124408
1.8852 103099.0116486359
1.8852 103023.8503594558
1.8852 102922.6287899726
1.8852 102797.8262852587
1.8852 102651.922190386
1.8852 102487.3958504268
1.8852 102306.7266104533
1.8852 102112.3938155375
1.8852 101906.8768107517
1.8852 101692.654941168
1.8852 101472.2075518587
1.8852 101248.0139878957
1.8852 101022.5535943514
1.8852 100798.3057162978
1.8852 100577.7496988071
1.8852 100363.3648869516
1.8852 100157.6306258033
1.8852 99963.02626043437
1.8852 99782.03113591704
1.8852 99617.12459732348
1.8852 99470.7859897258
1.8852 99345.49465819618
1.8852 99243.7299478068
1.8852 99167.9712036298
1.8852 99120.69777073734
1.8852 99104.38899420161
1.885336317247412 99104.88972764771
1.885725441026389 99106.28536384672
1.88633762939204 99108.41605658965
1.887143140399475 99111.12195966754
1.888112232103805 99114.24322687139
1.88921516256014 99117.62001199226
1.890422189823589 99121.09246882118
1.891703571949264 99124.50075114916
1.893029566992273 99127.68501276722
1.894370433007727 99130.48540746643
1.895696428050736 99132.74208903777
1.89697781017641 99134.29521127231
1.89818483743986 99134.98492796105
1.899287767896195 99134.65139289503
1.900256859600525 99133.13475986529
1.90106237060796 99130.27518266282
1.901674558973611 99125.91281507871
1.902063682752588 99119.88781090394
1.9022 99112.04032392953
1.9022 99062.78435827386
1.9022 99041.6533926182
1.9022 98973.64742696253
1.9022 98699.39146130686
1.9022 98734.51049565121
1.9019 98983.66972011597
1.901473764201487 98977.96202345607
1.901008443436166 98971.5324082329
1.900502608569841 98964.36871648177
1.899954830468316 98956.45879023784
1.899363679997394 98947.79047153638
1.89872772802288 98938.35160241264
1.898045545410577 98928.13002490185
1.897315703026289 98917.11358103926
1.896536771735819 98905.29011286011
1.895707322404973 98892.64746239963
1.894825925899552 98879.17347169307
1.893891153085361 98864.85598277567
1.892901574828205 98849.68283768266
1.891855761993886 98833.64187844927
1.890752285448208 98816.72094711076
1.889589716056975 98798.90788570239
1.888366624685991 98780.19053625935
1.887081582201061 98760.55674081694
1.885733159467986 98739.99434141035
1.884319927352572 98718.49118007484
1.882840456720623 98696.03509884566
1.881293318437941 98672.61393975804
1.87967708337033 98648.2155448472
1.877990322383595 98622.82775614843
1.876231606343539 98596.43841569693
1.874399506115967 98569.03536552793
1.872492592566681 98540.60644767674
1.870509436561485 98511.13950417851
1.868448608966184 98480.62237706853
1.866308680646582 98449.04290838203
1.864088222468481 98416.38894015427
1.861785805297686 98382.64831442048
1.8594 98347.80887321588
1.856310890119993 98303.26209066877
1.852026077680947 98242.37114429387
1.846735411266738 98168.0814312061
1.840628739461238 98083.33834852034
1.833895910848323 97991.08729335143
1.826726774011868 97894.27366281436
1.819311177535746 97795.84285402394
1.811838970003832 97698.74026409509
1.8045 97605.91129014273
1.796983102179752 97513.05842907942
1.788917853248729 97415.20797024824
1.780405214866018 97314.29099940979
1.771546148690704 97212.23860232467
1.762441616381872 97110.98186475348
1.753192579598609 97012.45187245685
1.7439 96918.57971119536
1.734381113316402 96825.27822958597
1.72449617649311 96730.38289644716
1.714410683011617 96638.70872784185
1.704290126353417 96555.07073983298
1.6943 96484.2839484835
1.684454536143907 96421.02079651765
1.674643304480354 96359.07145937684
1.664844804744847 96301.92755219976
1.655037536672894 96253.08069012516
1.6452 96216.02248829171
1.635255526638766 96191.58497312224
1.62521838519013 96177.5217504327
1.615203480422112 96172.70680445145
1.605325717102729 96176.01411940684
1.5957 96186.31767952722
1.585985082163669 96218.41067348138
1.576096917377082 96280.14299270115
1.566536211508661 96359.97367555936
1.557803670426827 96446.36176042884
1.5504 96527.76628568243
1.54442447289398 96602.9277506419
1.5395 96681.27330508475
1.535374266078023 96770.85940329313
1.531751600927163 96870.39879393748
1.528353135312721 96970.36493265656
1.5249 97061.2312750892
1.521196349991472 97145.40771559007
1.517430359884018 97230.68917372744
1.513899189834556 97315.62664296049
1.5109 97398.77111674844
1.508439481056489 97491.18397277161
1.506263418779224 97601.20025429141
1.504277615973714 97723.28145313862
1.502387875445469 97851.88906114397
1.5005 97981.48457013827
1.498551553226227 98121.33575205026
1.496600670041376 98275.89677011933
1.494734010243411 98432.40870314236
1.493038233630298 98578.11262991605
1.4916 98700.24962923728
1.49041576012183 98795.57937557023
1.489383971012971 98875.88813925316
1.488444301843197 98950.9568928941
1.487536421782282 99030.56660910095
1.4866 99124.49826048172
1.485657573693783 99243.30828059354
1.4847 99393.14662968332
1.483690195420343 99585.54487946499
1.482636678192802 99826.80390438046
1.4815 100112.2489211641
1.4802 100494.6373661909
1.4791 100872.4499163693
1.4782 101235.5590912132
1.4774 101583.8326982047
1.4767 101917.0470269291
1.4762 102235.2020773863
1.4757 102528.8415003345
1.4754 102788.6208017395
1.4751 103033.3408248773
1.4748 103235.0189309211
1.4746 103412.4763004572
1.4745 103566.1501856601
1.4744 103686.6757551851
1.4743 103783.7737433095
1.4743 103871.9258486842
1.4742 103941.4499779215
1.4742 104001.5625000438
1.4742 104042.9280726751
1.4743 104074.9491513158
1.4743 104088.1012566905
1.4744 104091.4594134701
1.4745 104080.7248143399
1.4746 104056.3042055085
1.4748 104008.7615750446
1.475 103947.9295124331
1.4754 103864.5041982605
1.4757 103767.9928250446
1.4762 103649.1119106824
1.4767 103526.6521297948
1.4774 103381.78213314
1.4782 103242.6472580285
1.4791 103099.5267701829
2.0347 101843.452636318
2.0347 101843.452636318
2.0347 101809.672363682
2.0347 101749.174687802
2.0347 101685.8618184099
2.034635632747493 101648.355868559
2.03444496925611 101614.4279523151
2.034131666925053 101583.7309906606
2.033699383153529 101555.9179045782
2.033151775340742 101530.6416150502
2.032492500885897 101507.5550430594
2.031725217188197 101486.3111095881
2.030853581646848 101466.5627356189
2.029881251661056 101447.9628421343
2.028811884630023 101430.1643501169
2.027649137952956 101412.8201805491
2.026396669029058 101395.5832544135
2.025058135257534 101378.1064926926
2.023637194037589 101360.0428163689
2.022137502768426 101341.045146425
2.020562718849253 101320.7664038434
2.018916499679273 101298.8595096066
2.017202502657689 101274.9773846971
2.015424385183709 101248.7729500974
2.013585804656535 101219.8991267901
2.011690418475372 101188.0088357578
2.009741884039426 101152.7549979828
2.0077438587479 101113.7905344477
2.0057 101070.7683661351
2.003103877714197 101011.1086756252
1.999598236677489 100926.8347347161
1.995410496591872 100824.5040982171
1.990768077159341 100710.6743209376
1.985898398081893 100591.9029576868
1.981028879061524 100474.7475632742
1.976386939800227 100365.765692509
1.9722 100271.5149002007
1.968160196731171 100185.1579785665
1.963901278945489 100096.9361958
1.959563084167073 100009.0248206755
1.955285449920046 99923.59912196701
1.95120821372853 99842.83436844856
1.947471213116645 99768.90582889429
1.944214285608514 99703.9887720783
1.941577268728259 99650.25846677463
1.9397 99609.89018175736
1.938276718263103 99577.32923149403
1.936907728237056 99545.57862368197
1.935591966266167 99514.6501669399
1.934328368694742 99484.55566988661
1.933115871867089 99455.30694114091
1.931953412127515 99426.91578932153
1.930839925820327 99399.39402304724
1.929774349289832 99372.7534509368
1.928755618880337 99347.00588160903
1.92778267093615 99322.16312368264
1.926854441801578 99298.23698577646
1.925969867820927 99275.23927650922
1.925127885338506 99253.18180449972
1.92432743069862 99232.07637836671
1.923567440245578 99211.93480672897
1.922846850323686 99192.76889820526
1.922164597277252 99174.59046141438
1.921519617450582 99157.41130497506
1.920910847187985 99141.24323750612
1.920337222833766 99126.09806762628
1.919797680732234 99111.98760395435
1.919291157227694 99098.92365510909
1.918816588664456 99086.91802970925
1.918372911386825 99075.98253637363
1.917959061739109 99066.12898372099
1.917573976065614 99057.36918037011
1.91721659071065 99049.71493493972
1.91688584201852 99043.17805604867
1.916580666333535 99037.77035231567
1.9163 99033.5036323595
1.9161 99040.1330954505
1.915864195949796 99057.59396290532
1.915617820906621 99083.96306346114
1.915360538639739 99117.82057289993
1.915092012918413 99157.74666700365
1.914811907511907 99202.32152155427
1.914519886189487 99250.12531233374
1.914215612720413 99299.73821512402
1.913898750873951 99349.7404057071
1.913568964419365 99398.71205986486
1.913225917125917 99445.23335337934
1.912869272762873 99487.88446203248
1.912498695099495 99525.24556160624
1.912113847905048 99555.89682788258
1.911714394948795 99578.41843664345
1.9113 99591.39056367084
1.910821607866402 99590.86640341049
1.910249939023384 99576.73261585516
1.909614320741679 99553.31957510734
1.908944080292019 99524.95765526943
1.908268544945134 99495.97723044387
1.907617041971759 99470.7086747331
1.907018898642623 99453.48236223958
1.906503442228459 99448.62866706574
1.9061 99460.477963314
1.90577300818716 99481.81947666731
1.905466362996439 99502.61820733198
1.905178581663439 99522.96819119556
1.904908181423763 99542.96346414558
1.904653679513015 99562.6980620696
1.904413593166798 99582.26602085514
1.904186439620715 99601.76137638974
1.903970736110369 99621.27816456095
1.903764999871365 99640.91042125633
1.903567748139305 99660.75218236339
1.903377498149792 99680.89748376967
1.903192767138431 99701.44036136274
1.903012072340823 99722.47485103013
1.902833930992573 99744.09498865934
1.902656860329283 99766.39481013798
1.902479377586558 99789.46835135354
1.9023 99813.40964819357
1.902117113763451 99838.4821210899
1.901930454753602 99864.85282625373
1.90174056473033 99892.47125324182
1.90154798545351 99921.28689161097
1.90135325868302 99951.24923091792
1.901156926178737 99982.30776071941
1.900959529700537 100014.4119705722
1.900761611008296 100047.5113500331
1.900563711861892 100081.5553886588
1.900366374021201 100116.4935760061
1.900170139246101 100152.2754016318
1.899975549296466 100188.8503550925
1.899783145932175 100226.1679259451
1.899593470913103 100264.1776037463
1.899407065999129 100302.8288780529
1.899224472950128 100342.0712384216
1.899046233525976 100381.8541744092
1.898872889486551 100422.1271755724
1.898704982591729 100462.8397314681
1.898543054601388 100503.9413316529
1.898387647275402 100545.3814656836
1.898239302373651 100587.109623117
1.898098561656009 100629.0752935098
1.897965966882354 100671.2279664189
1.897842059812562 100713.5171314008
1.897727382206511 100755.8922780125
1.897622475824076 100798.3028958106
1.897527882425134 100840.698474352
1.897444143769563 100883.0285031933
1.897371801617238 100925.2424718914
1.897311397728037 100967.289870003
1.897263473861836 101009.1201870848
1.897228571778511 101050.6829126936
1.897207233237941 101091.9275363862
1.8972 101132.8035477193
1.897209217885099 101174.2683580421
1.897236192296123 101217.1892515295
1.897279904366657 101261.3805269771
1.897339335230292 101306.6564831804
1.897413466020613 101352.831418935
1.89750127787121 101399.7196330365
1.897601751915669 101447.1354242805
1.897713869287579 101494.8930914624
1.897836611120528 101542.8069333778
1.897968958548102 101590.6912488224
1.898109892703891 101638.3603365916
1.898258394721481 101685.6284954811
1.898413445734461 101732.3100242863
1.898574026876418 101778.2192218029
1.898739119280941 101823.1703868264
1.898907704081616 101866.9778181523
1.899078762412032 101909.4558145763
1.899251275405777 101950.4186748938
1.899424224196437 101989.6806979005
1.899596589917603 102027.0561823918
1.899767353702859 102062.3594271635
1.899935496685796 102095.4047310109
1.9001 102126.0063927297
1.900262143651123 102154.6953974498
1.900424256217856 102182.1775356499
1.900586891693345 102208.5293141484
1.900750604070738 102233.827239764
1.900915947343182 102258.1478193151
1.901083475503822 102281.5675596205
1.901253742545806 102304.1629674985
1.901427302462281 102326.0105497678
1.901604709246394 102347.1868132469
1.90178651689129 102367.7682647544
1.901973279390118 102387.8314111089
1.902165550736024 102407.4527591288
1.902363884922154 102426.7088156329
1.902568835941656 102445.6760874395
1.902780957787676 102464.4310813673
1.903000804453361 102483.0503042349
1.903228929931859 102501.6102628607
1.903465888216314 102520.1874640634
1.903712233299876 102538.8584146615
1.903968519175689 102557.6996214736
1.904235299836902 102576.7875913181
1.904513129276661 102596.1988310138
1.904802561488112 102616.0098473791
1.905104150464403 102636.2971472326
1.90541845019868 102657.1372373929
1.905746014684091 102678.6066246785
1.906087397913781 102700.7818159079
1.906443153880898 102723.7393178998
1.906813836578589 102747.5556374727
1.9072 102772.3072814451
1.907711782764759 102831.3011105248
1.908403364694802 102940.2461336472
1.909191361586739 103072.8220799732
1.909992389237178 103202.7086786631
1.910723063442729 103303.5856588775
1.9113 103349.132749777
1.911759714077242 103352.6275827467
1.912195065555691 103345.7522658121
1.912607187301437 103329.7932430946
1.91299721218057 103306.0369587156
1.91336627305918 103275.7698567962
1.913715502803356 103240.2783814579
1.914046034279189 103200.8489768219
1.914359000352768 103158.7680870096
1.914655533890183 103115.3221561423
1.914936767757524 103071.7976283414
1.915203834820881 103029.480947728
1.915457867946343 102989.6585584236
1.9157 102953.6169045495
1.915886546549907 102912.3112370971
1.9161 102887.7885314451
1.916464068489228 102886.9927269714
1.91697173603144 102884.9500695513
1.917617314558897 102881.7080496341
1.918395116003857 102877.314157669
1.91929945229858 102871.8158841053
1.920324635375326 102865.2607193919
1.921464977166355 102857.6961539782
1.922714789603927 102849.1696783134
1.9240683846203 102839.7287828466
1.925520074147736 102829.4209580271
1.927064170118493 102818.2936943039
1.928694984464831 102806.3944821264
1.93040682911901 102793.7708119436
1.932194016013291 102780.4701742049
1.934050857079931 102766.5400593593
1.935971664251191 102752.0279578561
1.937950749459332 102736.9813601445
1.939982424636612 102721.4477566736
1.942061001715292 102705.4746378926
1.94418079262763 102689.1094942508
1.946336109305887 102672.3998161973
1.948521263682322 102655.3930941813
1.950730567689196 102638.136818652
1.952958333258767 102620.6784800586
1.955198872323296 102603.0655688502
1.957446496815043 102585.3455754762
1.959695518666266 102567.5659903856
1.961940249809226 102549.7743040276
1.964175002176182 102532.0180068515
1.966394087699395 102514.3445893064
1.968591818311123 102496.8015418415
1.970762505943627 102479.4363549061
1.972900462529166 102462.2965189492
1.975 102445.4295244202
1.977193702523292 102427.7746507414
1.979599758004526 102408.3719375503
1.982190883983444 102387.4200156184
1.984939797999789 102365.1175157171
1.987819217593302 102341.6630686182
1.990801860303726 102317.2553050929
1.993860443670803 102292.0928559129
1.996967685234276 102266.3743518497
2.000096302533886 102240.2984236747
2.003219013109375 102214.0637021595
2.006308534500485 102187.8688180757
2.00933758424696 102161.9124021946
2.012278879888541 102136.393085288
2.01510513896497 102111.5094981271
2.017789079015989 102087.4602714837
2.020303417581342 102064.4440361291
2.022620872200769 102042.6594228349
2.024714160414012 102022.3050623726
2.026555999760815 102003.5795855138
2.028119107780919 101986.6816230299
2.029376202014067 101971.8098056924
2.0303 101959.162764273
2.031041947994966 101948.782881114
2.031760336262354 101940.0285318866
2.032438148352616 101932.0723373552
2.033058367816209 101924.0869182842
2.033603978203584 101915.2448954381
2.034057963065197 101904.7188895812
2.034403305951502 101891.6815214779
2.034622990412951 101875.3054118928
2.0347 101854.7631815901
2.0347 101802.2329089541
2.0347 101843.452636318
*END
