*KEYWORD
*DEFINE_CURVE_TITLE
SYNTHETIC screenshot reconstruction absolute pressure
$ LCID SIDR SFA SFO OFFA OFFO DATTYP
26 0 1.0 1.0 0.0 0.0 0
$ Not a CFD solver result; screenshot anchors plus interpolated rows.
$ X in metres; ordinate in metres or absolute pressure in Pa.
$ ABSCISSA ORDINATE
1.4791 101995.3125
1.479851735675113 101843.7569704536
1.480724157317516 101696.0229425244
1.481711671244822 101552.5404505619
1.482808683774642 101413.7395289159
1.48400960122459 101280.0502119362
1.485308829912277 101151.9025339723
1.486700776155315 101029.726529374
1.488179846271316 100913.952232491
1.489740446577894 100805.0096776729
1.491376983392658 100703.3288992696
1.493083863033223 100609.3399316306
1.4948554918172 100523.4728091057
1.496686276062202 100446.1575660446
1.498570622085839 100377.8242367969
1.500502936205726 100318.9028557124
1.502477624739473 100269.8234571408
1.504489094004693 100231.0160754317
1.506531750318998 100202.9107449349
1.5086 100185.9375
1.51071234126088 100174.9762755298
1.512911411375217 100164.6947625655
1.515227825251226 100155.2046296651
1.517692197797119 100146.6175453862
1.52033514392111 100139.0451782867
1.523187278531413 100132.5991969242
1.52627921653624 100127.3912698565
1.529641572843804 100123.5330656414
1.53330496236232 100121.1362528366
1.5373 100120.3125
1.542224457603239 100123.7448727545
1.548474587033738 100133.3081586826
1.555778723222672 100147.9016092814
1.563865201101215 100166.4244760479
1.57246235560054 100187.7760104791
1.581298521651822 100210.8554640719
1.590102034186235 100234.5620883233
1.598601228134953 100257.7951347305
1.60652443842915 100279.4538547904
1.6136 100298.4375
1.619711731351954 100314.9498437226
1.625241775432379 100330.6145012277
1.630665953836827 100346.4604868714
1.63646008816085 100363.5168150102
1.6431 100382.8125
1.651076798471014 100405.8694702146
1.660411382713937 100433.0548368681
1.670874259359286 100463.6653885775
1.682235935037575 100496.9979139595
1.694266916379319 100532.3492016312
1.706737710015032 100569.0160402094
1.719418822575228 100606.2952183111
1.732080760690424 100643.4835245532
1.744494030991133 100679.8777475526
1.756429140107871 100714.7746759263
1.767656594671152 100747.4710982911
1.77794690131149 100777.2638032639
1.787070566659402 100803.4495794617
1.7947980973454 100825.3252155015
1.8009 100842.1875
1.8060604877428 100856.1607113463
1.811114687291474 100869.8322164498
1.816059475673645 100883.1934367083
1.820891729916942 100896.2357935198
1.825608327048989 100908.950708282
1.830206144097412 100921.3296023928
1.834682058089838 100933.36389725
1.839032946053892 100945.0450142515
1.843255685017201 100956.3643747951
1.847347152007389 100967.3134002785
1.851304224052085 100977.8835120998
1.855123778178912 100988.0661316566
1.858802691415497 100997.8526803469
1.862337840789467 101007.2345795684
1.865726103328447 101016.2032507191
1.868964356060062 101024.7501151967
1.87204947601194 101032.866594399
1.874978340211706 101040.544109724
1.877747825686985 101047.7740825694
1.880354809465405 101054.5479343332
1.88279616857459 101060.857086413
1.885068780042167 101066.6929602068
1.887169520895762 101072.0469771124
1.889095268163 101076.9105585276
1.890842898871508 101081.2751258503
1.892409290048911 101085.1321004783
1.893791318722836 101088.4729038094
1.894985861920909 101091.2889572415
1.895989796670755 101093.5716821724
1.8968 101095.3125
1.897504777027824 101096.7432329482
1.898189300872436 101098.103390658
1.898845750560009 101099.3959256521
1.899466305116718 101100.6237904538
1.900043143568734 101101.7899375859
1.90056844494223 101102.8973195714
1.901034388263381 101103.9488889334
1.901433152558359 101104.9475981947
1.901756916853336 101105.8963998784
1.901997860174487 101106.7982465076
1.902148161547984 101107.656090605
1.9022 101108.4728846939
1.9022 101109.2515812971
1.9022 101109.9951329376
1.9022 101110.7064921384
1.9022 101111.3886114225
1.9022 101112.0444433129
1.902063682752588 101112.6769403327
1.901674558973611 101113.2890550047
1.90106237060796 101113.8837398519
1.900256859600525 101114.4639473973
1.899287767896195 101115.032630164
1.89818483743986 101115.592740675
1.896977810176411 101116.1472314531
1.895696428050736 101116.6990550214
1.894370433007727 101117.2511639029
1.893029566992273 101117.8065106206
1.891703571949264 101118.3680476974
1.890422189823589 101118.9387276563
1.88921516256014 101119.5215030204
1.888112232103805 101120.1193263126
1.887143140399475 101120.735150056
1.88633762939204 101121.3719267734
1.885725441026389 101122.0326089878
1.885336317247412 101122.7201492224
1.8852 101123.4375
1.8852 101124.1926872458
1.8852 101124.9881710127
1.8852 101125.8185550153
1.8852 101126.6784429684
1.8852 101127.5624385867
1.8852 101128.4651455847
1.8852 101129.3811676774
1.8852 101130.3051085792
1.8852 101131.231572005
1.8852 101132.1551616693
1.8852 101133.0704812869
1.8852 101133.9721345725
1.8852 101134.8547252407
1.8852 101135.7128570063
1.8852 101136.5411335839
1.8852 101137.3341586883
1.8852 101138.086536034
1.8852 101138.7928693358
1.8852 101139.4477623084
1.8852 101140.0458186665
1.8852 101140.5816421247
1.8852 101141.0498363978
1.8852 101141.4450052004
1.8852 101141.7617522473
1.8852 101141.994681253
1.8852 101142.1383959324
1.8852 101142.1875
1.885336317247412 101141.9503054486
1.885725441026389 101141.2394926365
1.88633762939204 101140.0562178269
1.887143140399475 101138.401637283
1.888112232103805 101136.2769072681
1.88921516256014 101133.6831840453
1.890422189823589 101130.621623878
1.891703571949264 101127.0933830292
1.893029566992273 101123.0996177622
1.894370433007727 101118.6414843403
1.895696428050736 101113.7201390266
1.89697781017641 101108.3367380844
1.89818483743986 101102.4924377769
1.899287767896195 101096.1883943672
1.900256859600525 101089.4257641187
1.90106237060796 101082.2057032945
1.901674558973611 101074.5293681578
1.902063682752588 101066.3979149719
1.9022 101057.8125
1.9022 101039.0625
1.9022 101048.4375
1.9022 101010.9375
1.9022 100767.1875
1.9022 100832.8125
1.9019 101085.9375
1.901473764201487 101085.8344550881
1.901008443436166 101085.5263638451
1.900502608569841 101085.0147915101
1.899954830468316 101084.3013033225
1.899363679997394 101083.3874645212
1.89872772802288 101082.2748403456
1.898045545410577 101080.9649960347
1.897315703026289 101079.4594968278
1.896536771735819 101077.7599079639
1.895707322404973 101075.8677946824
1.894825925899552 101073.7847222222
1.893891153085361 101071.5122558227
1.892901574828205 101069.051960723
1.891855761993886 101066.4054021621
1.890752285448208 101063.5741453794
1.889589716056975 101060.559755614
1.888366624685991 101057.363798105
1.887081582201061 101053.9878380917
1.885733159467986 101050.4334408131
1.884319927352572 101046.7021715085
1.882840456720623 101042.795595417
1.881293318437941 101038.7152777778
1.87967708337033 101034.46278383
1.877990322383595 101030.0396788129
1.876231606343539 101025.4475279656
1.874399506115967 101020.6878965272
1.872492592566681 101015.7623497371
1.870509436561485 101010.6724528341
1.868448608966184 101005.4197710577
1.866308680646582 101000.0058696469
1.864088222468481 100994.4323138409
1.861785805297686 100988.7006688789
1.8594 100982.8125
1.856310890119993 100975.1207824775
1.852026077680947 100964.3037361462
1.846735411266738 100950.8507930871
1.840628739461238 100935.2513853816
1.833895910848323 100917.9949451108
1.826726774011868 100899.5709043561
1.819311177535746 100880.4686951985
1.811838970003832 100861.1777497194
1.8045 100842.1875
1.796983102179752 100822.7369374089
1.788917853248729 100801.8650066053
1.780405214866018 100779.7610696064
1.771546148690704 100756.6144884293
1.762441616381872 100732.6146250911
1.753192579598609 100707.950841609
1.7439 100682.8125
1.734381113316402 100656.6326612903
1.72449617649311 100629.022983871
1.714410683011617 100600.4407258064
1.704290126353417 100571.3431451613
1.6943 100542.1875
1.684454536143907 100512.8068548387
1.674643304480354 100482.8842741936
1.664844804744847 100452.652016129
1.655037536672894 100422.3423387097
1.6452 100392.1875
1.635255526638766 100361.2986111111
1.62521838519013 100329.5208333333
1.615203480422112 100298.1875
1.605325717102729 100268.6319444444
1.5957 100242.1875
1.585985082163669 100217.7756826742
1.576096917377082 100194.1603813559
1.566536211508661 100172.4384887006
1.557803670426827 100153.7068973635
1.5504 100139.0625
1.54442447289398 100126.6287076271
1.5395 100120.3125
1.535374266078023 100132.03125
1.531751600927163 100157.8125
1.528353135312721 100183.59375
1.5249 100195.3125
1.521196349991472 100190.91796875
1.517430359884018 100181.25
1.513899189834556 100171.58203125
1.5109 100167.1875
1.508439481056489 100181.4803571429
1.506263418779224 100218.6910714286
1.504277615973714 100270.3178571429
1.502387875445469 100327.8589285714
1.5005 100382.8125
1.498551553226227 100441.0507653061
1.496600670041376 100508.9112244898
1.494734010243411 100578.5900510204
1.493038233630298 100642.2834183673
1.4916 100692.1875
1.49041576012183 100726.5099142915
1.489383971012971 100752.6649469561
1.488444301843197 100776.658772475
1.487536421782282 100804.4975653292
1.4866 100842.1875
1.485657573693783 100900.0066891411
1.4847 100982.8125
1.483690195420343 101100.9260910676
1.482636678192802 101260.1458106853
1.4815 101451.5625
1.4802 101714.0625
1.4791 101976.5625
1.4782 102229.6875
1.4774 102473.4375
1.4767 102707.8125
1.4762 102932.8125
1.4757 103139.0625
1.4754 103317.1875
1.4751 103485.9375
1.4748 103617.1875
1.4746 103729.6875
1.4745 103823.4375
1.4744 103889.0625
1.4743 103935.9375
1.4743 103973.4375
1.4742 103992.1875
1.4742 104001.5625
1.4742 103992.1875
1.4743 103973.4375
1.4743 103935.9375
1.4744 103889.0625
1.4745 103823.4375
1.4746 103739.0625
1.4748 103626.5625
1.475 103495.3125
1.4754 103335.9375
1.4757 103157.8125
1.4762 102951.5625
1.4767 102735.9375
1.4774 102492.1875
1.4782 102248.4375
1.4791 101995.3125
2.0347 101826.5625
2.0347 101826.5625
2.0347 101826.5625
2.0347 101801.6906184578
2.0347 101770.3125
2.034635632747493 101758.0423972318
2.03444496925611 101747.1741013961
2.034131666925053 101737.583209703
2.033699383153529 101729.1453193624
2.033151775340742 101721.7360275843
2.032492500885897 101715.2309315788
2.031725217188197 101709.5056285559
2.030853581646848 101704.4357157255
2.029881251661056 101699.8967902978
2.028811884630023 101695.7644494826
2.027649137952956 101691.9142904901
2.026396669029058 101688.2219105302
2.025058135257534 101684.5629068129
2.023637194037589 101680.8128765483
2.022137502768426 101676.8474169464
2.020562718849253 101672.5421252171
2.018916499679273 101667.7725985704
2.017202502657689 101662.4144342165
2.015424385183709 101656.3432293653
2.013585804656535 101649.4345812268
2.011690418475372 101641.564087011
2.009741884039426 101632.6073439279
2.0077438587479 101622.4399491876
2.0057 101610.9375
2.003103877714197 101593.6654521678
1.999598236677489 101567.8598770156
1.995410496591872 101535.9022950365
1.990768077159341 101500.1742267239
1.985898398081893 101463.0571925707
1.981028879061524 101426.9327130702
1.976386939800227 101394.1823087156
1.9722 101367.1875
1.968160196731171 101344.2056752656
1.963901278945489 101321.9899345677
1.959563084167073 101300.6653659694
1.955285449920046 101280.3570575337
1.95120821372853 101261.1900973236
1.947471213116645 101243.2895734021
1.944214285608514 101226.7805738324
1.941577268728259 101211.7881866773
1.9397 101198.4375
1.938276718263103 101185.9430265655
1.936907728237056 101173.4553842505
1.935591966266167 101161.0038187856
1.934328368694742 101148.6175759013
1.933115871867089 101136.3259013283
1.931953412127515 101124.158040797
1.930839925820327 101112.143240038
1.929774349289832 101100.3107447818
1.928755618880337 101088.689800759
1.92778267093615 101077.3096537002
1.926854441801578 101066.1995493359
1.925969867820927 101055.3887333966
1.925127885338506 101044.9064516129
1.92432743069862 101034.7819497154
1.923567440245578 101025.0444734345
1.922846850323686 101015.723268501
1.922164597277252 101006.8475806452
1.921519617450582 100998.4466555977
1.920910847187985 100990.5497390892
1.920337222833766 100983.1860768501
1.919797680732234 100976.384914611
1.919291157227694 100970.1754981025
1.918816588664456 100964.587073055
1.918372911386825 100959.6488851992
1.917959061739109 100955.3901802657
1.917573976065614 100951.8402039848
1.91721659071065 100949.0282020873
1.91688584201852 100946.9834203036
1.916580666333535 100945.7351043643
1.9163 100945.3125
1.9161 100954.6875
1.915864195949796 100971.8166614593
1.915617820906621 100997.2044553056
1.915360538639739 101029.4517742367
1.915092012918413 101067.1595109504
1.914811907511907 101108.9285581444
1.914519886189487 101153.3598085163
1.914215612720413 101199.054154764
1.913898750873951 101244.6124895852
1.913568964419365 101288.6357056776
1.913225917125917 101329.7246957389
1.912869272762873 101366.4803524668
1.912498695099495 101397.5035685592
1.912113847905048 101421.3952367137
1.911714394948795 101436.756249628
1.9113 101442.1875
1.910821607866402 101429.9704218107
1.910249939023384 101397.2286522634
1.909614320741679 101349.8263888889
1.908944080292019 101293.6278292181
1.908268544945134 101234.4971707819
1.907617041971759 101178.2986111111
1.907018898642623 101130.8963477366
1.906503442228459 101098.1545781893
1.9061 101085.9375
1.90577300818716 101086.2824319259
1.905466362996439 101087.2634341686
1.905178581663439 101088.7998164254
1.904908181423763 101090.8108883935
1.904653679513015 101093.2159597704
1.904413593166798 101095.9343402534
1.904186439620715 101098.8853395397
1.903970736110369 101101.9882673267
1.903764999871365 101105.1624333118
1.903567748139305 101108.3271471921
1.903377498149792 101111.4017186652
1.903192767138431 101114.3054574283
1.903012072340823 101116.9576731787
1.902833930992573 101119.2776756137
1.902656860329283 101121.1847744307
1.902479377586558 101122.5982793271
1.9023 101123.4375
1.902117113763451 101123.9556219912
1.901930454753602 101124.4595899856
1.90174056473033 101124.9493523955
1.90154798545351 101125.4248576332
1.90135325868302 101125.886054111
1.901156926178737 101126.332890241
1.900959529700537 101126.7653144358
1.900761611008296 101127.1832751074
1.900563711861892 101127.5867206682
1.900366374021201 101127.9755995305
1.900170139246101 101128.3498601066
1.899975549296466 101128.7094508087
1.899783145932175 101129.0543200492
1.899593470913103 101129.3844162402
1.899407065999129 101129.6996877942
1.899224472950128 101130.0000831233
1.899046233525976 101130.28555064
1.898872889486551 101130.5560387564
1.898704982591729 101130.8114958848
1.898543054601388 101131.0518704375
1.898387647275402 101131.2771108268
1.898239302373651 101131.487165465
1.898098561656009 101131.6819827645
1.897965966882354 101131.8615111373
1.897842059812562 101132.0256989959
1.897727382206511 101132.1744947525
1.897622475824076 101132.3078468194
1.897527882425134 101132.4257036089
1.897444143769563 101132.5280135333
1.897371801617238 101132.6147250049
1.897311397728037 101132.6857864359
1.897263473861836 101132.7411462386
1.897228571778511 101132.7807528254
1.897207233237941 101132.8045546084
1.8972 101132.8125
1.897209217885099 101132.7454068646
1.897236192296123 101132.549881804
1.897279904366657 101132.2345563367
1.897339335230292 101131.8080619812
1.897413466020613 101131.2790302558
1.89750127787121 101130.656092679
1.897601751915669 101129.9478807694
1.897713869287579 101129.1630260453
1.897836611120528 101128.3101600253
1.897968958548102 101127.3979142277
1.898109892703891 101126.434920171
1.898258394721481 101125.4298093737
1.898413445734461 101124.3912133542
1.898574026876418 101123.327763631
1.898739119280941 101122.2480917225
1.898907704081616 101121.1608291473
1.899078762412032 101120.0746074237
1.899251275405777 101118.9980580701
1.899424224196437 101117.9398126052
1.899596589917603 101116.9085025472
1.899767353702859 101115.9127594148
1.899935496685796 101114.9612147262
1.9001 101114.0625
1.900262143651123 101113.1584062409
1.900424256217856 101112.1894393409
1.900586891693345 101111.1623031496
1.900750604070738 101110.0837015165
1.900915947343182 101108.960338291
1.901083475503822 101107.7989173228
1.901253742545806 101106.6061424613
1.901427302462281 101105.3887175561
1.901604709246394 101104.1533464567
1.90178651689129 101102.9067330125
1.901973279390118 101101.6555810732
1.902165550736024 101100.4065944882
1.902363884922154 101099.166477107
1.902568835941656 101097.9419327792
1.902780957787676 101096.7396653543
1.903000804453361 101095.5663786818
1.903228929931859 101094.4287766113
1.903465888216314 101093.3335629921
1.903712233299876 101092.287441674
1.903968519175689 101091.2971165063
1.904235299836902 101090.3692913386
1.904513129276661 101089.5106700204
1.904802561488112 101088.7279564013
1.905104150464403 101088.0278543307
1.90541845019868 101087.4170676582
1.905746014684091 101086.9023002333
1.906087397913781 101086.4902559055
1.906443153880898 101086.1876385244
1.906813836578589 101086.0011519393
1.9072 101085.9375
1.907711782764759 101116.4930555555
1.908403364694802 101192.8819444444
1.909191361586739 101292.1875
1.909992389237178 101391.4930555556
1.910723063442729 101467.8819444444
1.9113 101498.4375
1.911759714077242 101493.0955931026
1.912195065555691 101477.9444429542
1.912607187301437 101454.2959053704
1.91299721218057 101423.4618361666
1.91336627305918 101386.7540911583
1.913715502803356 101345.4845261613
1.914046034279189 101300.9649969909
1.914359000352768 101254.5073594628
1.914655533890183 101207.4234693925
1.914936767757524 101161.0251825955
1.915203834820881 101116.6243548874
1.915457867946343 101075.5328420837
1.9157 101039.0625
1.915886546549907 100997.819382137
1.9161 100973.4375
1.916464068489228 100974.0782687231
1.91697173603144 100975.967141565
1.917617314558897 100979.0539685345
1.918395116003857 100983.2885996405
1.91929945229858 100988.6208848917
1.920324635375326 100995.0006742969
1.921464977166355 101002.377817865
1.922714789603927 101010.7021656049
1.9240683846203 101019.9235675252
1.925520074147736 101029.9918736349
1.927064170118493 101040.8569339428
1.928694984464831 101052.4685984576
1.93040682911901 101064.7767171882
1.932194016013291 101077.7311401435
1.934050857079931 101091.2817173322
1.935971664251191 101105.3782987631
1.937950749459332 101119.9707344452
1.939982424636612 101135.0088743871
1.942061001715292 101150.4425685977
1.94418079262763 101166.2216670859
1.946336109305887 101182.2960198604
1.948521263682322 101198.6154769301
1.950730567689196 101215.1298883038
1.952958333258767 101231.7891039902
1.955198872323296 101248.5429739984
1.957446496815043 101265.3413483369
1.959695518666266 101282.1340770148
1.961940249809226 101298.8710100407
1.964175002176182 101315.5019974235
1.966394087699395 101331.9768891721
1.968591818311123 101348.2455352952
1.970762505943627 101364.2577858017
1.972900462529166 101379.9634907003
1.975 101395.3125
1.977193702523292 101411.599462134
1.979599758004526 101429.9677807214
1.982190883983444 101450.1404385493
1.984939797999789 101471.840418405
1.987819217593302 101494.7907030757
1.990801860303726 101518.7142753487
1.993860443670803 101543.3341180111
1.996967685234276 101568.3732138503
2.000096302533886 101593.5545456533
2.003219013109375 101618.6010962076
2.006308534500485 101643.2358483002
2.00933758424696 101667.1817847184
2.012278879888541 101690.1618882495
2.01510513896497 101711.8991416807
2.017789079015989 101732.1165277991
2.020303417581342 101750.5370293921
2.022620872200769 101766.8836292469
2.024714160414012 101780.8793101506
2.026555999760815 101792.2470548906
2.028119107780919 101800.709846254
2.029376202014067 101805.990667028
2.0303 101807.8125
2.031041947994966 101807.3375217776
2.031760336262354 101805.9185947403
2.032438148352616 101803.5647303325
2.033058367816209 101800.2849399988
2.033603978203584 101796.0882351837
2.034057963065197 101790.9836273317
2.034403305951502 101784.9801278874
2.034622990412951 101778.0867482953
2.0347 101770.3125
2.0347 101751.5625
2.0347 101826.5625
*END
