*KEYWORD
*DEFINE_CURVE_TITLE
SYNTHETIC screenshot reconstruction absolute pressure
$ LCID SIDR SFA SFO OFFA OFFO DATTYP
26 0 1.0 1.0 0.0 0.0 0
$ Not a CFD solver result; screenshot anchors plus interpolated rows.
$ X in metres; ordinate in metres or absolute pressure in Pa.
$ ABSCISSA ORDINATE
1.4791 99684.34289027654
1.479851735675113 99325.33272191002
1.480724157317516 98972.59392845814
1.481711671244822 98626.55604601002
1.482808683774642 98287.64861065481
1.48400960122459 97956.3011584816
1.485308829912277 97632.94322557953
1.486700776155315 97318.00434803772
1.488179846271316 97011.91406194532
1.489740446577894 96715.10190339143
1.491376983392658 96427.99740846516
1.493083863033223 96151.03011325571
1.4948554918172 95884.62955385211
1.496686276062202 95629.22526634354
1.498570622085839 95385.2467868191
1.500502936205726 95153.12365136795
1.502477624739473 94933.28539607918
1.504489094004693 94726.16155704194
1.506531750318998 94532.18167034534
1.5086 94351.77527207851
1.51071234126088 94181.1838984442
1.512911411375217 94015.8345681802
1.515227825251226 93854.93504117819
1.517692197797119 93697.69307732978
1.52033514392111 93543.31643652664
1.523187278531413 93391.01287866042
1.52627921653624 93239.99016362277
1.529641572843804 93089.45605130537
1.53330496236232 92938.61830159985
1.5373 92786.68467439785
1.542224457603239 92625.72378497945
1.548474587033738 92452.67785827657
1.555778723222672 92274.06506865883
1.563865201101215 92096.40359049581
1.57246235560054 91926.21159815702
1.581298521651822 91770.00726601205
1.590102034186235 91634.30876843048
1.598601228134953 91525.63427978188
1.60652443842915 91450.5019744358
1.6136 91415.43002676182
1.619711731351954 91403.08430025834
1.625241775432379 91393.61770902971
1.630665953836827 91389.77900335433
1.63646008816085 91394.31693351061
1.6431 91409.98024977699
1.651076798471014 91455.49607692128
1.660411382713937 91543.98065640085
1.670874259359286 91669.7664135286
1.682235935037575 91827.18577361734
1.694266916379319 92010.57116197994
1.706737710015032 92214.2550039292
1.719418822575228 92432.56972477798
1.732080760690424 92659.8477498391
1.744494030991133 92890.42150442544
1.756429140107871 93118.62341384981
1.767656594671152 93338.78590342504
1.77794690131149 93545.24139846399
1.787070566659402 93732.32232427951
1.7947980973454 93894.3611061844
1.8009 94025.69016949153
1.8060604877428 94139.53622118759
1.811114687291474 94252.78489498353
1.816059475673645 94365.25700627852
1.820891729916942 94476.77337047184
1.825608327048989 94587.15480296263
1.830206144097412 94696.22211915014
1.834682058089838 94803.79613443355
1.839032946053892 94909.69766421206
1.843255685017201 95013.74752388489
1.847347152007389 95115.76652885124
1.851304224052085 95215.57549451031
1.855123778178912 95312.9952362613
1.858802691415497 95407.84656950345
1.862337840789467 95499.95030963593
1.865726103328447 95589.12727205797
1.868964356060062 95675.19827216875
1.87204947601194 95757.9841253675
1.874978340211706 95837.30564705341
1.877747825686985 95912.98365262571
1.880354809465405 95984.83895748357
1.88279616857459 96052.69237702619
1.885068780042167 96116.36472665283
1.887169520895762 96175.67682176267
1.889095268163 96230.44947775488
1.890842898871508 96280.50351002872
1.892409290048911 96325.65973398335
1.893791318722836 96365.73896501801
1.894985861920909 96400.56201853188
1.895989796670755 96429.94970992419
1.8968 96453.72285459412
1.897504777027824 96472.68509305296
1.898189300872436 96488.24686017225
1.898845750560009 96501.13916289157
1.899466305116718 96512.09300815049
1.900043143568734 96521.83940288861
1.90056844494223 96531.10935404546
1.901034388263381 96540.6338685606
1.901433152558359 96551.14395337361
1.901756916853336 96563.37061542409
1.901997860174487 96578.04486165162
1.902148161547984 96595.89769899574
1.9022 96617.66013439604
1.9022 96667.12274863002
1.9022 96750.46315818893
1.9022 96841.9929235829
1.9022 96916.02360532216
1.9022 96946.86676391681
1.902063682752588 96945.96718100978
1.901674558973611 96942.12634543618
1.90106237060796 96935.69087849447
1.900256859600525 96927.00740148325
1.899287767896195 96916.42253570099
1.89818483743986 96904.28290244624
1.896977810176411 96890.93512301751
1.895696428050736 96876.72581871331
1.894370433007727 96862.00161083217
1.893029566992273 96847.1091206726
1.891703571949264 96832.39496953314
1.890422189823589 96818.20577871229
1.88921516256014 96804.8881695086
1.888112232103805 96792.78876322054
1.887143140399475 96782.25418114668
1.88633762939204 96773.63104458552
1.885725441026389 96767.26597483557
1.885336317247412 96763.50559319535
1.8852 96762.69652096342
1.8852 96798.39886597946
1.8852 96900.40396348394
1.8852 97063.40527587663
1.8852 97282.09626555721
1.8852 97551.17039492544
1.8852 97865.32112638102
1.8852 98219.24192232369
1.8852 98607.62624515317
1.8852 99025.16755726916
1.8852 99466.55932107141
1.8852 99926.49499895962
1.8852 100399.6680533335
1.8852 100880.7719465929
1.8852 101364.5001411373
1.8852 101845.5460993666
1.8852 102318.6032836806
1.8852 102778.3651564788
1.8852 103219.525180161
1.8852 103636.776817127
1.8852 104024.8135297764
1.8852 104378.3287805091
1.8852 104692.0160317247
1.8852 104960.5687458229
1.8852 105178.6803852035
1.8852 105341.0444122661
1.8852 105442.3542894106
1.8852 105477.3034790366
1.885336317247412 105475.4762251203
1.885725441026389 105470.224266897
1.88633762939204 105461.8923096547
1.887143140399475 105450.8250586815
1.888112232103805 105437.3672192656
1.88921516256014 105421.8634966949
1.890422189823589 105404.6585962576
1.891703571949264 105386.0972232419
1.893029566992273 105366.5240829357
1.894370433007727 105346.2838806272
1.895696428050736 105325.7213216046
1.89697781017641 105305.1811111558
1.89818483743986 105285.007954569
1.899287767896195 105265.5465571323
1.900256859600525 105247.1416241338
1.90106237060796 105230.1378608616
1.901674558973611 105214.8799726038
1.902063682752588 105201.7126646485
1.9022 105190.9806422837
1.9022 105236.0600356824
1.9022 105311.1394290812
1.9022 105336.2188224799
1.9022 105141.2982158787
1.9022 105276.3776092774
1.9019 105554.8379304193
1.901473764201487 105566.6846062422
1.901008443436166 105579.4152267406
1.900502608569841 105593.0607376714
1.899954830468316 105607.6520847912
1.899363679997394 105623.220213857
1.89872772802288 105639.7960706256
1.898045545410577 105657.4106008539
1.897315703026289 105676.0947502985
1.896536771735819 105695.8794647164
1.895707322404973 105716.7956898643
1.894825925899552 105738.8743714992
1.893891153085361 105762.1464553779
1.892901574828205 105786.6428872571
1.891855761993886 105812.3946128937
1.890752285448208 105839.4325780445
1.889589716056975 105867.7877284663
1.888366624685991 105897.4910099161
1.887081582201061 105928.5733681505
1.885733159467986 105961.0657489265
1.884319927352572 105994.9990980008
1.882840456720623 106030.4043611302
1.881293318437941 106067.3124840718
1.87967708337033 106105.7544125821
1.877990322383595 106145.761092418
1.876231606343539 106187.3634693365
1.874399506115967 106230.5924890943
1.872492592566681 106275.4790974482
1.870509436561485 106322.0542401551
1.868448608966184 106370.3488629717
1.866308680646582 106420.393911655
1.864088222468481 106472.2203319617
1.861785805297686 106525.8590696487
1.8594 106581.3410704728
1.856310890119993 106651.7607105014
1.852026077680947 106747.0468478408
1.846735411266738 106862.4821513058
1.840628739461238 106993.3492897111
1.833895910848323 107134.9309318716
1.826726774011868 107282.5097466021
1.819311177535746 107431.3684027175
1.811838970003832 107576.7895690326
1.8045 107714.0559143622
1.796983102179752 107849.9002176724
1.788917853248729 107991.8576846075
1.780405214866018 108136.4146239997
1.771546148690704 108280.0573446811
1.762441616381872 108419.2721554841
1.753192579598609 108550.5453652407
1.7439 108670.3632827832
1.734381113316402 108785.630959679
1.72449617649311 108899.7233692998
1.714410683011617 109003.8317031847
1.704290126353417 109089.1471528724
1.6943 109146.8609099019
1.684454536143907 109187.8042362463
1.674643304480354 109224.2105640821
1.664844804744847 109249.3743402534
1.655037536672894 109256.5900116039
1.6452 109239.1520249777
1.635255526638766 109192.4409462281
1.62521838519013 109120.7535990769
1.615203480422112 109030.7588171702
1.605325717102729 108929.1254341543
1.5957 108822.5222836753
1.585985082163669 108675.9394144639
1.576096917377082 108468.6748359099
1.566536211508661 108228.8593226485
1.557803670426827 107984.6236493149
1.5504 107764.0985905442
1.54442447289398 107563.9659963708
1.5395 107376.6169491526
1.535374266078023 107222.9999396413
1.531751600927163 107093.1492396001
1.528353135312721 106962.388143666
1.5249 106806.0399464764
1.521196349991472 106612.4010400745
1.517430359884018 106399.5297627148
1.513899189834556 106187.392328351
1.5109 105995.9549509367
1.508439481056489 105844.544667611
1.506263418779224 105728.9175527497
1.504277615973714 105633.6833761614
1.502387875445469 105543.4519076548
1.5005 105442.8329170384
1.498551553226227 105330.8461779391
1.496600670041376 105218.2694754461
1.494734010243411 105107.3495965616
1.493038233630298 105000.3333282879
1.4916 104899.4674576271
1.49041576012183 104805.9290578497
1.489383971012971 104718.2997998528
1.488444301843197 104634.9333670793
1.487536421782282 104554.1834429716
1.4866 104474.4037109723
1.485657573693783 104405.9637399854
1.4847 104351.2871900089
1.483690195420343 104318.801081891
1.482636678192802 104313.6182648481
1.4815 104317.2023015165
1.4802 104341.4402854594
1.4791 104375.4401784121
1.4782 104410.8072720785
1.4774 104447.8235771632
1.4767 104486.9663425513
1.4762 104528.2355682426
1.4757 104561.8047992864
1.4754 104577.608956289
1.4751 104595.539573595
1.4748 104585.2929473684
1.4746 104566.7172256913
1.4745 104538.8796039251
1.4744 104491.7583889385
1.4743 104434.616014273
1.4743 104366.5581894737
1.4742 104278.2400471008
1.4742 104179.9999999067
1.4742 104061.7534449599
1.4743 103933.4418105263
1.4743 103785.383985727
1.4744 103628.2199179304
1.4745 103441.1203960749
1.4746 103223.2176949152
1.4748 102964.6419732382
1.475 102674.4170401427
1.4754 102342.391043711
1.4757 101978.2819732382
1.4762 101571.8945905442
1.4767 101143.1421231044
1.4774 100672.1981159679
1.4782 100189.0191828724
1.4791 99684.34289027654
2.0347 101823.9677091882
2.0347 101823.9677091882
2.0347 101896.0322908118
2.0347 101945.5039784207
2.0347 101980.1614540589
2.034635632747493 102020.9098182159
2.03444496925611 102058.5108261954
2.034131666925053 102093.3068243068
2.033699383153529 102125.6401588594
2.033151775340742 102155.8531761625
2.032492500885897 102184.2882225254
2.031725217188197 102211.2876442575
2.030853581646848 102237.193787668
2.029881251661056 102262.3489990664
2.028811884630023 102287.0956247618
2.027649137952956 102311.7760110637
2.026396669029058 102336.7325042812
2.025058135257534 102362.3074507239
2.023637194037589 102388.8431967009
2.022137502768426 102416.6820885216
2.020562718849253 102446.1664724953
2.018916499679273 102477.6386949313
2.017202502657689 102511.441102139
2.015424385183709 102547.9160404277
2.013585804656535 102587.4058561066
2.011690418475372 102630.2528954852
2.009741884039426 102676.7995048727
2.0077438587479 102727.3880305784
2.0057 102782.3608189117
2.003103877714197 102854.3642722697
1.999598236677489 102951.5708390554
1.995410496591872 103067.611934587
1.990768077159341 103196.1189741829
1.985898398081893 103330.723373161
1.981028879061524 103465.0565468398
1.976386939800227 103592.7499105373
1.9722 103707.4348795718
1.968160196731171 103818.121139908
1.963901278945489 103935.2372395765
1.959563084167073 104054.5428869942
1.955285449920046 104171.7977905781
1.95120821372853 104282.7616587451
1.947471213116645 104383.1941999123
1.944214285608514 104468.8551224966
1.941577268728259 104535.504134915
1.9397 104578.9009455843
1.938276718263103 104608.3819911555
1.936907728237056 104636.1561657467
1.935591966266167 104662.2918639754
1.934328368694742 104686.8574804594
1.933115871867089 104709.9214098165
1.931953412127515 104731.5520466644
1.930839925820327 104751.8177856207
1.929774349289832 104770.7870213032
1.928755618880337 104788.5281483296
1.92778267093615 104805.1095613176
1.926854441801578 104820.599654885
1.925969867820927 104835.0668236494
1.925127885338506 104848.5794622285
1.92432743069862 104861.2059652402
1.923567440245578 104873.014727302
1.922846850323686 104884.0741430318
1.922164597277252 104894.4526070472
1.921519617450582 104904.2185139659
1.920910847187985 104913.4402584057
1.920337222833766 104922.1862349842
1.919797680732234 104930.5248383193
1.919291157227694 104938.5244630285
1.918816588664456 104946.2535037297
1.918372911386825 104953.7803550405
1.917959061739109 104961.1734115787
1.917573976065614 104968.5010679619
1.91721659071065 104975.8317188079
1.91688584201852 104983.2337587344
1.916580666333535 104990.7755823591
1.9163 104998.5255842997
1.9161 105014.3827297056
1.915864195949796 105031.946195805
1.915617820906621 105056.9330549275
1.915360538639739 105087.8951220377
1.915092012918413 105123.3842121002
1.914811907511907 105161.9521400796
1.914519886189487 105202.1507209403
1.914215612720413 105242.531769647
1.913898750873951 105281.6471011642
1.913568964419365 105318.0485304565
1.913225917125917 105350.2878724884
1.912869272762873 105376.9169422245
1.912498695099495 105396.4875546294
1.912113847905048 105407.5515246676
1.911714394948795 105408.6606673037
1.9113 105398.3667975022
1.910821607866402 105360.3903558519
1.910249939023384 105285.7687734184
1.909614320741679 105184.0293508821
1.908944080292019 105064.6993889232
1.908268544945134 104937.3061882218
1.907617041971759 104811.3770494583
1.907018898642623 104696.4392733128
1.906503442228459 104602.0201604655
1.9061 104537.6470115968
1.90577300818716 104493.2222319394
1.905466362996439 104451.990813698
1.905178581663439 104413.4939380107
1.904908181423763 104377.2727860154
1.904653679513015 104342.8685388502
1.904413593166798 104309.8223776532
1.904186439620715 104277.6754835622
1.903970736110369 104245.9690377154
1.903764999871365 104214.2442212508
1.903567748139305 104182.0422153063
1.903377498149792 104148.90420102
1.903192767138431 104114.37135953
1.903012072340823 104077.9848719742
1.902833930992573 104039.2859194906
1.902656860329283 103997.8156832174
1.902479377586558 103953.1153442924
1.9023 103904.7260838537
1.902117113763451 103852.8961320468
1.901930454753602 103798.2513252794
1.90174056473033 103740.8992540832
1.90154798545351 103680.9475089896
1.90135325868302 103618.5036805302
1.901156926178737 103553.6753592366
1.900959529700537 103486.5701356404
1.900761611008296 103417.295600273
1.900563711861892 103345.9593436662
1.900366374021201 103272.6689563513
1.900170139246101 103197.53202886
1.899975549296466 103120.6561517239
1.899783145932175 103042.1489154745
1.899593470913103 102962.1179106433
1.899407065999129 102880.670727762
1.899224472950128 102797.914957362
1.899046233525976 102713.958189975
1.898872889486551 102628.9080161325
1.898704982591729 102542.872026366
1.898543054601388 102455.9578112072
1.898387647275402 102368.2729611875
1.898239302373651 102279.9250668386
1.898098561656009 102191.0217186919
1.897965966882354 102101.6705072791
1.897842059812562 102011.9790231317
1.897727382206511 101922.0548567813
1.897622475824076 101832.0055987595
1.897527882425134 101741.9388395977
1.897444143769563 101651.9621698276
1.897371801617238 101562.1831799806
1.897311397728037 101472.7094605885
1.897263473861836 101383.6486021827
1.897228571778511 101295.1081952948
1.897207233237941 101207.1958304563
1.8972 101120.0190981988
1.897209217885099 101031.3461381436
1.897236192296123 100939.1558851766
1.897279904366657 100843.8721227265
1.897339335230292 100745.9186342216
1.897413466020613 100645.7192030905
1.89750127787121 100543.6976127617
1.897601751915669 100440.2776466639
1.897713869287579 100335.8830882254
1.897836611120528 100230.9377208749
1.897968958548102 100125.8653280408
1.898109892703891 100021.0896931517
1.898258394721481 99917.03459963617
1.898413445734461 99814.12383092265
1.898574026876418 99712.78117043972
1.898739119280941 99613.4304016159
1.898907704081616 99516.49530787971
1.899078762412032 99422.39967265968
1.899251275405777 99331.56727938436
1.899424224196437 99244.42191148225
1.899596589917603 99161.38735238189
1.899767353702859 99082.88738551183
1.899935496685796 99009.34579430056
1.9001 98941.18636217662
1.900262143651123 98877.09005207784
1.900424256217856 98815.36079650451
1.900586891693345 98755.8568332288
1.900750604070738 98698.4364000229
1.900915947343182 98642.95773465905
1.901083475503822 98589.27907490943
1.901253742545806 98537.25865854624
1.901427302462281 98486.7547233417
1.901604709246394 98437.62550706801
1.90178651689129 98389.72924749735
1.901973279390118 98342.92418240197
1.902165550736024 98297.06854955401
1.902363884922154 98252.02058672572
1.902568835941656 98207.6385316893
1.902780957787676 98163.78062221693
1.903000804453361 98120.30509608085
1.903228929931859 98077.07019105321
1.903465888216314 98033.93414490625
1.903712233299876 97990.75519541216
1.903968519175689 97947.39158034314
1.904235299836902 97903.70153747142
1.904513129276661 97859.54330456919
1.904802561488112 97814.77511940863
1.905104150464403 97769.25521976198
1.90541845019868 97722.8418434014
1.905746014684091 97675.39322809911
1.906087397913781 97626.76761162734
1.906443153880898 97576.82323175827
1.906813836578589 97525.4183262641
1.9072 97472.41113291704
1.907711782764759 97444.33540865827
1.908403364694802 97456.36380377473
1.909191361586739 97491.31289605725
1.909992389237178 97531.9992632966
1.910723063442729 97561.2394832836
1.9113 97561.8501338091
1.911759714077242 97537.30038806886
1.912195065555691 97503.48405038775
1.912607187301437 97461.85464524994
1.91299721218057 97413.86569713977
1.91336627305918 97360.97073054145
1.913715502803356 97304.6232699393
1.914046034279189 97246.27683981754
1.914359000352768 97187.38496466045
1.914655533890183 97129.40116895232
1.914936767757524 97073.77897717737
1.915203834820881 97021.97191381989
1.915457867946343 96975.43350336414
1.9157 96935.61727029437
1.915886546549907 96891.75805036473
1.9161 96866.05113291704
1.916464068489228 96869.79930904176
1.91697173603144 96880.20137129865
1.917617314558897 96896.9955267577
1.918395116003857 96919.91998248889
1.91929945229858 96948.71294556215
1.920324635375326 96983.11262304739
1.921464977166355 97022.85722201457
1.922714789603927 97067.68494953368
1.9240683846203 97117.33401267462
1.925520074147736 97171.54261850739
1.927064170118493 97230.04897410188
1.928694984464831 97292.5912865281
1.93040682911901 97358.90776285598
1.932194016013291 97428.73661015542
1.934050857079931 97501.81603549645
1.935971664251191 97577.88424594898
1.937950749459332 97656.67944858296
1.939982424636612 97737.93985046833
1.942061001715292 97821.40365867504
1.94418079262763 97906.80908027309
1.946336109305887 97993.89432233236
1.948521263682322 98082.39759192281
1.950730567689196 98172.05709611445
1.952958333258767 98262.61104197716
1.955198872323296 98353.79763658093
1.957446496815043 98445.3550869957
1.959695518666266 98537.02160029141
1.961940249809226 98628.53538353802
1.964175002176182 98719.63464380546
1.966394087699395 98810.05758816371
1.968591818311123 98899.54242368271
1.970762505943627 98987.8273574324
1.972900462529166 99074.65059648272
1.975 99159.75034790365
1.977193702523292 99249.53235724726
1.979599758004526 99349.70343153449
1.982190883983444 99458.95337003857
1.984939797999789 99575.97197203273
1.987819217593302 99699.44903679022
1.990801860303726 99828.07436358425
1.993860443670803 99960.53775168807
1.996967685234276 100095.5290003749
2.000096302533886 100231.737908918
2.003219013109375 100367.8542765906
2.006308534500485 100502.5679026658
2.00933758424696 100634.5685864171
2.012278879888541 100762.5461271175
2.01510513896497 100885.1903240403
2.017789079015989 101001.1909764588
2.020303417581342 101109.2378836461
2.022620872200769 101208.0208448756
2.024714160414012 101296.2296594204
2.026555999760815 101372.5541265537
2.028119107780919 101435.6840455489
2.029376202014067 101484.3092156792
2.0303 101517.1194362177
2.031041947994966 101537.7432566453
2.031760336262354 101551.8786351443
2.032438148352616 101561.3194840396
2.033058367816209 101567.8597156564
2.033603978203584 101573.2932423198
2.034057963065197 101579.4139763549
2.034403305951502 101588.0158300867
2.034622990412951 101600.8927158405
2.0347 101619.8385459411
2.0347 101671.9031275647
2.0347 101823.9677091882
*END
