*KEYWORD
*DEFINE_CURVE_TITLE
SYNTHETIC screenshot reconstruction absolute pressure
$ LCID SIDR SFA SFO OFFA OFFO DATTYP
26 0 1.0 1.0 0.0 0.0 0
$ Not a CFD solver result; screenshot anchors plus interpolated rows.
$ X in metres; ordinate in metres or absolute pressure in Pa.
$ ABSCISSA ORDINATE
1.4791 100094.5071677074
1.479851735675113 99825.24954143251
1.480724157317516 99560.69544634361
1.481711671244822 99301.16703450753
1.482808683774642 99046.98645799111
1.48400960122459 98798.47586886119
1.485308829912277 98555.95741918465
1.486700776155315 98319.75326102829
1.488179846271316 98090.18554645899
1.489740446577894 97867.57642754358
1.491376983392658 97652.24805634888
1.493083863033223 97444.52258494178
1.4948554918172 97244.72216538909
1.496686276062202 97053.16894975766
1.498570622085839 96870.18509011432
1.500502936205726 96696.09273852596
1.502477624739473 96531.21404705939
1.504489094004693 96375.87116778146
1.506531750318998 96230.386252759
1.5086 96095.08145405888
1.51071234126088 95967.13792383314
1.512911411375217 95843.12592613515
1.515227825251226 95722.45128088364
1.517692197797119 95604.51980799733
1.52033514392111 95488.73732739498
1.523187278531413 95374.50965899532
1.52627921653624 95261.24262271708
1.529641572843804 95148.34203847904
1.53330496236232 95035.21372619989
1.5373 94921.26350579839
1.542224457603239 94800.54283873459
1.548474587033738 94670.75839370744
1.555778723222672 94536.79880149412
1.563865201101215 94403.55269287186
1.57246235560054 94275.90869861777
1.581298521651822 94158.75544950903
1.590102034186235 94056.98157632285
1.598601228134953 93975.47570983641
1.60652443842915 93919.12648082685
1.6136 93892.82252007136
1.619711731351954 93883.56322519375
1.625241775432379 93876.46328177229
1.630665953836827 93873.58425251575
1.63646008816085 93876.98770013296
1.6431 93888.73518733274
1.651076798471014 93922.87205769095
1.660411382713937 93989.23549230064
1.670874259359286 94083.57481014646
1.682235935037575 94201.63933021302
1.694266916379319 94339.17837148496
1.706737710015032 94491.9412529469
1.719418822575228 94655.67729358347
1.732080760690424 94826.13581237933
1.744494030991133 94999.06612831907
1.756429140107871 95170.21756038736
1.767656594671152 95335.33942756878
1.77794690131149 95490.18104884798
1.787070566659402 95630.49174320963
1.7947980973454 95752.02082963829
1.8009 95850.51762711865
1.8060604877428 95935.9021658907
1.811114687291474 96020.83867123765
1.816059475673645 96105.1927547089
1.820891729916942 96188.83002785388
1.825608327048989 96271.61610222197
1.830206144097412 96353.41658936261
1.834682058089838 96434.09710082517
1.839032946053892 96513.52324815904
1.843255685017201 96591.56064291367
1.847347152007389 96668.07489663843
1.851304224052085 96742.93162088272
1.855123778178912 96815.99642719598
1.858802691415497 96887.13492712758
1.862337840789467 96956.21273222695
1.865726103328447 97023.09545404348
1.868964356060062 97087.64870412656
1.87204947601194 97149.73809402563
1.874978340211706 97209.22923529005
1.877747825686985 97265.98773946929
1.880354809465405 97319.87921811268
1.88279616857459 97370.76928276964
1.885068780042167 97418.52354498963
1.887169520895762 97463.00761632199
1.889095268163 97504.08710831616
1.890842898871508 97541.62763252154
1.892409290048911 97575.49480048752
1.893791318722836 97605.55422376351
1.894985861920909 97631.67151389891
1.895989796670755 97653.71228244314
1.8968 97671.54214094559
1.897504777027824 97685.76381978972
1.898189300872436 97697.43514512919
1.898845750560009 97707.10437216869
1.899466305116718 97715.31975611288
1.900043143568734 97722.62955216646
1.90056844494223 97729.58201553409
1.901034388263381 97736.72540142045
1.901433152558359 97744.60796503021
1.901756916853336 97753.77796156808
1.901997860174487 97764.78364623872
1.902148161547984 97778.1732742468
1.9022 97794.49510079702
1.9022 97831.59206147252
1.9022 97894.0973686417
1.9022 97962.74469268718
1.9022 98018.26770399162
1.9022 98041.4000729376
1.902063682752588 98040.72538575734
1.901674558973611 98037.84475907712
1.90106237060796 98033.01815887085
1.900256859600525 98026.50555111244
1.899287767896195 98018.56690177573
1.89818483743986 98009.46217683468
1.896977810176411 97999.45134226313
1.895696428050736 97988.79436403498
1.894370433007727 97977.75120812413
1.893029566992273 97966.58184050446
1.891703571949264 97955.54622714985
1.890422189823589 97944.90433403422
1.88921516256014 97934.91612713145
1.888112232103805 97925.8415724154
1.887143140399475 97917.94063586001
1.88633762939204 97911.47328343915
1.885725441026389 97906.69948112668
1.885336317247412 97903.87919489652
1.8852 97903.27239072257
1.8852 97930.04914948459
1.8852 98006.55297261295
1.8852 98128.80395690748
1.8852 98292.82219916792
1.8852 98494.62779619408
1.8852 98730.24084478577
1.8852 98995.68144174277
1.8852 99286.96968386487
1.8852 99600.12566795187
1.8852 99931.16949080356
1.8852 100276.1212492197
1.8852 100631.0010400002
1.8852 100991.8289599446
1.8852 101354.625105853
1.8852 101715.409574525
1.8852 102070.2024627604
1.8852 102415.0238673591
1.8852 102745.8938851207
1.8852 103058.8326128452
1.8852 103349.8601473323
1.8852 103614.9965853818
1.8852 103850.2620237935
1.8852 104051.6765593672
1.8852 104215.2602889026
1.8852 104337.0333091996
1.8852 104413.0157170579
1.8852 104439.2276092774
1.885336317247412 104437.8571688402
1.885725441026389 104433.9182001728
1.88633762939204 104427.669232241
1.887143140399475 104419.3687940112
1.888112232103805 104409.2754144492
1.88921516256014 104397.6476225212
1.890422189823589 104384.7439471932
1.891703571949264 104370.8229174314
1.893029566992273 104356.1430622018
1.894370433007727 104340.9629104704
1.895696428050736 104325.5409912034
1.89697781017641 104310.1358333669
1.89818483743986 104295.0059659268
1.899287767896195 104280.4099178493
1.900256859600525 104266.6062181004
1.90106237060796 104253.8533956462
1.901674558973611 104242.4099794529
1.902063682752588 104232.5344984863
1.9022 104224.4854817128
1.9022 104258.2950267618
1.9022 104314.6045718109
1.9022 104333.4141168599
1.9022 104187.223661909
1.9022 104288.5332069581
1.9019 104497.3784478145
1.901473764201487 104506.2634546817
1.901008443436166 104515.8114200555
1.900502608569841 104526.0455532535
1.899954830468316 104536.9890635934
1.899363679997394 104548.6651603928
1.89872772802288 104561.0970529692
1.898045545410577 104574.3079506404
1.897315703026289 104588.3210627239
1.896536771735819 104603.1595985373
1.895707322404973 104618.8467673983
1.894825925899552 104635.4057786244
1.893891153085361 104652.8598415334
1.892901574828205 104671.2321654428
1.891855761993886 104690.5459596703
1.890752285448208 104710.8244335334
1.889589716056975 104732.0907963498
1.888366624685991 104754.368257437
1.887081582201061 104777.6800261129
1.885733159467986 104802.0493116948
1.884319927352572 104827.4993235006
1.882840456720623 104854.0532708477
1.881293318437941 104881.7343630538
1.87967708337033 104910.5658094365
1.877990322383595 104940.5708193135
1.876231606343539 104971.7726020024
1.874399506115967 105004.1943668207
1.872492592566681 105037.8593230861
1.870509436561485 105072.7906801163
1.868448608966184 105109.0116472288
1.866308680646582 105146.5454337412
1.864088222468481 105185.4152489713
1.861785805297686 105225.6443022365
1.8594 105267.2558028546
1.856310890119993 105320.0705328761
1.852026077680947 105391.5351358806
1.846735411266738 105478.1116134793
1.840628739461238 105576.2619672833
1.833895910848323 105682.4481989037
1.826726774011868 105793.1323099516
1.819311177535746 105904.7763020381
1.811838970003832 106013.8421767744
1.8045 106116.7919357716
1.796983102179752 106218.6751632543
1.788917853248729 106325.1432634556
1.780405214866018 106433.5609679998
1.771546148690704 106541.2930085109
1.762441616381872 106645.7041166131
1.753192579598609 106744.1590239306
1.7439 106834.0224620874
1.734381113316402 106920.4732197592
1.72449617649311 107006.0425269749
1.714410683011617 107084.1237773885
1.704290126353417 107148.1103646543
1.6943 107191.3956824264
1.684454536143907 107222.1031771847
1.674643304480354 107249.4079230616
1.664844804744847 107268.28075519
1.655037536672894 107273.6925087029
1.6452 107260.6140187333
1.635255526638766 107225.5807096711
1.62521838519013 107171.8151993077
1.615203480422112 107104.3191128777
1.605325717102729 107028.0940756157
1.5957 106948.1417127565
1.585985082163669 106838.2045608479
1.576096917377082 106682.7561269324
1.566536211508661 106502.8944919864
1.557803670426827 106319.7177369862
1.5504 106154.3239429081
1.54442447289398 106004.2244972781
1.5395 105863.7127118644
1.535374266078023 105748.499954731
1.531751600927163 105651.1119297
1.528353135312721 105553.0411077495
1.5249 105435.7799598573
1.521196349991472 105290.5507800559
1.517430359884018 105130.8973220361
1.513899189834556 104971.7942462632
1.5109 104828.2162132025
1.508439481056489 104714.6585007083
1.506263418779224 104627.9381645623
1.504277615973714 104556.5125321211
1.502387875445469 104488.8389307411
1.5005 104413.3746877788
1.498551553226227 104329.3846334543
1.496600670041376 104244.9521065846
1.494734010243411 104161.7621974212
1.493038233630298 104081.4999962159
1.4916 104005.8505932203
1.49041576012183 103935.6967933873
1.489383971012971 103869.9748498896
1.488444301843197 103807.4500253094
1.487536421782282 103746.8875822287
1.4866 103687.0527832293
1.485657573693783 103635.7228049891
1.4847 103594.7153925067
1.483690195420343 103570.3508114183
1.482636678192802 103566.4636986361
1.4815 103569.1517261374
1.4802 103587.3302140946
1.4791 103612.8301338091
1.4782 103639.3554540589
1.4774 103667.1176828724
1.4767 103696.4747569135
1.4762 103727.426676182
1.4757 103752.6035994648
1.4754 103764.4567172168
1.4751 103777.9046801963
1.4748 103770.2197105263
1.4746 103756.2879192685
1.4745 103735.4097029438
1.4744 103700.0687917038
1.4743 103657.2120107047
1.4743 103606.1686421053
1.4742 103539.9300353256
1.4742 103466.24999993
1.4742 103377.5650837199
1.4743 103281.3313578947
1.4743 103170.2879892953
1.4744 103052.4149384478
1.4745 102912.0902970562
1.4746 102748.6632711864
1.4748 102554.7314799286
1.475 102337.0627801071
1.4754 102088.0432827832
1.4757 101814.9614799286
1.4762 101510.1709429081
1.4767 101188.6065923283
1.4774 100835.3985869759
1.4782 100473.0143871543
1.4791 100094.5071677074
2.0347 101699.2257818912
2.0347 101699.2257818912
2.0347 101753.2742181088
2.0347 101790.3779838155
2.0347 101816.3710905442
2.034635632747493 101846.9323636619
2.03444496925611 101875.1331196466
2.034131666925053 101901.2301182301
2.033699383153529 101925.4801191446
2.033151775340742 101948.1398821219
2.032492500885897 101969.4661668941
2.031725217188197 101989.7157331932
2.030853581646848 102009.145340751
2.029881251661056 102028.0117492998
2.028811884630023 102046.5717185714
2.027649137952956 102065.0820082977
2.026396669029058 102083.7993782109
2.025058135257534 102102.9805880429
2.023637194037589 102122.8823975257
2.022137502768426 102143.7615663912
2.020562718849253 102165.8748543715
2.018916499679273 102189.4790211985
2.017202502657689 102214.8308266043
2.015424385183709 102242.1870303208
2.013585804656535 102271.80439208
2.011690418475372 102303.9396716139
2.009741884039426 102338.8496286545
2.0077438587479 102376.7910229338
2.0057 102418.0206141838
2.003103877714197 102472.0232042023
1.999598236677489 102544.9281292915
1.995410496591872 102631.9589509403
1.990768077159341 102728.3392306371
1.985898398081893 102829.2925298708
1.981028879061524 102930.0424101298
1.976386939800227 103025.812432903
1.9722 103111.8261596789
1.968160196731171 103194.840854931
1.963901278945489 103282.6779296824
1.959563084167073 103372.1571652456
1.955285449920046 103460.0983429336
1.95120821372853 103543.3212440589
1.947471213116645 103618.6456499342
1.944214285608514 103682.8913418725
1.941577268728259 103732.8781011862
1.9397 103765.4257091882
1.938276718263103 103787.5364933666
1.936907728237056 103808.36712431
1.935591966266167 103827.9688979815
1.934328368694742 103846.3931103446
1.933115871867089 103863.6910573624
1.931953412127515 103879.9140349983
1.930839925820327 103895.1133392155
1.929774349289832 103909.3402659774
1.928755618880337 103922.6461112472
1.92778267093615 103935.0821709882
1.926854441801578 103946.6997411637
1.925969867820927 103957.550117737
1.925127885338506 103967.6845966714
1.92432743069862 103977.1544739301
1.923567440245578 103986.0110454765
1.922846850323686 103994.3056072739
1.922164597277252 104002.0894552854
1.921519617450582 104009.4138854744
1.920910847187985 104016.3301938043
1.920337222833766 104022.8896762382
1.919797680732234 104029.1436287395
1.919291157227694 104035.1433472714
1.918816588664456 104040.9401277973
1.918372911386825 104046.5852662804
1.917959061739109 104052.130058684
1.917573976065614 104057.6258009714
1.91721659071065 104063.1237891059
1.91688584201852 104068.6753190508
1.916580666333535 104074.3316867693
1.9163 104080.1441882248
1.9161 104092.0370472792
1.915864195949796 104105.2096468537
1.915617820906621 104123.9497911956
1.915360538639739 104147.1713415283
1.915092012918413 104173.7881590752
1.914811907511907 104202.7141050597
1.914519886189487 104232.8630407052
1.914215612720413 104263.1488272352
1.913898750873951 104292.4853258732
1.913568964419365 104319.7863978424
1.913225917125917 104343.9659043663
1.912869272762873 104363.9377066684
1.912498695099495 104378.6156659721
1.912113847905048 104386.9136435007
1.911714394948795 104387.7455004778
1.9113 104380.0250981267
1.910821607866402 104351.5427668889
1.910249939023384 104295.5765800638
1.909614320741679 104219.2720131616
1.908944080292019 104129.7745416924
1.908268544945134 104034.2296411664
1.907617041971759 103939.7827870937
1.907018898642623 103853.5794549846
1.906503442228459 103782.7651203492
1.9061 103734.4852586976
1.90577300818716 103701.1666739545
1.905466362996439 103670.2431102735
1.905178581663439 103641.370453508
1.904908181423763 103614.2045895116
1.904653679513015 103588.4014041377
1.904413593166798 103563.6167832399
1.904186439620715 103539.5066126717
1.903970736110369 103515.7267782866
1.903764999871365 103491.9331659381
1.903567748139305 103467.7816614797
1.903377498149792 103442.928150765
1.903192767138431 103417.0285196475
1.903012072340823 103389.7386539806
1.902833930992573 103360.714439618
1.902656860329283 103329.611762413
1.902479377586558 103296.0865082193
1.9023 103259.7945628903
1.902117113763451 103220.9220990351
1.901930454753602 103179.9384939596
1.90174056473033 103136.9244405624
1.90154798545351 103091.9606317422
1.90135325868302 103045.1277603976
1.901156926178737 102996.5065194275
1.900959529700537 102946.1776017303
1.900761611008296 102894.2217002048
1.900563711861892 102840.7195077496
1.900366374021201 102785.7517172635
1.900170139246101 102729.399021645
1.899975549296466 102671.7421137929
1.899783145932175 102612.8616866059
1.899593470913103 102552.8384329825
1.899407065999129 102491.7530458215
1.899224472950128 102429.6862180215
1.899046233525976 102366.7186424813
1.898872889486551 102302.9310120994
1.898704982591729 102238.4040197745
1.898543054601388 102173.2183584054
1.898387647275402 102107.4547208906
1.898239302373651 102041.1938001289
1.898098561656009 101974.5162890189
1.897965966882354 101907.5028804593
1.897842059812562 101840.2342673488
1.897727382206511 101772.791142586
1.897622475824076 101705.2541990696
1.897527882425134 101637.7041296983
1.897444143769563 101570.2216273707
1.897371801617238 101502.8873849855
1.897311397728037 101435.7820954414
1.897263473861836 101368.986451637
1.897228571778511 101302.5811464711
1.897207233237941 101236.6468728422
1.8972 101171.2643236491
1.897209217885099 101104.7596036077
1.897236192296123 101035.6169138825
1.897279904366657 100964.1540920449
1.897339335230292 100890.6889756662
1.897413466020613 100815.5394023179
1.89750127787121 100739.0232095713
1.897601751915669 100661.4582349979
1.897713869287579 100583.1623161691
1.897836611120528 100504.4532906562
1.897968958548102 100425.6489960306
1.898109892703891 100347.0672698638
1.898258394721481 100269.0259497271
1.898413445734461 100191.842873192
1.898574026876418 100115.8358778298
1.898739119280941 100041.3228012119
1.898907704081616 99968.62148090979
1.899078762412032 99898.04975449477
1.899251275405777 99829.92545953827
1.899424224196437 99764.56643361169
1.899596589917603 99702.29051428642
1.899767353702859 99643.41553913387
1.899935496685796 99588.25934572543
1.9001 99537.13977163247
1.900262143651123 99489.06753905838
1.900424256217856 99442.77059737837
1.900586891693345 99398.1426249216
1.900750604070738 99355.07730001718
1.900915947343182 99313.46830099428
1.901083475503822 99273.20930618206
1.901253742545806 99234.19399390968
1.901427302462281 99196.31604250627
1.901604709246394 99159.469130301
1.90178651689129 99123.54693562302
1.901973279390118 99088.44313680148
1.902165550736024 99054.05141216551
1.902363884922154 99020.26544004428
1.902568835941656 98986.97889876697
1.902780957787676 98954.0854666627
1.903000804453361 98921.47882206063
1.903228929931859 98889.05264328991
1.903465888216314 98856.70060867969
1.903712233299876 98824.31639655912
1.903968519175689 98791.79368525736
1.904235299836902 98759.02615310356
1.904513129276661 98725.90747842689
1.904802561488112 98692.33133955648
1.905104150464403 98658.19141482149
1.90541845019868 98623.38138255104
1.905746014684091 98587.79492107434
1.906087397913781 98551.3257087205
1.906443153880898 98513.86742381871
1.906813836578589 98475.31374469808
1.9072 98435.55834968778
1.907711782764759 98414.50155649371
1.908403364694802 98423.52285283104
1.909191361586739 98449.73467204293
1.909992389237178 98480.24944747245
1.910723063442729 98502.1796124627
1.9113 98502.63760035683
1.911759714077242 98484.22529105165
1.912195065555691 98458.86303779081
1.912607187301437 98427.64098393745
1.91299721218057 98391.64927285483
1.91336627305918 98351.97804790609
1.913715502803356 98309.71745245447
1.914046034279189 98265.95762986314
1.914359000352768 98221.78872349534
1.914655533890183 98178.30087671423
1.914936767757524 98136.58423288303
1.915203834820881 98097.72893536492
1.915457867946343 98062.8251275231
1.9157 98032.96295272079
1.915886546549907 98000.06853777355
1.9161 97980.78834968778
1.916464068489228 97983.59948178132
1.91697173603144 97991.40102847399
1.917617314558897 98003.99664506828
1.918395116003857 98021.18998686667
1.91929945229858 98042.78470917161
1.920324635375326 98068.58446728555
1.921464977166355 98098.39291651093
1.922714789603927 98132.01371215025
1.9240683846203 98169.25050950596
1.925520074147736 98209.90696388054
1.927064170118493 98253.78673057642
1.928694984464831 98300.69346489607
1.93040682911901 98350.43082214198
1.932194016013291 98402.80245761656
1.934050857079931 98457.61202662233
1.935971664251191 98514.66318446174
1.937950749459332 98573.75958643721
1.939982424636612 98634.70488785124
1.942061001715292 98697.30274400629
1.94418079262763 98761.35681020482
1.946336109305887 98826.67074174926
1.948521263682322 98893.04819394212
1.950730567689196 98960.29282208584
1.952958333258767 99028.20828148286
1.955198872323296 99096.59822743569
1.957446496815043 99165.26631524677
1.959695518666266 99234.01620021855
1.961940249809226 99302.65153765352
1.964175002176182 99370.9759828541
1.966394087699395 99438.79319112278
1.968591818311123 99505.90681776204
1.970762505943627 99572.1205180743
1.972900462529166 99637.23794736205
1.975 99701.06276092774
1.977193702523292 99768.39926793544
1.979599758004526 99843.52757365086
1.982190883983444 99925.46502752892
1.984939797999789 100013.2289790245
1.987819217593302 100105.8367775927
1.990801860303726 100202.3057726882
1.993860443670803 100301.6533137661
1.996967685234276 100402.8967502812
2.000096302533886 100505.0534316885
2.003219013109375 100607.1407074429
2.006308534500485 100708.1759269994
2.00933758424696 100807.1764398128
2.012278879888541 100903.1595953381
2.01510513896497 100995.1427430302
2.017789079015989 101082.1432323441
2.020303417581342 101163.1784127346
2.022620872200769 101237.2656336567
2.024714160414012 101303.4222445653
2.026555999760815 101360.6655949153
2.028119107780919 101408.0130341617
2.029376202014067 101444.4819117594
2.0303 101469.0895771632
2.031041947994966 101484.557442484
2.031760336262354 101495.1589763582
2.032438148352616 101502.2396130297
2.033058367816209 101507.1447867423
2.033603978203584 101511.2199317399
2.034057963065197 101515.8104822662
2.034403305951502 101522.2618725651
2.034622990412951 101531.9195368803
2.0347 101546.1289094558
2.0347 101585.1773456735
2.0347 101699.2257818912
*END
