*KEYWORD
*DEFINE_CURVE_TITLE
SYNTHETIC screenshot reconstruction absolute pressure
$ LCID SIDR SFA SFO OFFA OFFO DATTYP
26 0 1.0 1.0 0.0 0.0 0
$ Not a CFD solver result; screenshot anchors plus interpolated rows.
$ X in metres; ordinate in metres or absolute pressure in Pa.
$ ABSCISSA ORDINATE
1.4791 100977.8785838537
1.479851735675113 100782.6275588977
1.480724157317516 100591.2569001816
1.481711671244822 100404.0996974785
1.482808683774642 100221.4890405619
1.48400960122459 100043.7580192051
1.485308829912277 99871.23972318124
1.486700776155315 99704.26724226373
1.488179846271316 99543.17366622588
1.489740446577894 99388.29208484097
1.491376983392658 99239.95558788227
1.493083863033223 99098.49726512314
1.4948554918172 98964.25020633683
1.496686276062202 98837.54750129666
1.498570622085839 98718.72223977592
1.500502936205726 98608.10751154795
1.502477624739473 98506.036406386
1.504489094004693 98412.84201406341
1.506531750318998 98328.85742435345
1.5086 98254.41572702944
1.51071234126088 98186.05947212847
1.512911411375217 98119.94086809379
1.515227825251226 98055.80749230787
1.517692197797119 97993.40692215317
1.52033514392111 97932.48673501216
1.523187278531413 97872.79450826732
1.52627921653624 97814.07781930112
1.529641572843804 97756.08424549607
1.53330496236232 97698.5613642346
1.5373 97641.25675289919
1.542224457603239 97582.26936846909
1.548474587033738 97521.20246032676
1.555778723222672 97460.06004445963
1.563865201101215 97400.84613685509
1.57246235560054 97345.5647535005
1.581298521651822 97296.21991038325
1.590102034186235 97254.81562349077
1.598601228134953 97223.35590881042
1.60652443842915 97203.84478232959
1.6136 97198.28626003567
1.619711731351954 97200.26155008591
1.625241775432379 97202.97744137721
1.630665953836827 97207.87632100645
1.63646008816085 97216.40057607053
1.6431 97229.99259366636
1.651076798471014 97256.28381693133
1.660411382713937 97300.33968089758
1.670874259359286 97359.75356050422
1.682235935037575 97432.11883069032
1.694266916379319 97515.02886639496
1.706737710015032 97606.07704255723
1.719418822575228 97702.8567341162
1.732080760690424 97802.96131601096
1.744494030991133 97903.9841631806
1.756429140107871 98003.51865056419
1.767656594671152 98099.15815310081
1.77794690131149 98188.49604572955
1.787070566659402 98269.12570338951
1.7947980973454 98338.64050101973
1.8009 98394.63381355933
1.8060604877428 98442.91536748386
1.811114687291474 98490.85222219872
1.816059475673645 98538.37375203778
1.820891729916942 98585.40933133486
1.825608327048989 98631.88833442378
1.830206144097412 98677.74013563842
1.834682058089838 98722.89410931259
1.839032946053892 98767.27962978013
1.843255685017201 98810.82607137486
1.847347152007389 98853.46280843063
1.851304224052085 98895.11921528127
1.855123778178912 98935.72466626063
1.858802691415497 98975.20853570255
1.862337840789467 99013.50019794084
1.865726103328447 99050.52902730937
1.868964356060062 99086.22439814195
1.87204947601194 99120.51568477243
1.874978340211706 99153.33226153463
1.877747825686985 99184.60350276242
1.880354809465405 99214.25878278961
1.88279616857459 99242.22747595001
1.885068780042167 99268.43895657752
1.887169520895762 99292.82259900594
1.889095268163 99315.30777756912
1.890842898871508 99335.82386660088
1.892409290048911 99354.30024043507
1.893791318722836 99370.66627340551
1.894985861920909 99384.85133984606
1.895989796670755 99396.78481409054
1.8968 99406.39607047279
1.897504777027824 99414.07920307416
1.898189300872436 99420.45892882778
1.898845750560009 99425.8105563452
1.899466305116718 99430.40939423795
1.900043143568734 99434.53075111759
1.90056844494223 99438.44993559562
1.901034388263381 99442.44225628357
1.901433152558359 99446.78302179299
1.901756916853336 99451.74754073541
1.901997860174487 99457.61112172238
1.902148161547984 99464.64907336542
1.9022 99473.13670427607
1.9022 99491.99666325508
1.9022 99523.54673749588
1.9022 99558.15494319894
1.9022 99586.18929656483
1.9022 99598.01781379398
1.902063682752588 99597.93346901172
1.901674558973611 99596.73800154042
1.90106237060796 99594.56257537617
1.900256859600525 99591.53835451516
1.899287767896195 99587.79650295348
1.89818483743986 99583.46818468733
1.896977810176411 99578.6845637128
1.895696428050736 99573.57680402606
1.894370433007727 99568.27606962321
1.893029566992273 99562.91352450044
1.891703571949264 99557.62033265388
1.890422189823589 99552.52765807965
1.88921516256014 99547.76666477391
1.888112232103805 99543.46851673276
1.887143140399475 99539.76437795239
1.88633762939204 99536.78541242892
1.885725441026389 99534.66278415847
1.885336317247412 99533.52765713721
1.8852 99533.51119536128
1.8852 99547.20164964061
1.8852 99585.77175471153
1.8852 99647.22940045985
1.8852 99729.58247677132
1.8852 99830.83887353171
1.8852 99949.00648062679
1.8852 100082.0931879423
1.8852 100228.1068853641
1.8852 100385.0554627779
1.8852 100550.9468100695
1.8852 100723.7888171246
1.8852 100901.5893738291
1.8852 101082.3563700686
1.8852 101264.097695729
1.8852 101444.8212406961
1.8852 101622.5348948555
1.8852 101795.2465480931
1.8852 101960.9640902947
1.8852 102117.695411346
1.8852 102263.4484011328
1.8852 102396.2309495408
1.8852 102514.0509464559
1.8852 102614.9162817638
1.8852 102696.8348453502
1.8852 102757.814527101
1.8852 102795.8632169019
1.8852 102808.9888046387
1.885336317247412 102808.2087065996
1.885725441026389 102805.954897141
1.88633762939204 102802.3571032513
1.887143140399475 102797.5450519188
1.888112232103805 102791.6484701318
1.88921516256014 102784.7970848787
1.890422189823589 102777.1206231478
1.891703571949264 102768.7488119274
1.893029566992273 102759.8113782058
1.894370433007727 102750.4380489713
1.895696428050736 102740.7585512123
1.89697781017641 102730.9026119172
1.89818483743986 102720.9999580741
1.899287767896195 102711.1803166715
1.900256859600525 102701.5734146977
1.90106237060796 102692.3089791409
1.901674558973611 102683.5167369896
1.902063682752588 102675.3264152319
1.9022 102667.8677408564
1.9022 102677.2725133809
1.9022 102709.1772859054
1.9022 102703.58205843
1.9022 102532.9868309545
1.9022 102609.891603479
1.9019 102815.5642239072
1.901473764201487 102819.9655093761
1.901008443436166 102824.6162555658
1.900502608569841 102829.5286932308
1.899954830468316 102834.7150531257
1.899363679997394 102840.1875660049
1.89872772802288 102845.9584626229
1.898045545410577 102852.0399737341
1.897315703026289 102858.444330093
1.896536771735819 102865.1837624542
1.895707322404973 102872.2705015721
1.894825925899552 102879.7167782011
1.893891153085361 102887.5348230958
1.892901574828205 102895.7368670106
1.891855761993886 102904.3351407
1.890752285448208 102913.3418749184
1.889589716056975 102922.7693004205
1.888366624685991 102932.6296479605
1.887081582201061 102942.9351482931
1.885733159467986 102953.6980321727
1.884319927352572 102964.9305303537
1.882840456720623 102976.6448735906
1.881293318437941 102988.853292638
1.87967708337033 103001.5680182503
1.877990322383595 103014.8012811819
1.876231606343539 103028.5653121874
1.874399506115967 103042.8723420212
1.872492592566681 103057.7346014379
1.870509436561485 103073.1643211918
1.868448608966184 103089.1737320375
1.866308680646582 103105.7750647294
1.864088222468481 103122.980550022
1.861785805297686 103140.8024186698
1.8594 103159.2529014273
1.856310890119993 103182.5835794291
1.852026077680947 103213.9890623988
1.846735411266738 103251.8961239745
1.840628739461238 103294.7315377943
1.833895910848323 103340.9220774962
1.826726774011868 103388.8945167182
1.819311177535746 103437.0756290985
1.811838970003832 103483.892188275
1.8045 103527.7709678858
1.796983102179752 103570.9323565907
1.788917853248729 103615.8176343699
1.780405214866018 103661.1849118424
1.771546148690704 103705.7922996272
1.762441616381872 103748.397908343
1.753192579598609 103787.7598486089
1.7439 103822.6362310437
1.734381113316402 103855.3896743957
1.72449617649311 103887.1304570358
1.714410683011617 103914.7381790168
1.704290126353417 103935.0924403917
1.6943 103945.0728412132
1.684454536143907 103948.6743305278
1.674643304480354 103950.3576712082
1.664844804744847 103947.7011840466
1.655037536672894 103938.2831898353
1.6452 103919.6820093666
1.635255526638766 103889.80979928
1.62521838519013 103850.2159329872
1.615203480422112 103803.9345564388
1.605325717102729 103753.9998155856
1.5957 103703.4458563782
1.585985082163669 103638.7125534936
1.576096917377082 103551.5422160086
1.566536211508661 103452.9226414734
1.557803670426827 103353.8416274385
1.5504 103265.2869714541
1.54442447289398 103185.2637316899
1.5395 103112.4813559322
1.535374266078023 103059.5624773655
1.531751600927163 103021.18096485
1.528353135312721 102982.4580538748
1.5249 102928.5149799286
1.521196349991472 102854.1425775279
1.517430359884018 102770.448661018
1.513899189834556 102687.0299356316
1.5109 102613.4831066013
1.508439481056489 102562.4213932113
1.506263418779224 102533.9455108526
1.504277615973714 102518.8834089177
1.502387875445469 102508.0630367991
1.5005 102492.3123438894
1.498551553226227 102473.6126228496
1.496600670041376 102458.5405430882
1.494734010243411 102444.8171191188
1.493038233630298 102430.1633654549
1.4916 102412.3002966102
1.49041576012183 102390.9523624102
1.489383971012971 102368.5534037273
1.488444301843197 102346.8885216447
1.487536421782282 102327.742817246
1.4866 102312.9013916146
1.485657573693783 102310.364078151
1.4847 102322.9826962533
1.483690195420343 102358.0458421362
1.482636678192802 102419.7901735922
1.4815 102497.7008630687
1.4802 102611.7901070473
1.4791 102729.5400669045
1.4782 102844.0527270294
1.4774 102955.4338414362
1.4767 103063.8623784567
1.4762 103169.338338091
1.4757 103264.4267997324
1.4754 103341.6033586084
1.4751 103415.8273400981
1.4748 103464.4848552632
1.4746 103502.5189596343
1.4745 103529.5798514719
1.4744 103538.1593958519
1.4743 103535.4810053524
1.4743 103524.9593210526
1.4742 103499.3400176628
1.4742 103466.249999965
1.4742 103418.15754186
1.4743 103362.5406789474
1.4743 103292.0189946476
1.4744 103214.3324692239
1.4745 103117.9201485281
1.4746 103002.4566355932
1.4748 102860.4907399643
1.475 102699.1563900535
1.4754 102510.8966413916
1.4757 102303.1057399643
1.4762 102068.2104714541
1.4767 101821.1782961641
1.4774 101547.074293488
1.4782 101268.3821935772
1.4791 100977.8785838537
2.0347 101712.7378909456
2.0347 101712.7378909456
2.0347 101739.7621090544
2.0347 101748.3652392909
2.0347 101748.8105452721
2.034635632747493 101759.1831407237
2.03444496925611 101768.9362003817
2.034131666925053 101778.1483429963
2.033699383153529 101786.8981873172
2.033151775340742 101795.2643520947
2.032492500885897 101803.3254560786
2.031725217188197 101811.1601180189
2.030853581646848 101818.8469566657
2.029881251661056 101826.464590769
2.028811884630023 101834.0916390787
2.027649137952956 101841.8067203449
2.026396669029058 101849.6884533175
2.025058135257534 101857.8154567466
2.023637194037589 101866.2663493822
2.022137502768426 101875.1197499741
2.020562718849253 101884.4542772726
2.018916499679273 101894.3485500274
2.017202502657689 101904.8811869887
2.015424385183709 101916.1308069065
2.013585804656535 101928.1760285307
2.011690418475372 101941.0954706113
2.009741884039426 101954.9677518984
2.0077438587479 101969.8714911419
2.0057 101985.8853070919
2.003103877714197 102005.9777829682
1.999598236677489 102032.108015452
1.995410496591872 102062.8403934847
1.990768077159341 102096.7393060081
1.985898398081893 102132.3691419637
1.981028879061524 102168.294290293
1.976386939800227 102203.0791399377
1.9722 102235.2880798394
1.968160196731171 102267.6026975717
1.963901278945489 102302.6349386683
1.959563084167073 102338.8447290106
1.955285449920046 102374.6919944803
1.95120821372853 102408.6366609589
1.947471213116645 102439.138654328
1.944214285608514 102464.6579004692
1.941577268728259 102483.654325264
1.9397 102494.5878545941
1.938276718263103 102500.6454573095
1.936907728237056 102506.0657158552
1.935591966266167 102510.885976505
1.934328368694742 102515.1435855328
1.933115871867089 102518.8758892125
1.931953412127515 102522.1202338179
1.930839925820327 102524.913965623
1.929774349289832 102527.2944309014
1.928755618880337 102529.2989759272
1.92778267093615 102530.9649469742
1.926854441801578 102532.3296903162
1.925969867820927 102533.4305522271
1.925127885338506 102534.3048789809
1.92432743069862 102534.9900168512
1.923567440245578 102535.5233121121
1.922846850323686 102535.9421110373
1.922164597277252 102536.2837599008
1.921519617450582 102536.5856049763
1.920910847187985 102536.8849925378
1.920337222833766 102537.2192688591
1.919797680732234 102537.6257802141
1.919291157227694 102538.1418728767
1.918816588664456 102538.8048931206
1.918372911386825 102539.6521872199
1.917959061739109 102540.7211014483
1.917573976065614 102542.0489820796
1.91721659071065 102543.6731753879
1.91688584201852 102545.6310276468
1.916580666333535 102547.9598851304
1.9163 102550.6970941124
1.9161 102560.3935236396
1.915864195949796 102573.8314880106
1.915617820906621 102593.35667772
1.915360538639739 102617.8663804588
1.915092012918413 102646.2578839177
1.914811907511907 102677.4284757876
1.914519886189487 102710.2754437591
1.914215612720413 102743.6960755232
1.913898750873951 102776.5876587707
1.913568964419365 102807.8474811922
1.913225917125917 102836.3728304787
1.912869272762873 102861.0609943209
1.912498695099495 102880.8092604097
1.912113847905048 102894.5149164358
1.911714394948795 102901.0752500901
1.9113 102899.3875490633
1.910821607866402 102880.2595521687
1.910249939023384 102839.1797509373
1.909614320741679 102782.0665621363
1.908944080292019 102714.8384025334
1.908268544945134 102643.4136888959
1.907617041971759 102573.7108379913
1.907018898642623 102511.6482665869
1.906503442228459 102463.1443914503
1.9061 102434.1176293488
1.90577300818716 102417.5963097476
1.905466362996439 102402.5269288042
1.905178581663439 102388.7051533241
1.904908181423763 102375.9266501132
1.904653679513015 102363.987085977
1.904413593166798 102352.6821277213
1.904186439620715 102341.8074421517
1.903970736110369 102331.158696074
1.903764999871365 102320.5315562937
1.903567748139305 102309.7216896167
1.903377498149792 102298.5247628486
1.903192767138431 102286.7364427951
1.903012072340823 102274.1523962618
1.902833930992573 102260.5682900545
1.902656860329283 102245.7797909788
1.902479377586558 102229.5825658405
1.9023 102211.7722814451
1.902117113763451 102192.543298314
1.901930454753602 102172.253082974
1.90174056473033 102150.9419612394
1.90154798545351 102128.6502589244
1.90135325868302 102105.4183018432
1.901156926178737 102081.2864158101
1.900959529700537 102056.2949266394
1.900761611008296 102030.4841601453
1.900563711861892 102003.8944421421
1.900366374021201 101976.5660984439
1.900170139246101 101948.5394548652
1.899975549296466 101919.8548372199
1.899783145932175 101890.5525713226
1.899593470913103 101860.6729829873
1.899407065999129 101830.2563980284
1.899224472950128 101799.3431422601
1.899046233525976 101767.9735414966
1.898872889486551 101736.1879215522
1.898704982591729 101704.0266082412
1.898543054601388 101671.5299273777
1.898387647275402 101638.738204776
1.898239302373651 101605.6917662505
1.898098561656009 101572.4309376153
1.897965966882354 101538.9960446846
1.897842059812562 101505.4274132728
1.897727382206511 101471.765369194
1.897622475824076 101438.0502382626
1.897527882425134 101404.3223462927
1.897444143769563 101370.6220190987
1.897371801617238 101336.9895824947
1.897311397728037 101303.465362295
1.897263473861836 101270.0896843139
1.897228571778511 101236.9028743657
1.897207233237941 101203.9452582644
1.8972 101171.2571618245
1.897209217885099 101137.9779645497
1.897236192296123 101103.3284096628
1.897279904366657 101067.4708685571
1.897339335230292 101030.5677126255
1.897413466020613 100992.7813132613
1.89750127787121 100954.2740418573
1.897601751915669 100915.2082698067
1.897713869287579 100875.7463685027
1.897836611120528 100836.0507093382
1.897968958548102 100796.2836637064
1.898109892703891 100756.6076030003
1.898258394721481 100717.184898613
1.898413445734461 100678.1779219377
1.898574026876418 100639.7490443673
1.898739119280941 100602.060637295
1.898907704081616 100565.2750721138
1.899078762412032 100529.5547202169
1.899251275405777 100495.0619529972
1.899424224196437 100461.9591418479
1.899596589917603 100430.4086581621
1.899767353702859 100400.5728733328
1.899935496685796 100372.6141587532
1.9001 100346.6948858162
1.900262143651123 100322.2971320255
1.900424256217856 100298.7610744256
1.900586891693345 100276.0362337206
1.900750604070738 100254.0721306152
1.900915947343182 100232.8182858136
1.901083475503822 100212.2242200202
1.901253742545806 100192.2394539394
1.901427302462281 100172.8135082756
1.901604709246394 100153.8959037332
1.90178651689129 100135.4361610165
1.901973279390118 100117.38380083
1.902165550736024 100099.688343878
1.902363884922154 100082.299310865
1.902568835941656 100065.1662224952
1.902780957787676 100048.2385994731
1.903000804453361 100031.465962503
1.903228929931859 100014.7978322894
1.903465888216314 99998.1837295367
1.903712233299876 99981.57317494914
1.903968519175689 99964.91568923119
1.904235299836902 99948.16079308721
1.904513129276661 99931.25800722162
1.904802561488112 99914.15685233875
1.905104150464403 99896.80684914303
1.90541845019868 99879.1575183388
1.905746014684091 99861.1583806305
1.906087397913781 99842.75895672245
1.906443153880898 99823.9087673191
1.906813836578589 99804.55733312477
1.9072 99784.65417484389
1.907711782764759 99786.34800046906
1.908403364694802 99821.41420419329
1.909191361586739 99874.24233602147
1.909992389237178 99929.22194595844
1.910723063442729 99970.74258400913
1.9113 99983.19380017841
1.911759714077242 99971.85088276687
1.912195065555691 99953.10929607711
1.912607187301437 99928.03885411688
1.91299721218057 99897.70937089404
1.91336627305918 99863.19066041638
1.913715502803356 99825.55253669176
1.914046034279189 99785.86481372794
1.914359000352768 99745.1973055328
1.914655533890183 99704.61982611411
1.914936767757524 99665.20218947972
1.915203834820881 99628.01420963742
1.915457867946343 99594.12570059505
1.9157 99564.60647636039
1.915886546549907 99531.66202174159
1.9161 99512.2691748439
1.916464068489228 99513.93104837991
1.91697173603144 99518.58737086301
1.917617314558897 99526.11990994794
1.918395116003857 99536.41043328952
1.91929945229858 99549.34070854247
1.920324635375326 99564.79250336153
1.921464977166355 99582.64758540149
1.922714789603927 99602.78772231708
1.9240683846203 99625.09468176306
1.925520074147736 99649.45023139424
1.927064170118493 99675.73613886532
1.928694984464831 99703.83417183108
1.93040682911901 99733.6260979463
1.932194016013291 99764.99368486568
1.934050857079931 99797.81870024404
1.935971664251191 99831.98291173612
1.937950749459332 99867.36808699668
1.939982424636612 99903.85599368045
1.942061001715292 99941.32839944222
1.94418079262763 99979.66707193675
1.946336109305887 100018.7537788188
1.948521263682322 100058.4702877431
1.950730567689196 100098.6983663644
1.952958333258767 100139.3197823375
1.955198872323296 100180.2163033172
1.957446496815043 100221.2696969582
1.959695518666266 100262.3617309152
1.961940249809226 100303.374172843
1.964175002176182 100344.1887903965
1.966394087699395 100384.6873512302
1.968591818311123 100424.7516229991
1.970762505943627 100464.2633733578
1.972900462529166 100503.1043699612
1.975 100541.1563804639
1.977193702523292 100581.3394188213
1.979599758004526 100626.250899114
1.982190883983444 100675.2886891842
1.984939797999789 100727.8506568743
1.987819217593302 100783.3346700266
1.990801860303726 100841.1385964836
1.993860443670803 100900.6603040875
1.996967685234276 100961.2976606807
2.000096302533886 101022.4485341056
2.003219013109375 101083.5107922045
2.006308534500485 101143.8823028198
2.00933758424696 101202.9609337938
2.012278879888541 101260.1445529689
2.01510513896497 101314.8310281874
2.017789079015989 101366.4182272917
2.020303417581342 101414.3040181242
2.022620872200769 101457.8862685271
2.024714160414012 101496.5628463429
2.026555999760815 101529.7316194139
2.028119107780919 101556.7904555824
2.029376202014067 101577.1372226909
2.0303 101590.1697885816
2.031041947994966 101597.7137299531
2.031760336262354 101602.4469260752
2.032438148352616 101605.0456986479
2.033058367816209 101606.1863693707
2.033603978203584 101606.5452599434
2.034057963065197 101606.7986920658
2.034403305951502 101607.6229874375
2.034622990412951 101609.6944677583
2.0347 101613.6894547279
2.0347 101625.7136728367
2.0347 101712.7378909456
*END
