*KEYWORD
*DEFINE_CURVE_TITLE
SYNTHETIC screenshot reconstruction absolute pressure
$ LCID SIDR SFA SFO OFFA OFFO DATTYP
26 0 1.0 1.0 0.0 0.0 0
$ Not a CFD solver result; screenshot anchors plus interpolated rows.
$ X in metres; ordinate in metres or absolute pressure in Pa.
$ ABSCISSA ORDINATE
1.4791 100891.0982298171
1.479851735675113 100647.0344486221
1.480724157317516 100407.8211252269
1.481711671244822 100173.8746218482
1.482808683774642 99945.61130070241
1.48400960122459 99723.44752400633
1.485308829912277 99507.79965397654
1.486700776155315 99299.08405282967
1.488179846271316 99097.71708278236
1.489740446577894 98904.11510605121
1.491376983392658 98718.69448485284
1.493083863033223 98541.87158140393
1.4948554918172 98374.06275792104
1.496686276062202 98215.68437662082
1.498570622085839 98067.1527997199
1.500502936205726 97928.88438943493
1.502477624739473 97801.2955079825
1.504489094004693 97684.80251757926
1.506531750318998 97579.82178044181
1.5086 97486.7696587868
1.51071234126088 97401.3243401606
1.512911411375217 97318.67608511724
1.515227825251226 97238.50936538485
1.517692197797119 97160.50865269145
1.52033514392111 97084.3584187652
1.523187278531413 97009.74313533415
1.52627921653624 96936.34727412641
1.529641572843804 96863.85530687009
1.53330496236232 96791.95170529325
1.5373 96720.32094112399
1.542224457603239 96646.58671058637
1.548474587033738 96570.25307540846
1.555778723222672 96493.82505557455
1.563865201101215 96419.80767106886
1.57246235560054 96350.70594187563
1.581298521651822 96289.02488797907
1.590102034186235 96237.26952936346
1.598601228134953 96197.94488601302
1.60652443842915 96173.55597791198
1.6136 96166.6078250446
1.619711731351954 96169.07693760739
1.625241775432379 96172.47180172151
1.630665953836827 96178.59540125806
1.63646008816085 96189.25072008818
1.6431 96206.24074208295
1.651076798471014 96239.10477116417
1.660411382713937 96294.17460112198
1.670874259359286 96368.44195063028
1.682235935037575 96458.89853836289
1.694266916379319 96562.5360829937
1.706737710015032 96676.34630319654
1.719418822575228 96797.32091764525
1.732080760690424 96922.4516450137
1.744494030991133 97048.73020397575
1.756429140107871 97173.14831320525
1.767656594671152 97292.69769137602
1.77794690131149 97404.37005716194
1.787070566659402 97505.15712923689
1.7947980973454 97592.05062627466
1.8009 97662.04226694915
1.8060604877428 97722.39420935481
1.811114687291474 97782.31527774841
1.816059475673645 97841.71719004722
1.820891729916942 97900.51166416857
1.825608327048989 97958.61041802974
1.830206144097412 98015.92516954803
1.834682058089838 98072.36763664075
1.839032946053892 98127.84953722515
1.843255685017201 98182.28258921856
1.847347152007389 98235.57851053828
1.851304224052085 98287.64901910159
1.855123778178912 98338.40583282578
1.858802691415497 98387.76066962819
1.862337840789467 98435.62524742605
1.865726103328447 98481.91128413672
1.868964356060062 98526.53049767744
1.87204947601194 98569.39460596553
1.874978340211706 98610.41532691829
1.877747825686985 98649.50437845303
1.880354809465405 98686.573478487
1.88279616857459 98721.53434493752
1.885068780042167 98754.29869572191
1.887169520895762 98784.77824875743
1.889095268163 98812.88472196141
1.890842898871508 98838.52983325112
1.892409290048911 98861.62530054383
1.893791318722836 98882.0828417569
1.894985861920909 98899.81417480757
1.895989796670755 98914.73101761319
1.8968 98926.74508809099
1.897504777027824 98936.3490038427
1.898189300872436 98944.32366103472
1.898845750560009 98951.0131954315
1.899466305116718 98956.76174279745
1.900043143568734 98961.913438897
1.90056844494223 98966.81241949453
1.901034388263381 98971.80282035447
1.901433152558359 98977.22877724124
1.901756916853336 98983.43442591926
1.901997860174487 98990.76390215298
1.902148161547984 98999.56134170677
1.9022 99010.17088034509
1.9022 99033.74582906885
1.9022 99073.18342186985
1.9022 99116.44367899868
1.9022 99151.48662070604
1.9022 99166.27226724249
1.902063682752588 99166.16683626466
1.901674558973611 99164.67250192552
1.90106237060796 99161.9532192202
1.900256859600525 99158.17294314395
1.899287767896195 99153.49562869185
1.89818483743986 99148.08523085916
1.896977810176411 99142.105704641
1.895696428050736 99135.72100503257
1.894370433007727 99129.09508702903
1.893029566992273 99122.39190562555
1.891703571949264 99115.77541581735
1.890422189823589 99109.40957259956
1.88921516256014 99103.45833096738
1.888112232103805 99098.08564591594
1.887143140399475 99093.45547244049
1.88633762939204 99089.73176553614
1.885725441026389 99087.07848019809
1.885336317247412 99085.65957142152
1.8852 99085.63899420161
1.8852 99102.75206205076
1.8852 99150.96469338943
1.8852 99227.78675057483
1.8852 99330.72809596414
1.8852 99457.29859191463
1.8852 99605.00810078348
1.8852 99771.36648492792
1.8852 99953.88360670515
1.8852 100150.0693284724
1.8852 100357.4335125869
1.8852 100573.4860214058
1.8852 100795.7367172863
1.8852 101021.6954625858
1.8852 101248.8721196613
1.8852 101474.7765508701
1.8852 101696.9186185694
1.8852 101912.8081851164
1.8852 102119.9551128684
1.8852 102315.8692641825
1.8852 102498.060501416
1.8852 102664.038686926
1.8852 102811.3136830698
1.8852 102937.3953522047
1.8852 103039.7935566878
1.8852 103116.0181588763
1.8852 103163.5790211274
1.8852 103179.9860057984
1.885336317247412 103179.0108832494
1.885725441026389 103176.1936214262
1.88633762939204 103171.6963790641
1.887143140399475 103165.6813148985
1.888112232103805 103158.3105876648
1.88921516256014 103149.7463560984
1.890422189823589 103140.1507789347
1.891703571949264 103129.6860149092
1.893029566992273 103118.5142227572
1.894370433007727 103106.7975612142
1.895696428050736 103094.6981890154
1.89697781017641 103082.3782648965
1.89818483743986 103069.9999475927
1.899287767896195 103057.7253958394
1.900256859600525 103045.7167683721
1.90106237060796 103034.1362239261
1.901674558973611 103023.145921237
1.902063682752588 103012.9080190399
1.9022 103003.5846760705
1.9022 103015.3406417261
1.9022 103055.2216073818
1.9022 103048.2275730375
1.9022 102834.9835386931
1.9022 102931.1145043488
1.9019 103188.205279884
1.901473764201487 103193.7068867201
1.901008443436166 103199.5203194572
1.900502608569841 103205.6608665385
1.899954830468316 103212.1438164071
1.899363679997394 103218.9844575061
1.89872772802288 103226.1980782786
1.898045545410577 103233.7999671676
1.897315703026289 103241.8054126163
1.896536771735819 103250.2297030678
1.895707322404973 103259.0881269651
1.894825925899552 103268.3959727514
1.893891153085361 103278.1685288697
1.892901574828205 103288.4210837632
1.891855761993886 103299.168925875
1.890752285448208 103310.4273436481
1.889589716056975 103322.2116255256
1.888366624685991 103334.5370599507
1.887081582201061 103347.4189353664
1.885733159467986 103360.8725402158
1.884319927352572 103374.9131629421
1.882840456720623 103389.5560919883
1.881293318437941 103404.8166157975
1.87967708337033 103420.7100228129
1.877990322383595 103437.2516014774
1.876231606343539 103454.4566402343
1.874399506115967 103472.3404275266
1.872492592566681 103490.9182517974
1.870509436561485 103510.2054014897
1.868448608966184 103530.2171650468
1.866308680646582 103550.9688309117
1.864088222468481 103572.4756875275
1.861785805297686 103594.7530233373
1.8594 103617.8161267841
1.856310890119993 103646.9794742863
1.852026077680947 103686.2363279985
1.846735411266738 103733.6201549681
1.840628739461238 103787.1644222429
1.833895910848323 103844.9025968702
1.826726774011868 103904.8681458978
1.819311177535746 103965.0945363731
1.811838970003832 104023.6152353437
1.8045 104078.4637098573
1.796983102179752 104132.4154457384
1.788917853248729 104188.5220429624
1.780405214866018 104245.2311398031
1.771546148690704 104300.9903745339
1.762441616381872 104354.2473854287
1.753192579598609 104403.4498107611
1.7439 104447.0452888046
1.734381113316402 104487.9870929947
1.72449617649311 104527.6630712948
1.714410683011617 104562.172723771
1.704290126353417 104587.6155504896
1.6943 104600.0910515165
1.684454536143907 104604.5929131598
1.674643304480354 104606.6970890103
1.664844804744847 104603.3764800583
1.655037536672894 104591.6039872942
1.6452 104568.3525117083
1.635255526638766 104531.0122491
1.62521838519013 104481.519916234
1.615203480422112 104423.6681955485
1.605325717102729 104361.249769482
1.5957 104298.0573204728
1.585985082163669 104217.1406918671
1.576096917377082 104108.1777700107
1.566536211508661 103984.9033018418
1.557803670426827 103861.0520342981
1.5504 103750.3587143176
1.54442447289398 103650.3296646123
1.5395 103559.3516949153
1.535374266078023 103493.2030967069
1.531751600927163 103445.2262060625
1.528353135312721 103396.8225673434
1.5249 103329.3937249108
1.521196349991472 103236.4282219099
1.517430359884018 103131.8108262726
1.513899189834556 103027.5374195395
1.5109 102935.6038832516
1.508439481056489 102871.7767415141
1.506263418779224 102836.1818885657
1.504277615973714 102817.3542611471
1.502387875445469 102803.8287959989
1.5005 102784.1404298617
1.498551553226227 102760.765778562
1.496600670041376 102741.9256788603
1.494734010243411 102724.7713988985
1.493038233630298 102706.4542068186
1.4916 102684.1253707627
1.49041576012183 102657.4404530128
1.489383971012971 102629.4417546591
1.488444301843197 102602.3606520559
1.487536421782282 102578.4285215575
1.4866 102559.8767395183
1.485657573693783 102556.7050976887
1.4847 102572.4783703167
1.483690195420343 102616.3073026702
1.482636678192802 102693.4877169902
1.4815 102790.8760788359
1.4802 102933.4876338091
1.4791 103080.6750836307
1.4782 103223.8159087868
1.4774 103363.0423017953
1.4767 103498.5779730709
1.4762 103630.4229226137
1.4757 103749.2834996655
1.4754 103845.7541982605
1.4751 103938.5341751227
1.4748 103999.3560690789
1.4746 104046.8986995428
1.4745 104080.7248143399
1.4744 104091.4492448149
1.4743 104088.1012566905
1.4743 104074.9491513158
1.4742 104042.9250220785
1.4742 104001.5624999562
1.4742 103941.4469273249
1.4743 103871.9258486842
1.4743 103783.7737433095
1.4744 103686.6655865299
1.4745 103566.1501856601
1.4746 103421.8207944915
1.4748 103244.3634249554
1.475 103042.6954875669
1.4754 102807.3708017395
1.4757 102547.6321749554
1.4762 102254.0130893176
1.4767 101945.2228702052
1.4774 101602.59286686
1.4782 101254.2277419715
1.4791 100891.0982298171
2.0347 101809.672363682
2.0347 101809.672363682
2.0347 101843.452636318
2.0347 101854.2065491136
2.0347 101854.7631815901
2.034635632747493 101867.7289259046
2.03444496925611 101879.9202504772
2.034131666925053 101891.4354287453
2.033699383153529 101902.3727341465
2.033151775340742 101912.8304401183
2.032492500885897 101922.9068200982
2.031725217188197 101932.7001475237
2.030853581646848 101942.3086958322
2.029881251661056 101951.8307384613
2.028811884630023 101961.3645488484
2.027649137952956 101971.0084004312
2.026396669029058 101980.8605666469
2.025058135257534 101991.0193209333
2.023637194037589 102001.5829367277
2.022137502768426 102012.6496874677
2.020562718849253 102024.3178465907
2.018916499679273 102036.6856875343
2.017202502657689 102049.8514837359
2.015424385183709 102063.9135086331
2.013585804656535 102078.9700356634
2.011690418475372 102095.1193382642
2.009741884039426 102112.459689873
2.0077438587479 102131.0893639274
2.0057 102151.1066338649
2.003103877714197 102176.2222287103
1.999598236677489 102208.885019315
1.995410496591872 102247.3004918559
1.990768077159341 102289.6741325101
1.985898398081893 102334.2114274546
1.981028879061524 102379.1178628663
1.976386939800227 102422.5989249222
1.9722 102462.8600997993
1.968160196731171 102503.2533719647
1.963901278945489 102547.0436733353
1.959563084167073 102592.3059112632
1.955285449920046 102637.1149931003
1.95120821372853 102679.5458261986
1.947471213116645 102717.67331791
1.944214285608514 102749.5723755865
1.941577268728259 102773.3179065801
1.9397 102786.9848182426
1.938276718263103 102794.5568216369
1.936907728237056 102801.332144819
1.935591966266167 102807.3574706312
1.934328368694742 102812.679481916
1.933115871867089 102817.3448615156
1.931953412127515 102821.4002922724
1.930839925820327 102824.8924570287
1.929774349289832 102827.8680386268
1.928755618880337 102830.373719909
1.92778267093615 102832.4561837177
1.926854441801578 102834.1621128953
1.925969867820927 102835.5381902839
1.925127885338506 102836.6310987261
1.92432743069862 102837.487521064
1.923567440245578 102838.1541401401
1.922846850323686 102838.6776387966
1.922164597277252 102839.1046998759
1.921519617450582 102839.4820062204
1.920910847187985 102839.8562406723
1.920337222833766 102840.2740860739
1.919797680732234 102840.7822252677
1.919291157227694 102841.4273410959
1.918816588664456 102842.2561164008
1.918372911386825 102843.3152340248
1.917959061739109 102844.6513768103
1.917573976065614 102846.3112275995
1.91721659071065 102848.3414692348
1.91688584201852 102850.7887845585
1.916580666333535 102853.699856413
1.9163 102857.1213676405
1.9161 102869.2419045495
1.915864195949796 102886.0393600132
1.915617820906621 102910.4458471501
1.915360538639739 102941.0829755735
1.915092012918413 102976.5723548972
1.914811907511907 103015.5355947345
1.914519886189487 103056.5943046989
1.914215612720413 103098.370094404
1.913898750873951 103139.4845734633
1.913568964419365 103178.5593514903
1.913225917125917 103214.2160380984
1.912869272762873 103245.0762429012
1.912498695099495 103269.7615755121
1.912113847905048 103286.8936455448
1.911714394948795 103295.0940626126
1.9113 103292.9844363292
1.910821607866402 103269.0744402109
1.910249939023384 103217.7246886716
1.909614320741679 103146.3332026704
1.908944080292019 103062.2980031668
1.908268544945134 102973.0171111199
1.907617041971759 102885.8885474891
1.907018898642623 102808.3103332337
1.906503442228459 102747.6804893129
1.9061 102711.397036686
1.90577300818716 102690.7453871846
1.905466362996439 102671.9086610052
1.905178581663439 102654.6314416552
1.904908181423763 102638.6583126415
1.904653679513015 102623.7338574713
1.904413593166798 102609.6026596516
1.904186439620715 102596.0093026896
1.903970736110369 102582.6983700924
1.903764999871365 102569.4144453672
1.903567748139305 102555.9021120209
1.903377498149792 102541.9059535608
1.903192767138431 102527.1705534938
1.903012072340823 102511.4404953272
1.902833930992573 102494.4603625681
1.902656860329283 102475.9747387235
1.902479377586558 102455.7282073006
1.9023 102433.4653518064
1.902117113763451 102409.4291228925
1.901930454753602 102384.0663537175
1.90174056473033 102357.4274515492
1.90154798545351 102329.5628236555
1.90135325868302 102300.522877304
1.901156926178737 102270.3580197627
1.900959529700537 102239.1186582993
1.900761611008296 102206.8552001817
1.900563711861892 102173.6180526776
1.900366374021201 102139.4576230549
1.900170139246101 102104.4243185814
1.899975549296466 102068.5685465249
1.899783145932175 102031.9407141532
1.899593470913103 101994.5912287342
1.899407065999129 101956.5704975355
1.899224472950128 101917.9289278251
1.899046233525976 101878.7169268708
1.898872889486551 101838.9849019403
1.898704982591729 101798.7832603014
1.898543054601388 101758.1624092221
1.898387647275402 101717.17275597
1.898239302373651 101675.8647078131
1.898098561656009 101634.2886720191
1.897965966882354 101592.4950558557
1.897842059812562 101550.5342665909
1.897727382206511 101508.4567114925
1.897622475824076 101466.3127978282
1.897527882425134 101424.1529328659
1.897444143769563 101382.0275238733
1.897371801617238 101339.9869781184
1.897311397728037 101298.0817028688
1.897263473861836 101256.3621053924
1.897228571778511 101214.8785929571
1.897207233237941 101173.6815728306
1.8972 101132.8214522807
1.897209217885099 101091.2224556871
1.897236192296123 101047.9105120786
1.897279904366657 101003.0885856964
1.897339335230292 100956.9596407819
1.897413466020613 100909.7266415765
1.89750127787121 100861.5925523216
1.897601751915669 100812.7603372584
1.897713869287579 100763.4329606283
1.897836611120528 100713.8133866727
1.897968958548102 100664.104579633
1.898109892703891 100614.5095037504
1.898258394721481 100565.2311232663
1.898413445734461 100516.4724024221
1.898574026876418 100468.4363054591
1.898739119280941 100421.3257966187
1.898907704081616 100375.3438401422
1.899078762412032 100330.6934002711
1.899251275405777 100287.5774412465
1.899424224196437 100246.1989273099
1.899596589917603 100206.7608227026
1.899767353702859 100169.4660916661
1.899935496685796 100134.5176984415
1.9001 100102.1186072703
1.900262143651123 100071.6214150319
1.900424256217856 100042.2013430319
1.900586891693345 100013.7952921508
1.900750604070738 99986.34016326896
1.900915947343182 99959.77285726694
1.901083475503822 99934.03027502522
1.901253742545806 99909.04931742423
1.901427302462281 99884.76688534449
1.901604709246394 99861.11987966648
1.90178651689129 99838.04520127065
1.901973279390118 99815.47975103752
1.902165550736024 99793.36042984754
1.902363884922154 99771.62413858119
1.902568835941656 99750.20777811897
1.902780957787676 99729.04824934136
1.903000804453361 99708.08245312882
1.903228929931859 99687.24729036182
1.903465888216314 99666.47966192086
1.903712233299876 99645.71646868643
1.903968519175689 99624.89461153898
1.904235299836902 99603.95099135902
1.904513129276661 99582.82250902701
1.904802561488112 99561.44606542343
1.905104150464403 99539.75856142878
1.90541845019868 99517.69689792351
1.905746014684091 99495.19797578812
1.906087397913781 99472.19869590308
1.906443153880898 99448.63595914887
1.906813836578589 99424.44666640597
1.9072 99399.56771855486
1.907711782764759 99401.68500058634
1.908403364694802 99445.51775524161
1.909191361586739 99511.55292002684
1.909992389237178 99580.27743244806
1.910723063442729 99632.17823001141
1.9113 99647.74225022302
1.911759714077242 99633.56360345859
1.912195065555691 99610.13662009638
1.912607187301437 99578.7985676461
1.91299721218057 99540.88671361755
1.91336627305918 99497.73832552048
1.913715502803356 99450.69067086469
1.914046034279189 99401.08101715993
1.914359000352768 99350.246631916
1.914655533890183 99299.52478264265
1.914936767757524 99250.25273684965
1.915203834820881 99203.76776204677
1.915457867946343 99161.4071257438
1.9157 99124.5080954505
1.915886546549907 99083.327527177
1.9161 99059.08646855486
1.916464068489228 99061.16381047489
1.91697173603144 99066.98421357876
1.917617314558897 99076.39988743493
1.918395116003857 99089.26304161191
1.91929945229858 99105.42588567809
1.920324635375326 99124.74062920193
1.921464977166355 99147.05948175186
1.922714789603927 99172.23465289635
1.9240683846203 99200.11835220383
1.925520074147736 99230.5627892428
1.927064170118493 99263.42017358165
1.928694984464831 99298.54271478885
1.93040682911901 99335.78262243286
1.932194016013291 99374.99210608211
1.934050857079931 99416.02337530504
1.935971664251191 99458.72863967015
1.937950749459332 99502.96010874584
1.939982424636612 99548.56999210057
1.942061001715292 99595.41049930277
1.94418079262763 99643.33383992095
1.946336109305887 99692.19222352348
1.948521263682322 99741.83785967885
1.950730567689196 99792.12295795554
1.952958333258767 99842.89972792192
1.955198872323296 99894.0203791465
1.957446496815043 99945.33712119771
1.959695518666266 99996.70216364399
1.961940249809226 100047.9677160538
1.964175002176182 100098.9859879956
1.966394087699395 100149.6091890378
1.968591818311123 100199.6895287489
1.970762505943627 100249.0792166973
1.972900462529166 100297.6304624514
1.975 100345.1954755798
1.977193702523292 100395.4242735267
1.979599758004526 100451.5636238925
1.982190883983444 100512.8608614802
1.984939797999789 100578.5633210928
1.987819217593302 100647.9183375333
1.990801860303726 100720.1732456045
1.993860443670803 100794.5753801093
1.996967685234276 100870.3720758509
2.000096302533886 100946.810667632
2.003219013109375 101023.1384902556
2.006308534500485 101098.6028785247
2.00933758424696 101172.4511672422
2.012278879888541 101243.9306912111
2.01510513896497 101312.2887852342
2.017789079015989 101376.7727841146
2.020303417581342 101436.6300226552
2.022620872200769 101491.1078356589
2.024714160414012 101539.4535579286
2.026555999760815 101580.9145242673
2.028119107780919 101614.738069478
2.029376202014067 101640.1715283636
2.0303 101656.462235727
2.031041947994966 101665.8921624413
2.031760336262354 101671.8086575941
2.032438148352616 101675.0571233098
2.033058367816209 101676.4829617134
2.033603978203584 101676.9315749293
2.034057963065197 101677.2483650822
2.034403305951502 101678.2787342969
2.034622990412951 101680.8680846979
2.0347 101685.8618184099
2.0347 101700.8920910459
2.0347 101809.672363682
*END
